2.651267453235224991e+01
2.619017381870744643e+01
2.694544665915249126e+01
2.686237355853372222e+01
2.576544619495519939e+01
2.310275649620373528e+01
2.461177696101113810e+01
2.559239808312172570e+01
2.634398504439045396e+01
2.584927716292141753e+01
2.752498179224297559e+01
2.280622291921250167e+01
2.627088092940923403e+01
2.490737313216222759e+01
2.267904217916889209e+01
2.332622349478011969e+01
2.568003059445507219e+01
2.311635165634589484e+01
2.697212651629262226e+01
2.483574971907925999e+01
2.664611652996299540e+01
2.631358565768805846e+01
2.642395521293785521e+01
2.744501587610626814e+01
2.584368021241886026e+01
