-5.000000000000000000e+04 0.000000000000000000e+00 0.000000000000000000e+00
-4.990000000000000000e+04 4.233327999999999744e-03 3.822488000000000128e-07
-4.980000000000000000e+04 8.474337000000000189e-03 6.090677000000000402e-06
-4.970000000000000000e+04 1.272086000000000050e-02 1.142346999999999957e-05
-4.960000000000000000e+04 1.697109999999999938e-02 1.622746000000000065e-05
-4.950000000000000000e+04 2.122390000000000040e-02 2.013651000000000010e-05
-4.940000000000000000e+04 2.547848000000000127e-02 2.326069999999999906e-05
-4.930000000000000000e+04 2.973427000000000014e-02 2.566837999999999835e-05
-4.920000000000000000e+04 3.399088000000000109e-02 2.744638000000000064e-05
-4.910000000000000000e+04 3.824800999999999895e-02 2.869650999999999946e-05
-4.900000000000000000e+04 4.250546999999999659e-02 2.951617999999999901e-05
-4.890000000000000000e+04 4.676306999999999686e-02 2.999246999999999916e-05
-4.880000000000000000e+04 5.102069000000000049e-02 3.020020999999999998e-05
-4.870000000000000000e+04 5.527822999999999765e-02 3.020183999999999881e-05
-4.860000000000000000e+04 5.953560000000000102e-02 3.004818000000000002e-05
-4.850000000000000000e+04 6.379271000000000247e-02 2.977974999999999893e-05
-4.840000000000000000e+04 6.804952000000000223e-02 2.942816999999999848e-05
-4.830000000000000000e+04 7.230593999999999910e-02 2.901760999999999880e-05
-4.820000000000000000e+04 7.656193000000000026e-02 2.856624000000000045e-05
-4.810000000000000000e+04 8.081744000000000427e-02 2.808738000000000009e-05
-4.800000000000000000e+04 8.507241999999999582e-02 2.759062000000000114e-05
-4.790000000000000000e+04 8.932682000000000122e-02 2.708266999999999866e-05
-4.780000000000000000e+04 9.358059999999999989e-02 2.656808999999999994e-05
-4.770000000000000000e+04 9.783371000000000428e-02 2.604985999999999999e-05
-4.760000000000000000e+04 1.020860999999999991e-01 2.552986000000000158e-05
-4.750000000000000000e+04 1.063377999999999962e-01 2.500915000000000093e-05
-4.740000000000000000e+04 1.105886999999999981e-01 2.448827999999999926e-05
-4.730000000000000000e+04 1.148388000000000048e-01 2.396745000000000039e-05
-4.720000000000000000e+04 1.190881000000000023e-01 2.344667000000000162e-05
-4.710000000000000000e+04 1.233366000000000046e-01 2.292587000000000146e-05
-4.700000000000000000e+04 1.275841000000000058e-01 2.240493999999999898e-05
-4.690000000000000000e+04 1.318307999999999980e-01 2.188384999999999885e-05
-4.680000000000000000e+04 1.360765999999999920e-01 2.136265999999999851e-05
-4.670000000000000000e+04 1.403214000000000128e-01 2.084160000000000049e-05
-4.660000000000000000e+04 1.445654000000000106e-01 2.032110000000000098e-05
-4.650000000000000000e+04 1.488084000000000073e-01 1.980187999999999954e-05
-4.640000000000000000e+04 1.530505000000000060e-01 1.928503999999999857e-05
-4.630000000000000000e+04 1.572916000000000036e-01 1.877209999999999938e-05
-4.620000000000000000e+04 1.615318000000000032e-01 1.826513999999999840e-05
-4.610000000000000000e+04 1.657711000000000046e-01 1.776691000000000164e-05
-4.600000000000000000e+04 1.700095000000000078e-01 1.728097000000000067e-05
-4.590000000000000000e+04 1.742470000000000130e-01 1.681176999999999845e-05
-4.580000000000000000e+04 1.784835999999999923e-01 1.636478000000000157e-05
-4.570000000000000000e+04 1.827194000000000040e-01 1.594648999999999985e-05
-4.560000000000000000e+04 1.869543999999999928e-01 1.556428999999999867e-05
-4.550000000000000000e+04 1.911885000000000112e-01 1.522589999999999935e-05
-4.540000000000000000e+04 1.954220000000000124e-01 1.493803000000000036e-05
-4.530000000000000000e+04 1.996547999999999934e-01 1.470027000000000012e-05
-4.520000000000000000e+04 2.038870000000000127e-01 1.450579999999999925e-05
-4.510000000000000000e+04 2.081185999999999869e-01 1.434693000000000021e-05
-4.500000000000000000e+04 2.123497000000000023e-01 1.421641999999999966e-05
-4.490000000000000000e+04 2.165803000000000034e-01 1.410792000000000061e-05
-4.480000000000000000e+04 2.208103999999999900e-01 1.401606000000000011e-05
-4.470000000000000000e+04 2.250401999999999958e-01 1.393651999999999917e-05
-4.460000000000000000e+04 2.292694999999999872e-01 1.386580000000000030e-05
-4.450000000000000000e+04 2.334984999999999977e-01 1.380119999999999925e-05
-4.440000000000000000e+04 2.377271999999999996e-01 1.374065000000000032e-05
-4.430000000000000000e+04 2.419555999999999929e-01 1.368256999999999968e-05
-4.420000000000000000e+04 2.461837000000000053e-01 1.362580999999999990e-05
-4.410000000000000000e+04 2.504115000000000091e-01 1.356954999999999953e-05
-4.400000000000000000e+04 2.546392000000000100e-01 1.351319000000000063e-05
-4.390000000000000000e+04 2.588667000000000051e-01 1.345633999999999965e-05
-4.380000000000000000e+04 2.630940999999999974e-01 1.339872000000000070e-05
-4.370000000000000000e+04 2.673212999999999839e-01 1.334016999999999937e-05
-4.360000000000000000e+04 2.715485000000000260e-01 1.328059000000000052e-05
-4.350000000000000000e+04 2.757756000000000096e-01 1.321993000000000067e-05
-4.340000000000000000e+04 2.800026999999999933e-01 1.315817000000000009e-05
-4.330000000000000000e+04 2.842298999999999798e-01 1.309529999999999980e-05
-4.320000000000000000e+04 2.884570000000000189e-01 1.303133999999999948e-05
-4.310000000000000000e+04 2.926842000000000055e-01 1.296629999999999984e-05
-4.300000000000000000e+04 2.969114999999999949e-01 1.290020999999999960e-05
-4.290000000000000000e+04 3.011389999999999900e-01 1.283307000000000044e-05
-4.280000000000000000e+04 3.053665999999999880e-01 1.276490999999999939e-05
-4.270000000000000000e+04 3.095943999999999918e-01 1.269574999999999953e-05
-4.260000000000000000e+04 3.138224000000000014e-01 1.262556999999999947e-05
-4.250000000000000000e+04 3.180507000000000195e-01 1.255439999999999960e-05
-4.240000000000000000e+04 3.222791999999999879e-01 1.248220000000000053e-05
-4.230000000000000000e+04 3.265080000000000204e-01 1.240895999999999986e-05
-4.220000000000000000e+04 3.307372000000000090e-01 1.233463999999999986e-05
-4.210000000000000000e+04 3.349667000000000061e-01 1.225917000000000074e-05
-4.200000000000000000e+04 3.391966000000000148e-01 1.218245999999999957e-05
-4.190000000000000000e+04 3.434269999999999823e-01 1.210435999999999942e-05
-4.180000000000000000e+04 3.476578000000000168e-01 1.202470000000000025e-05
-4.170000000000000000e+04 3.518890000000000073e-01 1.194322000000000082e-05
-4.160000000000000000e+04 3.561208000000000151e-01 1.185957999999999937e-05
-4.150000000000000000e+04 3.603530999999999818e-01 1.177336999999999939e-05
-4.140000000000000000e+04 3.645859000000000183e-01 1.168403999999999969e-05
-4.130000000000000000e+04 3.688194000000000194e-01 1.159092000000000083e-05
-4.120000000000000000e+04 3.730533999999999795e-01 1.149322000000000005e-05
-4.110000000000000000e+04 3.772881000000000151e-01 1.138999000000000036e-05
-4.100000000000000000e+04 3.815235000000000154e-01 1.128020999999999987e-05
-4.090000000000000000e+04 3.857594999999999774e-01 1.116289999999999946e-05
-4.080000000000000000e+04 3.899963000000000179e-01 1.103754000000000004e-05
-4.070000000000000000e+04 3.942338000000000231e-01 1.090482999999999974e-05
-4.060000000000000000e+04 3.984720999999999957e-01 1.076579000000000048e-05
-4.050000000000000000e+04 4.027110999999999885e-01 1.062144000000000075e-05
-4.040000000000000000e+04 4.069510000000000072e-01 1.047270000000000054e-05
-4.030000000000000000e+04 4.111916999999999933e-01 1.032036999999999992e-05
-4.020000000000000000e+04 4.154333000000000053e-01 1.016508000000000060e-05
-4.010000000000000000e+04 4.196758999999999906e-01 1.000738000000000040e-05
-4.000000000000000000e+04 4.239192999999999989e-01 9.847659999999999495e-06
-3.990000000000000000e+04 4.281636999999999804e-01 9.686254999999999301e-06
-3.980000000000000000e+04 4.324091999999999936e-01 9.523406000000000753e-06
-3.970000000000000000e+04 4.366555999999999771e-01 9.359295999999999371e-06
-3.960000000000000000e+04 4.409030999999999922e-01 9.194056999999999648e-06
-3.950000000000000000e+04 4.451516999999999835e-01 9.027781999999999279e-06
-3.940000000000000000e+04 4.494015000000000093e-01 8.860537999999999902e-06
-3.930000000000000000e+04 4.536524000000000112e-01 8.692368000000000799e-06
-3.920000000000000000e+04 4.579044999999999921e-01 8.523295999999999244e-06
-3.910000000000000000e+04 4.621578000000000075e-01 8.353336999999999674e-06
-3.900000000000000000e+04 4.664123000000000019e-01 8.182492999999999180e-06
-3.890000000000000000e+04 4.706681999999999810e-01 8.010760999999999585e-06
-3.880000000000000000e+04 4.749253999999999976e-01 7.838131999999999581e-06
-3.870000000000000000e+04 4.791839999999999988e-01 7.664590999999999814e-06
-3.860000000000000000e+04 4.834438999999999820e-01 7.490124000000000320e-06
-3.850000000000000000e+04 4.877053000000000083e-01 7.314713000000000180e-06
-3.840000000000000000e+04 4.919682000000000222e-01 7.138344999999999669e-06
-3.830000000000000000e+04 4.962325000000000208e-01 6.961012000000000261e-06
-3.820000000000000000e+04 5.004984999999999573e-01 6.782718999999999764e-06
-3.810000000000000000e+04 5.047660000000000480e-01 6.603493000000000406e-06
-3.800000000000000000e+04 5.090350999999999626e-01 6.423396000000000087e-06
-3.790000000000000000e+04 5.133058000000000343e-01 6.242540999999999597e-06
-3.780000000000000000e+04 5.175783000000000467e-01 6.061120000000000001e-06
-3.770000000000000000e+04 5.218525000000000524e-01 5.879433999999999653e-06
-3.760000000000000000e+04 5.261284999999999989e-01 5.697940000000000371e-06
-3.750000000000000000e+04 5.304062999999999972e-01 5.517300999999999914e-06
-3.740000000000000000e+04 5.346859000000000472e-01 5.338463000000000255e-06
-3.730000000000000000e+04 5.389673999999999854e-01 5.162738999999999733e-06
-3.720000000000000000e+04 5.432508999999999810e-01 4.991914999999999791e-06
-3.710000000000000000e+04 5.475364000000000342e-01 4.828372000000000297e-06
-3.700000000000000000e+04 5.518237999999999754e-01 4.675224999999999779e-06
-3.690000000000000000e+04 5.561133999999999800e-01 4.536471000000000362e-06
-3.680000000000000000e+04 5.604050000000000420e-01 4.417132999999999879e-06
-3.670000000000000000e+04 5.646987999999999452e-01 4.323370000000000418e-06
-3.660000000000000000e+04 5.689948000000000228e-01 4.262507999999999644e-06
-3.650000000000000000e+04 5.732930000000000526e-01 4.242856000000000124e-06
-3.640000000000000000e+04 5.775936000000000403e-01 4.273060999999999778e-06
-3.630000000000000000e+04 5.818965000000000387e-01 4.360190000000000346e-06
-3.620000000000000000e+04 5.862020000000000008e-01 4.502560999999999868e-06
-3.610000000000000000e+04 5.905099000000000320e-01 4.691962000000000361e-06
-3.600000000000000000e+04 5.948204999999999742e-01 4.919515999999999673e-06
-3.590000000000000000e+04 5.991336000000000439e-01 5.176963000000000192e-06
-3.580000000000000000e+04 6.034494999999999720e-01 5.457128999999999976e-06
-3.570000000000000000e+04 6.077679999999999749e-01 5.754035999999999605e-06
-3.560000000000000000e+04 6.120892999999999473e-01 6.062840000000000045e-06
-3.550000000000000000e+04 6.164133000000000528e-01 6.379708000000000312e-06
-3.540000000000000000e+04 6.207399999999999585e-01 6.701667999999999682e-06
-3.530000000000000000e+04 6.250694999999999446e-01 7.026461999999999778e-06
-3.520000000000000000e+04 6.294018999999999586e-01 7.352409999999999965e-06
-3.510000000000000000e+04 6.337369999999999948e-01 7.678287999999999490e-06
-3.500000000000000000e+04 6.380749000000000004e-01 8.003224999999999933e-06
-3.490000000000000000e+04 6.424155999999999755e-01 8.326621999999999371e-06
-3.480000000000000000e+04 6.467591000000000312e-01 8.648081000000000794e-06
-3.470000000000000000e+04 6.511053999999999453e-01 8.967352999999999658e-06
-3.460000000000000000e+04 6.554545000000000510e-01 9.284295999999999242e-06
-3.450000000000000000e+04 6.598062999999999567e-01 9.598845999999999475e-06
-3.440000000000000000e+04 6.641609000000000540e-01 9.910992999999999656e-06
-3.430000000000000000e+04 6.685181999999999514e-01 1.022075999999999936e-05
-3.420000000000000000e+04 6.728781999999999819e-01 1.052820999999999927e-05
-3.410000000000000000e+04 6.772409000000000345e-01 1.083340999999999933e-05
-3.400000000000000000e+04 6.816062000000000509e-01 1.113644000000000005e-05
-3.390000000000000000e+04 6.859741000000000311e-01 1.143738999999999927e-05
-3.380000000000000000e+04 6.903445999999999749e-01 1.173634999999999987e-05
-3.370000000000000000e+04 6.947176000000000462e-01 1.203339000000000000e-05
-3.360000000000000000e+04 6.990931000000000228e-01 1.232857999999999945e-05
-3.350000000000000000e+04 7.034709999999999575e-01 1.262191999999999993e-05
-3.340000000000000000e+04 7.078512999999999611e-01 1.291339000000000004e-05
-3.330000000000000000e+04 7.122338999999999753e-01 1.320283999999999945e-05
-3.320000000000000000e+04 7.166187000000000529e-01 1.348999000000000059e-05
-3.310000000000000000e+04 7.210056999999999716e-01 1.377439000000000078e-05
-3.300000000000000000e+04 7.253948999999999536e-01 1.405525000000000066e-05
-3.290000000000000000e+04 7.297860000000000458e-01 1.433143000000000010e-05
-3.280000000000000000e+04 7.341792000000000318e-01 1.460125000000000017e-05
-3.270000000000000000e+04 7.385741999999999585e-01 1.486233999999999940e-05
-3.260000000000000000e+04 7.429710999999999954e-01 1.511145999999999982e-05
-3.250000000000000000e+04 7.473695999999999673e-01 1.534420999999999856e-05
-3.240000000000000000e+04 7.517698000000000436e-01 1.555485999999999967e-05
-3.230000000000000000e+04 7.561714999999999964e-01 1.573598999999999907e-05
-3.220000000000000000e+04 7.605747000000000480e-01 1.587832000000000148e-05
-3.210000000000000000e+04 7.649791000000000230e-01 1.597053000000000106e-05
-3.200000000000000000e+04 7.693847000000000325e-01 1.599930000000000113e-05
-3.190000000000000000e+04 7.737914000000000181e-01 1.594999000000000075e-05
-3.180000000000000000e+04 7.781989999999999741e-01 1.580847000000000079e-05
-3.170000000000000000e+04 7.826073000000000057e-01 1.556899999999999951e-05
-3.160000000000000000e+04 7.870162000000000546e-01 1.524239999999999996e-05
-3.150000000000000000e+04 7.914255999999999514e-01 1.484344000000000031e-05
-3.140000000000000000e+04 7.958351999999999649e-01 1.438651999999999994e-05
-3.130000000000000000e+04 8.002449999999999841e-01 1.388431999999999991e-05
-3.120000000000000000e+04 8.046548000000000034e-01 1.334750000000000053e-05
-3.110000000000000000e+04 8.090646999999999700e-01 1.278471999999999946e-05
-3.100000000000000000e+04 8.134742999999999835e-01 1.220277000000000074e-05
-3.090000000000000000e+04 8.178838000000000497e-01 1.160694000000000004e-05
-3.080000000000000000e+04 8.222928999999999933e-01 1.100120000000000065e-05
-3.070000000000000000e+04 8.267014999999999780e-01 1.038847000000000017e-05
-3.060000000000000000e+04 8.311096999999999513e-01 9.770868000000000722e-06
-3.050000000000000000e+04 8.355171999999999599e-01 9.149878000000000083e-06
-3.040000000000000000e+04 8.399240999999999513e-01 8.526503999999999705e-06
-3.030000000000000000e+04 8.443302000000000307e-01 7.901397999999999798e-06
-3.020000000000000000e+04 8.487354999999999761e-01 7.274960000000000393e-06
-3.010000000000000000e+04 8.531398999999999511e-01 6.647411000000000178e-06
-3.000000000000000000e+04 8.575433000000000083e-01 6.018848000000000348e-06
-2.990000000000000000e+04 8.619455999999999785e-01 5.389287999999999891e-06
-2.980000000000000000e+04 8.663469000000000309e-01 4.758695000000000354e-06
-2.970000000000000000e+04 8.707470000000000487e-01 4.127003999999999730e-06
-2.960000000000000000e+04 8.751457999999999737e-01 3.494130999999999936e-06
-2.950000000000000000e+04 8.795433999999999752e-01 2.859989000000000054e-06
-2.940000000000000000e+04 8.839396000000000475e-01 2.224486000000000084e-06
-2.930000000000000000e+04 8.883343999999999685e-01 1.587540999999999908e-06
-2.920000000000000000e+04 8.927277999999999603e-01 9.490802999999999491e-07
-2.910000000000000000e+04 8.971198000000000228e-01 3.090456000000000049e-07
-2.900000000000000000e+04 9.015102000000000393e-01 -3.325982999999999747e-07
-2.890000000000000000e+04 9.058990999999999572e-01 -9.758541999999999292e-07
-2.880000000000000000e+04 9.102864000000000511e-01 -1.620678000000000028e-06
-2.870000000000000000e+04 9.146720999999999879e-01 -2.266961000000000046e-06
-2.860000000000000000e+04 9.190561000000000424e-01 -2.914498999999999978e-06
-2.850000000000000000e+04 9.234385000000000510e-01 -3.562965000000000115e-06
-2.840000000000000000e+04 9.278191999999999551e-01 -4.211854000000000281e-06
-2.830000000000000000e+04 9.321981999999999768e-01 -4.860433000000000361e-06
-2.820000000000000000e+04 9.365753999999999468e-01 -5.507660999999999782e-06
-2.810000000000000000e+04 9.409509000000000345e-01 -6.152108000000000153e-06
-2.800000000000000000e+04 9.453247000000000178e-01 -6.791848000000000401e-06
-2.790000000000000000e+04 9.496966999999999492e-01 -7.424346000000000219e-06
-2.780000000000000000e+04 9.540669999999999984e-01 -8.046329999999999921e-06
-2.770000000000000000e+04 9.584354999999999958e-01 -8.653677999999999650e-06
-2.760000000000000000e+04 9.628022999999999998e-01 -9.241320999999999878e-06
-2.750000000000000000e+04 9.671672999999999520e-01 -9.803221000000000377e-06
-2.740000000000000000e+04 9.715306000000000219e-01 -1.033253999999999916e-05
-2.730000000000000000e+04 9.758921999999999874e-01 -1.082219000000000048e-05
-2.720000000000000000e+04 9.802520999999999596e-01 -1.126659000000000083e-05
-2.710000000000000000e+04 9.846103999999999967e-01 -1.166766000000000070e-05
-2.700000000000000000e+04 9.889670999999999879e-01 -1.203199000000000031e-05
-2.690000000000000000e+04 9.933222999999999914e-01 -1.236654000000000036e-05
-2.680000000000000000e+04 9.976758999999999489e-01 -1.267774000000000002e-05
-2.670000000000000000e+04 1.002027999999999919e+00 -1.297111999999999991e-05
-2.660000000000000000e+04 1.006378999999999913e+00 -1.325124999999999955e-05
-2.650000000000000000e+04 1.010728000000000071e+00 -1.352178000000000016e-05
-2.640000000000000000e+04 1.015074999999999950e+00 -1.378562000000000033e-05
-2.630000000000000000e+04 1.019420999999999911e+00 -1.404496000000000080e-05
-2.620000000000000000e+04 1.023765999999999954e+00 -1.430148999999999951e-05
-2.610000000000000000e+04 1.028108999999999940e+00 -1.455643999999999950e-05
-2.600000000000000000e+04 1.032451000000000008e+00 -1.481068999999999965e-05
-2.590000000000000000e+04 1.036791999999999936e+00 -1.506488000000000068e-05
-2.580000000000000000e+04 1.041131000000000029e+00 -1.531945000000000119e-05
-2.570000000000000000e+04 1.045468000000000064e+00 -1.557466999999999974e-05
-2.560000000000000000e+04 1.049805000000000099e+00 -1.583072999999999945e-05
-2.550000000000000000e+04 1.054140000000000077e+00 -1.608774000000000125e-05
-2.540000000000000000e+04 1.058472999999999997e+00 -1.634575999999999916e-05
-2.530000000000000000e+04 1.062805999999999917e+00 -1.660480000000000067e-05
-2.520000000000000000e+04 1.067137000000000002e+00 -1.686489000000000109e-05
-2.510000000000000000e+04 1.071466000000000030e+00 -1.712599000000000101e-05
-2.500000000000000000e+04 1.075795000000000057e+00 -1.738810000000000044e-05
-2.490000000000000000e+04 1.080122000000000027e+00 -1.765120000000000136e-05
-2.480000000000000000e+04 1.084446999999999939e+00 -1.791525000000000097e-05
-2.470000000000000000e+04 1.088772000000000073e+00 -1.818025999999999998e-05
-2.460000000000000000e+04 1.093094999999999928e+00 -1.844618999999999897e-05
-2.450000000000000000e+04 1.097417000000000087e+00 -1.871304000000000134e-05
-2.440000000000000000e+04 1.101738000000000106e+00 -1.898081000000000030e-05
-2.430000000000000000e+04 1.106057999999999986e+00 -1.924950999999999995e-05
-2.420000000000000000e+04 1.110376000000000030e+00 -1.951915000000000098e-05
-2.410000000000000000e+04 1.114692999999999934e+00 -1.978980000000000151e-05
-2.400000000000000000e+04 1.119008999999999920e+00 -2.006151999999999897e-05
-2.390000000000000000e+04 1.123323999999999989e+00 -2.033442999999999836e-05
-2.380000000000000000e+04 1.127637999999999918e+00 -2.060870999999999873e-05
-2.370000000000000000e+04 1.131950000000000012e+00 -2.088458999999999921e-05
-2.360000000000000000e+04 1.136262000000000105e+00 -2.116242000000000058e-05
-2.350000000000000000e+04 1.140571999999999919e+00 -2.144263999999999974e-05
-2.340000000000000000e+04 1.144881000000000038e+00 -2.172585999999999870e-05
-2.330000000000000000e+04 1.149189000000000016e+00 -2.201283999999999980e-05
-2.320000000000000000e+04 1.153496000000000077e+00 -2.230457999999999847e-05
-2.310000000000000000e+04 1.157801000000000080e+00 -2.260227000000000002e-05
-2.300000000000000000e+04 1.162106000000000083e+00 -2.290738999999999956e-05
-2.290000000000000000e+04 1.166409000000000029e+00 -2.322163000000000013e-05
-2.280000000000000000e+04 1.170711999999999975e+00 -2.354683000000000169e-05
-2.270000000000000000e+04 1.175013000000000085e+00 -2.388469999999999851e-05
-2.260000000000000000e+04 1.179313000000000056e+00 -2.423579999999999927e-05
-2.250000000000000000e+04 1.183612000000000108e+00 -2.459869000000000148e-05
-2.240000000000000000e+04 1.187910000000000021e+00 -2.497157000000000120e-05
-2.230000000000000000e+04 1.192207000000000017e+00 -2.535265999999999928e-05
-2.220000000000000000e+04 1.196503000000000094e+00 -2.574040999999999908e-05
-2.210000000000000000e+04 1.200798000000000032e+00 -2.613347999999999835e-05
-2.200000000000000000e+04 1.205092000000000052e+00 -2.653078999999999946e-05
-2.190000000000000000e+04 1.209384000000000015e+00 -2.693147999999999986e-05
-2.180000000000000000e+04 1.213675999999999977e+00 -2.733486999999999939e-05
-2.170000000000000000e+04 1.217967000000000022e+00 -2.774046000000000037e-05
-2.160000000000000000e+04 1.222256000000000009e+00 -2.814784000000000120e-05
-2.150000000000000000e+04 1.226544999999999996e+00 -2.855671999999999855e-05
-2.140000000000000000e+04 1.230833000000000066e+00 -2.896690999999999944e-05
-2.130000000000000000e+04 1.235119000000000078e+00 -2.937824999999999947e-05
-2.120000000000000000e+04 1.239405000000000090e+00 -2.979063999999999841e-05
-2.110000000000000000e+04 1.243689999999999962e+00 -3.020401000000000154e-05
-2.100000000000000000e+04 1.247973999999999917e+00 -3.061831999999999927e-05
-2.090000000000000000e+04 1.252256999999999953e+00 -3.103355999999999769e-05
-2.080000000000000000e+04 1.256539000000000073e+00 -3.144968999999999738e-05
-2.070000000000000000e+04 1.260820000000000052e+00 -3.186674000000000044e-05
-2.060000000000000000e+04 1.265101000000000031e+00 -3.228468999999999870e-05
-2.050000000000000000e+04 1.269379999999999953e+00 -3.270354999999999963e-05
-2.040000000000000000e+04 1.273659000000000097e+00 -3.312333999999999786e-05
-2.030000000000000000e+04 1.277937000000000101e+00 -3.354407000000000086e-05
-2.020000000000000000e+04 1.282213999999999965e+00 -3.396574000000000186e-05
-2.010000000000000000e+04 1.286491000000000051e+00 -3.438836000000000155e-05
-2.000000000000000000e+04 1.290766999999999998e+00 -3.481191999999999924e-05
-1.990000000000000000e+04 1.295042000000000026e+00 -3.523638999999999960e-05
-1.980000000000000000e+04 1.299315999999999915e+00 -3.566170999999999843e-05
-1.970000000000000000e+04 1.303590000000000027e+00 -3.608779999999999692e-05
-1.960000000000000000e+04 1.307862999999999998e+00 -3.651448000000000280e-05
-1.950000000000000000e+04 1.312135000000000051e+00 -3.694153000000000069e-05
-1.940000000000000000e+04 1.316407000000000105e+00 -3.736857999999999857e-05
-1.930000000000000000e+04 1.320678999999999936e+00 -3.779511000000000074e-05
-1.920000000000000000e+04 1.324948999999999932e+00 -3.822038000000000285e-05
-1.910000000000000000e+04 1.329220000000000068e+00 -3.864338000000000202e-05
-1.900000000000000000e+04 1.333490000000000064e+00 -3.906274999999999797e-05
-1.890000000000000000e+04 1.337758999999999920e+00 -3.947667999999999962e-05
-1.880000000000000000e+04 1.342027999999999999e+00 -3.988282999999999911e-05
-1.870000000000000000e+04 1.346297000000000077e+00 -4.027819999999999664e-05
-1.860000000000000000e+04 1.350565000000000015e+00 -4.065907000000000305e-05
-1.850000000000000000e+04 1.354832999999999954e+00 -4.102090999999999957e-05
-1.840000000000000000e+04 1.359100999999999893e+00 -4.135835999999999750e-05
-1.830000000000000000e+04 1.363367999999999913e+00 -4.166547000000000073e-05
-1.820000000000000000e+04 1.367636000000000074e+00 -4.193615000000000336e-05
-1.810000000000000000e+04 1.371903000000000095e+00 -4.216599000000000182e-05
-1.800000000000000000e+04 1.376169999999999893e+00 -4.235739000000000138e-05
-1.790000000000000000e+04 1.380436999999999914e+00 -4.251619999999999792e-05
-1.780000000000000000e+04 1.384703999999999935e+00 -4.264851999999999803e-05
-1.770000000000000000e+04 1.388970999999999956e+00 -4.275998000000000255e-05
-1.760000000000000000e+04 1.393237999999999976e+00 -4.285540000000000307e-05
-1.750000000000000000e+04 1.397504999999999997e+00 -4.293880999999999691e-05
-1.740000000000000000e+04 1.401772000000000018e+00 -4.301347000000000205e-05
-1.730000000000000000e+04 1.406039999999999957e+00 -4.308194000000000108e-05
-1.720000000000000000e+04 1.410306999999999977e+00 -4.314622999999999907e-05
-1.710000000000000000e+04 1.414574999999999916e+00 -4.320783999999999931e-05
-1.700000000000000000e+04 1.418843000000000076e+00 -4.326792000000000095e-05
-1.690000000000000000e+04 1.423111000000000015e+00 -4.332727999999999965e-05
-1.680000000000000000e+04 1.427378999999999953e+00 -4.338651999999999673e-05
-1.670000000000000000e+04 1.431648000000000032e+00 -4.344603999999999984e-05
-1.660000000000000000e+04 1.435915999999999970e+00 -4.350612000000000148e-05
-1.650000000000000000e+04 1.440185000000000048e+00 -4.356691999999999927e-05
-1.640000000000000000e+04 1.444453999999999905e+00 -4.362854000000000021e-05
-1.630000000000000000e+04 1.448722999999999983e+00 -4.369104000000000173e-05
-1.620000000000000000e+04 1.452992999999999979e+00 -4.375441000000000313e-05
-1.610000000000000000e+04 1.457262000000000057e+00 -4.381863999999999692e-05
-1.600000000000000000e+04 1.461532000000000053e+00 -4.388367999999999994e-05
-1.590000000000000000e+04 1.465802000000000049e+00 -4.394949000000000262e-05
-1.580000000000000000e+04 1.470072000000000045e+00 -4.401602000000000146e-05
-1.570000000000000000e+04 1.474342000000000041e+00 -4.408319999999999833e-05
-1.560000000000000000e+04 1.478612999999999955e+00 -4.415098999999999722e-05
-1.550000000000000000e+04 1.482882999999999951e+00 -4.421937999999999742e-05
-1.540000000000000000e+04 1.487154000000000087e+00 -4.428835999999999824e-05
-1.530000000000000000e+04 1.491425000000000001e+00 -4.435801999999999920e-05
-1.520000000000000000e+04 1.495694999999999997e+00 -4.442851999999999793e-05
-1.510000000000000000e+04 1.499965999999999910e+00 -4.450017000000000257e-05
-1.500000000000000000e+04 1.504237000000000046e+00 -4.457347000000000067e-05
-1.490000000000000000e+04 1.508507000000000042e+00 -4.464918999999999865e-05
-1.480000000000000000e+04 1.512777999999999956e+00 -4.472849999999999705e-05
-1.470000000000000000e+04 1.517049000000000092e+00 -4.481305000000000287e-05
-1.460000000000000000e+04 1.521319000000000088e+00 -4.490517000000000293e-05
-1.450000000000000000e+04 1.525589000000000084e+00 -4.500804999999999677e-05
-1.440000000000000000e+04 1.529859000000000080e+00 -4.512594999999999779e-05
-1.430000000000000000e+04 1.534129000000000076e+00 -4.526447999999999865e-05
-1.420000000000000000e+04 1.538399000000000072e+00 -4.543086999999999690e-05
-1.410000000000000000e+04 1.542667999999999928e+00 -4.563422999999999964e-05
-1.400000000000000000e+04 1.546937000000000006e+00 -4.588577999999999895e-05
-1.390000000000000000e+04 1.551204999999999945e+00 -4.619898000000000131e-05
-1.380000000000000000e+04 1.555473000000000106e+00 -4.658929999999999793e-05
-1.370000000000000000e+04 1.559739999999999904e+00 -4.707331999999999673e-05
-1.360000000000000000e+04 1.564006000000000007e+00 -4.766631000000000204e-05
-1.350000000000000000e+04 1.568272000000000110e+00 -4.837121999999999662e-05
-1.340000000000000000e+04 1.572535999999999934e+00 -4.917455999999999900e-05
-1.330000000000000000e+04 1.576799999999999979e+00 -5.005990999999999891e-05
-1.320000000000000000e+04 1.581063000000000107e+00 -5.101147000000000239e-05
-1.310000000000000000e+04 1.585323999999999955e+00 -5.201530000000000324e-05
-1.300000000000000000e+04 1.589584000000000108e+00 -5.305963999999999874e-05
-1.290000000000000000e+04 1.593842999999999899e+00 -5.413488000000000100e-05
-1.280000000000000000e+04 1.598100999999999994e+00 -5.523336999999999664e-05
-1.270000000000000000e+04 1.602357999999999949e+00 -5.634909999999999892e-05
-1.260000000000000000e+04 1.606613000000000069e+00 -5.747747999999999844e-05
-1.250000000000000000e+04 1.610867000000000049e+00 -5.861504999999999710e-05
-1.240000000000000000e+04 1.615119999999999889e+00 -5.975925999999999948e-05
-1.230000000000000000e+04 1.619372000000000034e+00 -6.090825999999999814e-05
-1.220000000000000000e+04 1.623621999999999899e+00 -6.206071999999999490e-05
-1.210000000000000000e+04 1.627871000000000068e+00 -6.321574999999999525e-05
-1.200000000000000000e+04 1.632119000000000097e+00 -6.437271999999999580e-05
-1.190000000000000000e+04 1.636365999999999987e+00 -6.553124999999999705e-05
-1.180000000000000000e+04 1.640611999999999959e+00 -6.669106999999999368e-05
-1.170000000000000000e+04 1.644856000000000096e+00 -6.785205000000000370e-05
-1.160000000000000000e+04 1.649099000000000093e+00 -6.901410999999999440e-05
-1.150000000000000000e+04 1.653342000000000089e+00 -7.017721000000000364e-05
-1.140000000000000000e+04 1.657583000000000029e+00 -7.134134000000000363e-05
-1.130000000000000000e+04 1.661823000000000050e+00 -7.250648999999999365e-05
-1.120000000000000000e+04 1.666063000000000072e+00 -7.367266000000000082e-05
-1.110000000000000000e+04 1.670301000000000036e+00 -7.483979999999999452e-05
-1.100000000000000000e+04 1.674539000000000000e+00 -7.600783999999999698e-05
-1.090000000000000000e+04 1.678776000000000046e+00 -7.717660999999999630e-05
-1.080000000000000000e+04 1.683011999999999952e+00 -7.834586000000000208e-05
-1.070000000000000000e+04 1.687248000000000081e+00 -7.951514999999999712e-05
-1.060000000000000000e+04 1.691483999999999988e+00 -8.068379000000000089e-05
-1.050000000000000000e+04 1.695718999999999976e+00 -8.185077999999999766e-05
-1.040000000000000000e+04 1.699953999999999965e+00 -8.301462000000000446e-05
-1.030000000000000000e+04 1.704188999999999954e+00 -8.417315000000000571e-05
-1.020000000000000000e+04 1.708423000000000025e+00 -8.532336999999999485e-05
-1.010000000000000000e+04 1.712658000000000014e+00 -8.646110000000000470e-05
-1.000000000000000000e+04 1.716893000000000002e+00 -8.758071999999999450e-05
-9.900000000000000000e+03 1.721127999999999991e+00 -8.867470000000000669e-05
-9.800000000000000000e+03 1.725363999999999898e+00 -8.973319000000000271e-05
-9.700000000000000000e+03 1.729600000000000026e+00 -9.074350000000000287e-05
-9.600000000000000000e+03 1.733837000000000073e+00 -9.168956999999999498e-05
-9.500000000000000000e+03 1.738075000000000037e+00 -9.255153999999999920e-05
-9.400000000000000000e+03 1.742313000000000001e+00 -9.330533999999999866e-05
-9.300000000000000000e+03 1.746553000000000022e+00 -9.392287999999999343e-05
-9.200000000000000000e+03 1.750795000000000101e+00 -9.437302000000000060e-05
-9.100000000000000000e+03 1.755038000000000098e+00 -9.462463999999999804e-05
-9.000000000000000000e+03 1.759282000000000012e+00 -9.465745000000000289e-05
-8.900000000000000000e+03 1.763528999999999902e+00 -9.448748999999999885e-05
-8.800000000000000000e+03 1.767778999999999989e+00 -9.414608999999999565e-05
-8.700000000000000000e+03 1.772030999999999912e+00 -9.366536000000000339e-05
-8.600000000000000000e+03 1.776286000000000032e+00 -9.307464000000000102e-05
-8.500000000000000000e+03 1.780543999999999905e+00 -9.239922999999999659e-05
-8.400000000000000000e+03 1.784804999999999975e+00 -9.166017999999999898e-05
-8.300000000000000000e+03 1.789069000000000020e+00 -9.087454999999999546e-05
-8.200000000000000000e+03 1.793336999999999959e+00 -9.005589999999999949e-05
-8.100000000000000000e+03 1.797608000000000095e+00 -8.921476000000000232e-05
-8.000000000000000000e+03 1.801881999999999984e+00 -8.835920999999999999e-05
-7.900000000000000000e+03 1.806159999999999988e+00 -8.749529999999999558e-05
-7.800000000000000000e+03 1.810442000000000107e+00 -8.662751000000000435e-05
-7.700000000000000000e+03 1.814727999999999897e+00 -8.575904999999999336e-05
-7.600000000000000000e+03 1.819017000000000106e+00 -8.489220000000000012e-05
-7.500000000000000000e+03 1.823309999999999986e+00 -8.402851999999999826e-05
-7.400000000000000000e+03 1.827606999999999982e+00 -8.316904000000000560e-05
-7.300000000000000000e+03 1.831908000000000092e+00 -8.231439999999999916e-05
-7.200000000000000000e+03 1.836214000000000013e+00 -8.146496000000000412e-05
-7.100000000000000000e+03 1.840522999999999909e+00 -8.062087000000000387e-05
-7.000000000000000000e+03 1.844835999999999920e+00 -7.978214999999999981e-05
-6.900000000000000000e+03 1.849153000000000047e+00 -7.894871999999999990e-05
-6.800000000000000000e+03 1.853474000000000066e+00 -7.812042999999999364e-05
-6.700000000000000000e+03 1.857798999999999978e+00 -7.729706000000000630e-05
-6.600000000000000000e+03 1.862128000000000005e+00 -7.647839999999999608e-05
-6.500000000000000000e+03 1.866462000000000065e+00 -7.566421000000000041e-05
-6.400000000000000000e+03 1.870797999999999961e+00 -7.485427000000000389e-05
-6.300000000000000000e+03 1.875138999999999889e+00 -7.404842999999999603e-05
-6.200000000000000000e+03 1.879483999999999932e+00 -7.324661999999999905e-05
-6.100000000000000000e+03 1.883831999999999951e+00 -7.244896999999999492e-05
-6.000000000000000000e+03 1.888184000000000085e+00 -7.165586999999999738e-05
-5.900000000000000000e+03 1.892538999999999971e+00 -7.086810999999999393e-05
-5.800000000000000000e+03 1.896897999999999973e+00 -7.008705999999999910e-05
-5.700000000000000000e+03 1.901259999999999950e+00 -6.931491000000000345e-05
-5.600000000000000000e+03 1.905626000000000042e+00 -6.855495999999999389e-05
-5.500000000000000000e+03 1.909993999999999970e+00 -6.781200999999999451e-05
-5.400000000000000000e+03 1.914365000000000094e+00 -6.709279000000000176e-05
-5.300000000000000000e+03 1.918739999999999890e+00 -6.640654999999999865e-05
-5.200000000000000000e+03 1.923116999999999965e+00 -6.576564999999999603e-05
-5.100000000000000000e+03 1.927496000000000098e+00 -6.518626000000000021e-05
-5.000000000000000000e+03 1.931877000000000066e+00 -6.468907999999999560e-05
-4.900000000000000000e+03 1.936261000000000010e+00 -6.429988999999999670e-05
-4.800000000000000000e+03 1.940647000000000011e+00 -6.404989000000000418e-05
-4.700000000000000000e+03 1.945033999999999930e+00 -6.397514999999999344e-05
-4.600000000000000000e+03 1.949422999999999906e+00 -6.411438000000000261e-05
-4.500000000000000000e+03 1.953812000000000104e+00 -6.450228999999999327e-05
-4.400000000000000000e+03 1.958202999999999916e+00 -6.514088999999999763e-05
-4.300000000000000000e+03 1.962593000000000032e+00 -6.599626000000000093e-05
-4.200000000000000000e+03 1.966984000000000066e+00 -6.702938999999999827e-05
-4.100000000000000000e+03 1.971373999999999960e+00 -6.820353999999999447e-05
-4.000000000000000000e+03 1.975764000000000076e+00 -6.948680999999999413e-05
-3.900000000000000000e+03 1.980153999999999970e+00 -7.085273000000000222e-05
-3.800000000000000000e+03 1.984542000000000028e+00 -7.228000000000000592e-05
-3.700000000000000000e+03 1.988930000000000087e+00 -7.375192000000000249e-05
-3.600000000000000000e+03 1.993316000000000088e+00 -7.525572000000000663e-05
-3.500000000000000000e+03 1.997700999999999949e+00 -7.678181999999999867e-05
-3.400000000000000000e+03 2.002085000000000115e+00 -7.832322000000000394e-05
-3.300000000000000000e+03 2.006466999999999778e+00 -7.987493999999999931e-05
-3.200000000000000000e+03 2.010847000000000051e+00 -8.143354000000000163e-05
-3.100000000000000000e+03 2.015225000000000044e+00 -8.299672999999999979e-05
-3.000000000000000000e+03 2.019601000000000202e+00 -8.456307000000000147e-05
-2.900000000000000000e+03 2.023976000000000219e+00 -8.613174000000000351e-05
-2.800000000000000000e+03 2.028347000000000122e+00 -8.770234000000000504e-05
-2.700000000000000000e+03 2.032716999999999885e+00 -8.927472999999999626e-05
-2.600000000000000000e+03 2.037084000000000117e+00 -9.084896999999999493e-05
-2.500000000000000000e+03 2.041449000000000069e+00 -9.242524000000000009e-05
-2.400000000000000000e+03 2.045811000000000046e+00 -9.400377000000000071e-05
-2.300000000000000000e+03 2.050171000000000188e+00 -9.558481000000000074e-05
-2.200000000000000000e+03 2.054527999999999910e+00 -9.716862000000000481e-05
-2.100000000000000000e+03 2.058882000000000101e+00 -9.875545000000000330e-05
-2.000000000000000000e+03 2.063234000000000012e+00 -1.003454999999999967e-04
-1.900000000000000000e+03 2.067582999999999949e+00 -1.019388999999999940e-04
-1.800000000000000000e+03 2.071928999999999910e+00 -1.035356999999999987e-04
-1.700000000000000000e+03 2.076271999999999895e+00 -1.051360000000000044e-04
-1.600000000000000000e+03 2.080613000000000046e+00 -1.067395999999999970e-04
-1.500000000000000000e+03 2.084950000000000081e+00 -1.083461000000000027e-04
-1.400000000000000000e+03 2.089284999999999837e+00 -1.099549000000000067e-04
-1.300000000000000000e+03 2.093618000000000201e+00 -1.115650000000000067e-04
-1.200000000000000000e+03 2.097947000000000006e+00 -1.131749999999999998e-04
-1.100000000000000000e+03 2.102273999999999976e+00 -1.147826999999999946e-04
-1.000000000000000000e+03 2.106597999999999971e+00 -1.163850000000000046e-04
-9.000000000000000000e+02 2.110920000000000130e+00 -1.179778999999999941e-04
-8.000000000000000000e+02 2.115238999999999869e+00 -1.195556999999999978e-04
-7.000000000000000000e+02 2.119555000000000078e+00 -1.211109999999999997e-04
-6.000000000000000000e+02 2.123870000000000147e+00 -1.226343999999999926e-04
-5.000000000000000000e+02 2.128181999999999796e+00 -1.241136000000000105e-04
-4.000000000000000000e+02 2.132490999999999914e+00 -1.255336000000000071e-04
-3.000000000000000000e+02 2.136798999999999893e+00 -1.268761000000000032e-04
-2.000000000000000000e+02 2.141105000000000036e+00 -1.281196999999999924e-04
-1.000000000000000000e+02 2.145408999999999899e+00 -1.292409000000000114e-04
0.000000000000000000e+00 2.149710999999999927e+00 -1.302161000000000084e-04
1.000000000000000000e+02 2.154011999999999816e+00 -1.310313000000000070e-04
2.000000000000000000e+02 2.158310999999999868e+00 -1.316998999999999958e-04
3.000000000000000000e+02 2.162609999999999921e+00 -1.322449000000000118e-04
4.000000000000000000e+02 2.166907999999999834e+00 -1.326893000000000104e-04
5.000000000000000000e+02 2.171205000000000052e+00 -1.330542000000000042e-04
6.000000000000000000e+02 2.175501000000000129e+00 -1.333576000000000054e-04
7.000000000000000000e+02 2.179797000000000207e+00 -1.336141000000000054e-04
8.000000000000000000e+02 2.184092999999999840e+00 -1.338355999999999964e-04
9.000000000000000000e+02 2.188388000000000222e+00 -1.340315000000000126e-04
1.000000000000000000e+03 2.192683000000000160e+00 -1.342090999999999955e-04
1.100000000000000000e+03 2.196978999999999793e+00 -1.343736999999999905e-04
1.200000000000000000e+03 2.201274000000000175e+00 -1.345294000000000134e-04
1.300000000000000000e+03 2.205569000000000113e+00 -1.346792000000000030e-04
1.400000000000000000e+03 2.209865000000000190e+00 -1.348251999999999979e-04
1.500000000000000000e+03 2.214161999999999964e+00 -1.349690000000000015e-04
1.600000000000000000e+03 2.218458000000000041e+00 -1.351114999999999955e-04
1.700000000000000000e+03 2.222755999999999954e+00 -1.352532999999999947e-04
1.800000000000000000e+03 2.227053999999999867e+00 -1.353950999999999939e-04
1.900000000000000000e+03 2.231352999999999920e+00 -1.355368999999999931e-04
2.000000000000000000e+03 2.235651999999999973e+00 -1.356790999999999932e-04
2.100000000000000000e+03 2.239952999999999861e+00 -1.358215999999999872e-04
2.200000000000000000e+03 2.244254999999999889e+00 -1.359645999999999891e-04
2.300000000000000000e+03 2.248558000000000057e+00 -1.361079999999999918e-04
2.400000000000000000e+03 2.252861999999999920e+00 -1.362519000000000024e-04
2.500000000000000000e+03 2.257166999999999923e+00 -1.363962999999999938e-04
2.600000000000000000e+03 2.261474000000000206e+00 -1.365411999999999930e-04
2.700000000000000000e+03 2.265782000000000185e+00 -1.366867000000000071e-04
2.800000000000000000e+03 2.270090999999999859e+00 -1.368327000000000020e-04
2.900000000000000000e+03 2.274402999999999953e+00 -1.369792000000000047e-04
3.000000000000000000e+03 2.278715000000000046e+00 -1.371264000000000022e-04
3.100000000000000000e+03 2.283030000000000115e+00 -1.372741999999999875e-04
3.200000000000000000e+03 2.287345999999999879e+00 -1.374226999999999946e-04
3.300000000000000000e+03 2.291663999999999923e+00 -1.375720000000000035e-04
3.400000000000000000e+03 2.295983999999999803e+00 -1.377220999999999871e-04
3.500000000000000000e+03 2.300305999999999962e+00 -1.378731000000000065e-04
3.600000000000000000e+03 2.304629999999999956e+00 -1.380250000000000075e-04
3.700000000000000000e+03 2.308955999999999786e+00 -1.381781000000000112e-04
3.800000000000000000e+03 2.313283999999999896e+00 -1.383323000000000105e-04
3.900000000000000000e+03 2.317613999999999841e+00 -1.384878999999999993e-04
4.000000000000000000e+03 2.321946000000000065e+00 -1.386449000000000047e-04
4.100000000000000000e+03 2.326280999999999821e+00 -1.388038000000000076e-04
4.200000000000000000e+03 2.330617000000000161e+00 -1.389646000000000078e-04
4.300000000000000000e+03 2.334956000000000031e+00 -1.391275999999999993e-04
4.400000000000000000e+03 2.339297999999999877e+00 -1.392932999999999899e-04
4.500000000000000000e+03 2.343640999999999863e+00 -1.394617999999999867e-04
4.600000000000000000e+03 2.347986999999999824e+00 -1.396335999999999975e-04
4.700000000000000000e+03 2.352336000000000205e+00 -1.398085999999999882e-04
4.800000000000000000e+03 2.356686999999999976e+00 -1.399865999999999990e-04
4.900000000000000000e+03 2.361040000000000028e+00 -1.401673000000000090e-04
5.000000000000000000e+03 2.365396000000000054e+00 -1.403502999999999901e-04
5.100000000000000000e+03 2.369753999999999916e+00 -1.405354999999999896e-04
5.200000000000000000e+03 2.374115000000000197e+00 -1.407225999999999865e-04
5.300000000000000000e+03 2.378477999999999870e+00 -1.409115000000000009e-04
5.400000000000000000e+03 2.382843999999999962e+00 -1.411020999999999987e-04
5.500000000000000000e+03 2.387211999999999890e+00 -1.412941999999999931e-04
5.600000000000000000e+03 2.391582999999999792e+00 -1.414878000000000110e-04
5.700000000000000000e+03 2.395955999999999975e+00 -1.416828999999999983e-04
5.800000000000000000e+03 2.400332000000000132e+00 -1.418794000000000023e-04
5.900000000000000000e+03 2.404710999999999821e+00 -1.420771999999999888e-04
6.000000000000000000e+03 2.409091999999999789e+00 -1.422763999999999919e-04
6.100000000000000000e+03 2.413475000000000037e+00 -1.424769000000000046e-04
6.200000000000000000e+03 2.417860999999999816e+00 -1.426786999999999999e-04
6.300000000000000000e+03 2.422250000000000014e+00 -1.428818000000000048e-04
6.400000000000000000e+03 2.426641000000000048e+00 -1.430862999999999992e-04
6.500000000000000000e+03 2.431035000000000057e+00 -1.432918999999999892e-04
6.600000000000000000e+03 2.435430999999999901e+00 -1.434988999999999959e-04
6.700000000000000000e+03 2.439829000000000025e+00 -1.437069999999999982e-04
6.800000000000000000e+03 2.444230000000000125e+00 -1.439164000000000101e-04
6.900000000000000000e+03 2.448633000000000060e+00 -1.441268999999999905e-04
7.000000000000000000e+03 2.453038999999999970e+00 -1.443386000000000007e-04
7.100000000000000000e+03 2.457447000000000159e+00 -1.445514000000000065e-04
7.200000000000000000e+03 2.461857000000000184e+00 -1.447653000000000080e-04
7.300000000000000000e+03 2.466270000000000184e+00 -1.449801999999999981e-04
7.400000000000000000e+03 2.470685000000000020e+00 -1.451962000000000109e-04
7.500000000000000000e+03 2.475102000000000135e+00 -1.454132999999999923e-04
7.600000000000000000e+03 2.479521000000000086e+00 -1.456314999999999964e-04
7.700000000000000000e+03 2.483941999999999872e+00 -1.458509000000000032e-04
7.800000000000000000e+03 2.488364999999999938e+00 -1.460718000000000064e-04
7.900000000000000000e+03 2.492790999999999979e+00 -1.462945000000000001e-04
8.000000000000000000e+03 2.497218000000000160e+00 -1.465194999999999920e-04
8.100000000000000000e+03 2.501647000000000176e+00 -1.467475000000000040e-04
8.200000000000000000e+03 2.506078000000000028e+00 -1.469796000000000047e-04
8.300000000000000000e+03 2.510511000000000159e+00 -1.472172999999999906e-04
8.400000000000000000e+03 2.514946000000000126e+00 -1.474625000000000133e-04
8.500000000000000000e+03 2.519381999999999788e+00 -1.477178999999999905e-04
8.600000000000000000e+03 2.523820000000000174e+00 -1.479868999999999976e-04
8.700000000000000000e+03 2.528258999999999812e+00 -1.482737000000000031e-04
8.800000000000000000e+03 2.532700000000000173e+00 -1.485834999999999912e-04
8.900000000000000000e+03 2.537141999999999786e+00 -1.489227000000000031e-04
9.000000000000000000e+03 2.541586000000000123e+00 -1.492979999999999926e-04
9.100000000000000000e+03 2.546030000000000015e+00 -1.497163000000000085e-04
9.200000000000000000e+03 2.550476000000000187e+00 -1.501809000000000108e-04
9.300000000000000000e+03 2.554923000000000055e+00 -1.506872000000000029e-04
9.400000000000000000e+03 2.559369999999999923e+00 -1.512281000000000031e-04
9.500000000000000000e+03 2.563817999999999930e+00 -1.517967999999999965e-04
9.600000000000000000e+03 2.568267000000000078e+00 -1.523871999999999900e-04
9.700000000000000000e+03 2.572716999999999921e+00 -1.529939999999999924e-04
9.800000000000000000e+03 2.577167000000000208e+00 -1.536131999999999949e-04
9.900000000000000000e+03 2.581618000000000190e+00 -1.542414000000000035e-04
1.000000000000000000e+04 2.586069000000000173e+00 -1.548762000000000131e-04
1.010000000000000000e+04 2.590520000000000156e+00 -1.555155000000000122e-04
1.020000000000000000e+04 2.594971000000000139e+00 -1.561579999999999913e-04
1.030000000000000000e+04 2.599422999999999817e+00 -1.568026999999999887e-04
1.040000000000000000e+04 2.603874999999999940e+00 -1.574486999999999957e-04
1.050000000000000000e+04 2.608325999999999922e+00 -1.580957999999999984e-04
1.060000000000000000e+04 2.612778000000000045e+00 -1.587434000000000089e-04
1.070000000000000000e+04 2.617229000000000028e+00 -1.593913999999999932e-04
1.080000000000000000e+04 2.621680000000000010e+00 -1.600396999999999985e-04
1.090000000000000000e+04 2.626130999999999993e+00 -1.606881000000000108e-04
1.100000000000000000e+04 2.630581999999999976e+00 -1.613367999999999899e-04
1.110000000000000000e+04 2.635031999999999819e+00 -1.619856000000000030e-04
1.120000000000000000e+04 2.639480999999999966e+00 -1.626347000000000101e-04
1.130000000000000000e+04 2.643930000000000113e+00 -1.632837999999999900e-04
1.140000000000000000e+04 2.648378999999999817e+00 -1.639331999999999909e-04
1.150000000000000000e+04 2.652826000000000128e+00 -1.645828000000000059e-04
1.160000000000000000e+04 2.657272999999999996e+00 -1.652326000000000077e-04
1.170000000000000000e+04 2.661719000000000168e+00 -1.658825999999999964e-04
1.180000000000000000e+04 2.666164000000000200e+00 -1.665329000000000061e-04
1.190000000000000000e+04 2.670608000000000093e+00 -1.671834000000000026e-04
1.200000000000000000e+04 2.675050999999999846e+00 -1.678341999999999931e-04
1.210000000000000000e+04 2.679492999999999903e+00 -1.684854000000000115e-04
1.220000000000000000e+04 2.683933000000000124e+00 -1.691371999999999906e-04
1.230000000000000000e+04 2.688372999999999902e+00 -1.697897999999999985e-04
1.240000000000000000e+04 2.692810999999999844e+00 -1.704433999999999951e-04
1.250000000000000000e+04 2.697248000000000090e+00 -1.710988000000000092e-04
1.260000000000000000e+04 2.701683000000000057e+00 -1.717564999999999945e-04
1.270000000000000000e+04 2.706116999999999884e+00 -1.724177999999999876e-04
1.280000000000000000e+04 2.710550000000000015e+00 -1.730841000000000053e-04
1.290000000000000000e+04 2.714980999999999867e+00 -1.737572999999999906e-04
1.300000000000000000e+04 2.719409999999999883e+00 -1.744403000000000110e-04
1.310000000000000000e+04 2.723838000000000203e+00 -1.751365000000000061e-04
1.320000000000000000e+04 2.728263000000000105e+00 -1.758502000000000058e-04
1.330000000000000000e+04 2.732688000000000006e+00 -1.765868999999999881e-04
1.340000000000000000e+04 2.737109999999999932e+00 -1.773532000000000081e-04
1.350000000000000000e+04 2.741530000000000022e+00 -1.781564000000000075e-04
1.360000000000000000e+04 2.745947999999999833e+00 -1.790046000000000107e-04
1.370000000000000000e+04 2.750364999999999949e+00 -1.799042000000000046e-04
1.380000000000000000e+04 2.754779000000000089e+00 -1.808539999999999866e-04
1.390000000000000000e+04 2.759190999999999949e+00 -1.818470000000000091e-04
1.400000000000000000e+04 2.763600999999999974e+00 -1.828753000000000073e-04
1.410000000000000000e+04 2.768008000000000024e+00 -1.839320999999999936e-04
1.420000000000000000e+04 2.772412999999999794e+00 -1.850110000000000079e-04
1.430000000000000000e+04 2.776816000000000173e+00 -1.861071000000000058e-04
1.440000000000000000e+04 2.781216999999999828e+00 -1.872162999999999985e-04
1.450000000000000000e+04 2.785614999999999952e+00 -1.883355000000000131e-04
1.460000000000000000e+04 2.790010999999999797e+00 -1.894622000000000103e-04
1.470000000000000000e+04 2.794404000000000110e+00 -1.905945999999999997e-04
1.480000000000000000e+04 2.798795000000000144e+00 -1.917312999999999917e-04
1.490000000000000000e+04 2.803183999999999898e+00 -1.928712999999999977e-04
1.500000000000000000e+04 2.807570000000000121e+00 -1.940141000000000099e-04
1.510000000000000000e+04 2.811954000000000065e+00 -1.951590000000000063e-04
1.520000000000000000e+04 2.816335000000000033e+00 -1.963058000000000001e-04
1.530000000000000000e+04 2.820714000000000166e+00 -1.974543000000000045e-04
1.540000000000000000e+04 2.825091000000000019e+00 -1.986044000000000123e-04
1.550000000000000000e+04 2.829464999999999897e+00 -1.997558000000000027e-04
1.560000000000000000e+04 2.833838000000000079e+00 -2.009086999999999896e-04
1.570000000000000000e+04 2.838207000000000146e+00 -2.020629999999999931e-04
1.580000000000000000e+04 2.842575000000000074e+00 -2.032187000000000132e-04
1.590000000000000000e+04 2.846941000000000166e+00 -2.043759000000000027e-04
1.600000000000000000e+04 2.851303999999999839e+00 -2.055344000000000019e-04
1.610000000000000000e+04 2.855665000000000120e+00 -2.066942999999999905e-04
1.620000000000000000e+04 2.860024999999999817e+00 -2.078557000000000028e-04
1.630000000000000000e+04 2.864381999999999984e+00 -2.090182999999999906e-04
1.640000000000000000e+04 2.868736999999999870e+00 -2.101822999999999951e-04
1.650000000000000000e+04 2.873091000000000061e+00 -2.113472999999999882e-04
1.660000000000000000e+04 2.877442999999999973e+00 -2.125131000000000101e-04
1.670000000000000000e+04 2.881793000000000049e+00 -2.136790999999999918e-04
1.680000000000000000e+04 2.886140999999999845e+00 -2.148446999999999998e-04
1.690000000000000000e+04 2.890487999999999946e+00 -2.160085999999999972e-04
1.700000000000000000e+04 2.894833999999999907e+00 -2.171692999999999877e-04
1.710000000000000000e+04 2.899178000000000033e+00 -2.183243000000000130e-04
1.720000000000000000e+04 2.903521000000000019e+00 -2.194704000000000121e-04
1.730000000000000000e+04 2.907862000000000169e+00 -2.206029999999999883e-04
1.740000000000000000e+04 2.912202999999999875e+00 -2.217160000000000029e-04
1.750000000000000000e+04 2.916542000000000190e+00 -2.228014999999999911e-04
1.760000000000000000e+04 2.920881000000000061e+00 -2.238491000000000113e-04
1.770000000000000000e+04 2.925218999999999792e+00 -2.248455000000000007e-04
1.780000000000000000e+04 2.929555999999999827e+00 -2.257744999999999913e-04
1.790000000000000000e+04 2.933892999999999862e+00 -2.266163999999999874e-04
1.800000000000000000e+04 2.938229000000000202e+00 -2.273479999999999924e-04
1.810000000000000000e+04 2.942565000000000097e+00 -2.279443999999999991e-04
1.820000000000000000e+04 2.946902000000000132e+00 -2.283812000000000082e-04
1.830000000000000000e+04 2.951238000000000028e+00 -2.286489000000000056e-04
1.840000000000000000e+04 2.955575000000000063e+00 -2.287656000000000108e-04
1.850000000000000000e+04 2.959912999999999794e+00 -2.287566000000000046e-04
1.860000000000000000e+04 2.964250999999999969e+00 -2.286466000000000073e-04
1.870000000000000000e+04 2.968589999999999840e+00 -2.284575000000000061e-04
1.880000000000000000e+04 2.972929999999999851e+00 -2.282080000000000079e-04
1.890000000000000000e+04 2.977272000000000141e+00 -2.279133999999999988e-04
1.900000000000000000e+04 2.981613999999999987e+00 -2.275857000000000054e-04
1.910000000000000000e+04 2.985958000000000112e+00 -2.272344999999999942e-04
1.920000000000000000e+04 2.990302999999999933e+00 -2.268670999999999882e-04
1.930000000000000000e+04 2.994650000000000034e+00 -2.264890999999999996e-04
1.940000000000000000e+04 2.998997999999999831e+00 -2.261045000000000101e-04
1.950000000000000000e+04 3.003347999999999907e+00 -2.257162000000000057e-04
1.960000000000000000e+04 3.007699000000000122e+00 -2.253264000000000048e-04
1.970000000000000000e+04 3.012052000000000174e+00 -2.249363999999999899e-04
1.980000000000000000e+04 3.016407000000000060e+00 -2.245472000000000039e-04
1.990000000000000000e+04 3.020763000000000087e+00 -2.241594000000000073e-04
2.000000000000000000e+04 3.025122000000000089e+00 -2.237734000000000012e-04
2.010000000000000000e+04 3.029481999999999786e+00 -2.233893999999999995e-04
2.020000000000000000e+04 3.033843000000000067e+00 -2.230072999999999951e-04
2.030000000000000000e+04 3.038206999999999880e+00 -2.226271999999999951e-04
2.040000000000000000e+04 3.042571999999999832e+00 -2.222489000000000127e-04
2.050000000000000000e+04 3.046939000000000064e+00 -2.218722999999999865e-04
2.060000000000000000e+04 3.051308000000000131e+00 -2.214972999999999909e-04
2.070000000000000000e+04 3.055677999999999894e+00 -2.211236000000000050e-04
2.080000000000000000e+04 3.060049999999999937e+00 -2.207512000000000016e-04
2.090000000000000000e+04 3.064423999999999815e+00 -2.203797999999999868e-04
2.100000000000000000e+04 3.068798999999999833e+00 -2.200093000000000079e-04
2.110000000000000000e+04 3.073176000000000130e+00 -2.196398999999999975e-04
2.120000000000000000e+04 3.077554000000000123e+00 -2.192717999999999967e-04
2.130000000000000000e+04 3.081933999999999951e+00 -2.189052999999999995e-04
2.140000000000000000e+04 3.086314999999999920e+00 -2.185412999999999874e-04
2.150000000000000000e+04 3.090697000000000028e+00 -2.181813999999999911e-04
2.160000000000000000e+04 3.095080999999999971e+00 -2.178276999999999948e-04
2.170000000000000000e+04 3.099464999999999915e+00 -2.174834000000000055e-04
2.180000000000000000e+04 3.103849999999999998e+00 -2.171533000000000068e-04
2.190000000000000000e+04 3.108236999999999917e+00 -2.168437000000000055e-04
2.200000000000000000e+04 3.112623000000000140e+00 -2.165636000000000080e-04
2.210000000000000000e+04 3.117011000000000198e+00 -2.163245000000000055e-04
2.220000000000000000e+04 3.121398999999999813e+00 -2.161416000000000043e-04
2.230000000000000000e+04 3.125786999999999871e+00 -2.160340999999999922e-04
2.240000000000000000e+04 3.130174999999999930e+00 -2.160255999999999938e-04
2.250000000000000000e+04 3.134562999999999988e+00 -2.161447000000000043e-04
2.260000000000000000e+04 3.138951000000000047e+00 -2.164234000000000123e-04
2.270000000000000000e+04 3.143339000000000105e+00 -2.168953999999999902e-04
2.280000000000000000e+04 3.147726000000000024e+00 -2.175869999999999888e-04
2.290000000000000000e+04 3.152111000000000107e+00 -2.184888000000000010e-04
2.300000000000000000e+04 3.156496000000000191e+00 -2.195692999999999918e-04
2.310000000000000000e+04 3.160878999999999994e+00 -2.207954000000000036e-04
2.320000000000000000e+04 3.165259999999999962e+00 -2.221365999999999901e-04
2.330000000000000000e+04 3.169639000000000095e+00 -2.235667999999999954e-04
2.340000000000000000e+04 3.174015999999999948e+00 -2.250645000000000065e-04
2.350000000000000000e+04 3.178390999999999966e+00 -2.266125000000000127e-04
2.360000000000000000e+04 3.182764000000000149e+00 -2.281976000000000122e-04
2.370000000000000000e+04 3.187133999999999912e+00 -2.298094000000000092e-04
2.380000000000000000e+04 3.191501999999999839e+00 -2.314402999999999871e-04
2.390000000000000000e+04 3.195866999999999791e+00 -2.330847999999999948e-04
2.400000000000000000e+04 3.200229000000000212e+00 -2.347388999999999964e-04
2.410000000000000000e+04 3.204588999999999910e+00 -2.363998000000000130e-04
2.420000000000000000e+04 3.208946000000000076e+00 -2.380658000000000069e-04
2.430000000000000000e+04 3.213299000000000127e+00 -2.397357000000000025e-04
2.440000000000000000e+04 3.217649999999999899e+00 -2.414086999999999982e-04
2.450000000000000000e+04 3.221998000000000140e+00 -2.430846000000000070e-04
2.460000000000000000e+04 3.226341999999999821e+00 -2.447632000000000150e-04
2.470000000000000000e+04 3.230684000000000111e+00 -2.464443999999999880e-04
2.480000000000000000e+04 3.235021999999999842e+00 -2.481284999999999741e-04
2.490000000000000000e+04 3.239357000000000042e+00 -2.498154999999999733e-04
2.500000000000000000e+04 3.243688999999999822e+00 -2.515055999999999997e-04
2.510000000000000000e+04 3.248018000000000072e+00 -2.531988999999999789e-04
2.520000000000000000e+04 3.252343000000000206e+00 -2.548955999999999791e-04
2.530000000000000000e+04 3.256666000000000061e+00 -2.565957999999999802e-04
2.540000000000000000e+04 3.260984999999999800e+00 -2.582994000000000023e-04
2.550000000000000000e+04 3.265301000000000009e+00 -2.600063999999999913e-04
2.560000000000000000e+04 3.269613999999999798e+00 -2.617165999999999872e-04
2.570000000000000000e+04 3.273922999999999917e+00 -2.634296999999999962e-04
2.580000000000000000e+04 3.278230000000000199e+00 -2.651447999999999826e-04
2.590000000000000000e+04 3.282534000000000063e+00 -2.668610999999999987e-04
2.600000000000000000e+04 3.286833999999999811e+00 -2.685768000000000270e-04
2.610000000000000000e+04 3.291132000000000168e+00 -2.702898000000000019e-04
2.620000000000000000e+04 3.295427000000000106e+00 -2.719967999999999908e-04
2.630000000000000000e+04 3.299720000000000208e+00 -2.736932999999999771e-04
2.640000000000000000e+04 3.304009999999999891e+00 -2.753732999999999745e-04
2.650000000000000000e+04 3.308297000000000043e+00 -2.770286000000000059e-04
2.660000000000000000e+04 3.312581999999999915e+00 -2.786488999999999741e-04
2.670000000000000000e+04 3.316863999999999812e+00 -2.802204999999999778e-04
2.680000000000000000e+04 3.321145000000000014e+00 -2.817264000000000205e-04
2.690000000000000000e+04 3.325422999999999796e+00 -2.831458000000000022e-04
2.700000000000000000e+04 3.329699000000000186e+00 -2.844535000000000032e-04
2.710000000000000000e+04 3.333973999999999993e+00 -2.856205000000000007e-04
2.720000000000000000e+04 3.338246999999999964e+00 -2.866157000000000145e-04
2.730000000000000000e+04 3.342518999999999796e+00 -2.874096000000000138e-04
2.740000000000000000e+04 3.346789999999999932e+00 -2.879932999999999994e-04
2.750000000000000000e+04 3.351059999999999928e+00 -2.883903999999999960e-04
2.760000000000000000e+04 3.355329999999999924e+00 -2.886316999999999897e-04
2.770000000000000000e+04 3.359598999999999780e+00 -2.887472999999999993e-04
2.780000000000000000e+04 3.363868000000000080e+00 -2.887637999999999880e-04
2.790000000000000000e+04 3.368136999999999937e+00 -2.887036999999999850e-04
2.800000000000000000e+04 3.372405999999999793e+00 -2.885857000000000244e-04
2.810000000000000000e+04 3.376675000000000093e+00 -2.884245000000000233e-04
2.820000000000000000e+04 3.380945000000000089e+00 -2.882319999999999739e-04
2.830000000000000000e+04 3.385215000000000085e+00 -2.880170999999999838e-04
2.840000000000000000e+04 3.389485000000000081e+00 -2.877867000000000207e-04
2.850000000000000000e+04 3.393756000000000217e+00 -2.875458000000000007e-04
2.860000000000000000e+04 3.398028000000000048e+00 -2.872983000000000069e-04
2.870000000000000000e+04 3.402301000000000020e+00 -2.870467000000000244e-04
2.880000000000000000e+04 3.406573999999999991e+00 -2.867929999999999763e-04
2.890000000000000000e+04 3.410848999999999798e+00 -2.865384999999999807e-04
2.900000000000000000e+04 3.415124000000000049e+00 -2.862839999999999851e-04
2.910000000000000000e+04 3.419401000000000135e+00 -2.860299999999999974e-04
2.920000000000000000e+04 3.423678999999999917e+00 -2.857770000000000254e-04
2.930000000000000000e+04 3.427957999999999839e+00 -2.855250000000000149e-04
2.940000000000000000e+04 3.432237999999999900e+00 -2.852741999999999800e-04
2.950000000000000000e+04 3.436519999999999797e+00 -2.850245999999999748e-04
2.960000000000000000e+04 3.440802000000000138e+00 -2.847761999999999993e-04
2.970000000000000000e+04 3.445087000000000010e+00 -2.845289000000000195e-04
2.980000000000000000e+04 3.449371999999999883e+00 -2.842826999999999811e-04
2.990000000000000000e+04 3.453659000000000034e+00 -2.840375999999999925e-04
3.000000000000000000e+04 3.457948000000000022e+00 -2.837933999999999856e-04
3.010000000000000000e+04 3.462238000000000149e+00 -2.835502999999999743e-04
3.020000000000000000e+04 3.466528999999999971e+00 -2.833083000000000129e-04
3.030000000000000000e+04 3.470820999999999934e+00 -2.830678000000000209e-04
3.040000000000000000e+04 3.475115000000000176e+00 -2.828290999999999921e-04
3.050000000000000000e+04 3.479410999999999810e+00 -2.825929999999999827e-04
3.060000000000000000e+04 3.483706999999999887e+00 -2.823605999999999881e-04
3.070000000000000000e+04 3.488004999999999800e+00 -2.821333999999999778e-04
3.080000000000000000e+04 3.492304999999999993e+00 -2.819138999999999911e-04
3.090000000000000000e+04 3.496605000000000185e+00 -2.817052000000000011e-04
3.100000000000000000e+04 3.500907000000000213e+00 -2.815116999999999902e-04
3.110000000000000000e+04 3.505209999999999937e+00 -2.813393999999999986e-04
3.120000000000000000e+04 3.509513999999999800e+00 -2.811959999999999959e-04
3.130000000000000000e+04 3.513818999999999804e+00 -2.810913999999999969e-04
3.140000000000000000e+04 3.518123999999999807e+00 -2.810380000000000018e-04
3.150000000000000000e+04 3.522431000000000090e+00 -2.810512000000000036e-04
3.160000000000000000e+04 3.526737999999999928e+00 -2.811487000000000209e-04
3.170000000000000000e+04 3.531045999999999907e+00 -2.813510999999999768e-04
3.180000000000000000e+04 3.535355000000000025e+00 -2.816787000000000175e-04
3.190000000000000000e+04 3.539663000000000004e+00 -2.821467000000000137e-04
3.200000000000000000e+04 3.543972000000000122e+00 -2.827468999999999881e-04
3.210000000000000000e+04 3.548280999999999796e+00 -2.834590999999999912e-04
3.220000000000000000e+04 3.552589999999999915e+00 -2.842626000000000115e-04
3.230000000000000000e+04 3.556897999999999893e+00 -2.851384000000000210e-04
3.240000000000000000e+04 3.561205999999999872e+00 -2.860701000000000107e-04
3.250000000000000000e+04 3.565513000000000154e+00 -2.870441999999999850e-04
3.260000000000000000e+04 3.569819999999999993e+00 -2.880498000000000216e-04
3.270000000000000000e+04 3.574126000000000136e+00 -2.890785000000000208e-04
3.280000000000000000e+04 3.578431999999999835e+00 -2.901234999999999947e-04
3.290000000000000000e+04 3.582736000000000143e+00 -2.911801000000000211e-04
3.300000000000000000e+04 3.587040000000000006e+00 -2.922444000000000170e-04
3.310000000000000000e+04 3.591342000000000034e+00 -2.933139999999999771e-04
3.320000000000000000e+04 3.595644000000000062e+00 -2.943870000000000124e-04
3.330000000000000000e+04 3.599944999999999951e+00 -2.954620000000000250e-04
3.340000000000000000e+04 3.604244000000000003e+00 -2.965382000000000131e-04
3.350000000000000000e+04 3.608541999999999916e+00 -2.976152999999999828e-04
3.360000000000000000e+04 3.612839000000000134e+00 -2.986927000000000007e-04
3.370000000000000000e+04 3.617134000000000071e+00 -2.997706000000000264e-04
3.380000000000000000e+04 3.621427999999999869e+00 -3.008487000000000119e-04
3.390000000000000000e+04 3.625720999999999972e+00 -3.019270999999999912e-04
3.400000000000000000e+04 3.630011999999999794e+00 -3.030058999999999986e-04
3.410000000000000000e+04 3.634300999999999782e+00 -3.040852000000000138e-04
3.420000000000000000e+04 3.638589000000000073e+00 -3.051649999999999827e-04
3.430000000000000000e+04 3.642875000000000085e+00 -3.062454999999999735e-04
3.440000000000000000e+04 3.647159999999999958e+00 -3.073268000000000202e-04
3.450000000000000000e+04 3.651442999999999994e+00 -3.084087999999999804e-04
3.460000000000000000e+04 3.655724000000000196e+00 -3.094916999999999764e-04
3.470000000000000000e+04 3.660003999999999813e+00 -3.105753999999999741e-04
3.480000000000000000e+04 3.664280999999999899e+00 -3.116598999999999737e-04
3.490000000000000000e+04 3.668556999999999846e+00 -3.127451999999999750e-04
3.500000000000000000e+04 3.672832000000000097e+00 -3.138309000000000042e-04
3.510000000000000000e+04 3.677103999999999928e+00 -3.149168999999999731e-04
3.520000000000000000e+04 3.681375000000000064e+00 -3.160026000000000024e-04
3.530000000000000000e+04 3.685643999999999920e+00 -3.170874999999999757e-04
3.540000000000000000e+04 3.689910999999999941e+00 -3.181705000000000058e-04
3.550000000000000000e+04 3.694176000000000126e+00 -3.192504000000000088e-04
3.560000000000000000e+04 3.698440000000000172e+00 -3.203254000000000214e-04
3.570000000000000000e+04 3.702700999999999798e+00 -3.213935000000000121e-04
3.580000000000000000e+04 3.706961000000000173e+00 -3.224516000000000079e-04
3.590000000000000000e+04 3.711218999999999824e+00 -3.234962000000000081e-04
3.600000000000000000e+04 3.715475999999999779e+00 -3.245228999999999757e-04
3.610000000000000000e+04 3.719730000000000203e+00 -3.255264000000000009e-04
3.620000000000000000e+04 3.723983000000000043e+00 -3.265006000000000093e-04
3.630000000000000000e+04 3.728234000000000048e+00 -3.274390000000000070e-04
3.640000000000000000e+04 3.732483999999999913e+00 -3.283356000000000078e-04
3.650000000000000000e+04 3.736731999999999942e+00 -3.291891999999999822e-04
3.660000000000000000e+04 3.740978999999999832e+00 -3.300050000000000227e-04
3.670000000000000000e+04 3.745223999999999887e+00 -3.307893999999999808e-04
3.680000000000000000e+04 3.749467999999999801e+00 -3.315486000000000192e-04
3.690000000000000000e+04 3.753709999999999880e+00 -3.322878999999999937e-04
3.700000000000000000e+04 3.757950999999999819e+00 -3.330119000000000091e-04
3.710000000000000000e+04 3.762191000000000063e+00 -3.337244000000000061e-04
3.720000000000000000e+04 3.766429000000000027e+00 -3.344282999999999978e-04
3.730000000000000000e+04 3.770665999999999851e+00 -3.351261000000000235e-04
3.740000000000000000e+04 3.774901999999999980e+00 -3.358193999999999784e-04
3.750000000000000000e+04 3.779136999999999968e+00 -3.365096999999999945e-04
3.760000000000000000e+04 3.783370999999999817e+00 -3.371979999999999791e-04
3.770000000000000000e+04 3.787602999999999831e+00 -3.378850000000000083e-04
3.780000000000000000e+04 3.791834000000000149e+00 -3.385711999999999815e-04
3.790000000000000000e+04 3.796065000000000023e+00 -3.392569000000000010e-04
3.800000000000000000e+04 3.800294000000000061e+00 -3.399424000000000065e-04
3.810000000000000000e+04 3.804521999999999959e+00 -3.406279000000000121e-04
3.820000000000000000e+04 3.808749999999999858e+00 -3.413134000000000176e-04
3.830000000000000000e+04 3.812975999999999921e+00 -3.419989000000000232e-04
3.840000000000000000e+04 3.817201999999999984e+00 -3.426845999999999885e-04
3.850000000000000000e+04 3.821426999999999907e+00 -3.433703999999999880e-04
3.860000000000000000e+04 3.825651000000000135e+00 -3.440563000000000215e-04
3.870000000000000000e+04 3.829873999999999779e+00 -3.447424000000000148e-04
3.880000000000000000e+04 3.834096000000000171e+00 -3.454285999999999880e-04
3.890000000000000000e+04 3.838318000000000119e+00 -3.461148000000000154e-04
3.900000000000000000e+04 3.842538999999999927e+00 -3.468012000000000026e-04
3.910000000000000000e+04 3.846760000000000179e+00 -3.474875999999999898e-04
3.920000000000000000e+04 3.850979999999999848e+00 -3.481741000000000111e-04
3.930000000000000000e+04 3.855198999999999820e+00 -3.488604999999999983e-04
3.940000000000000000e+04 3.859417999999999793e+00 -3.495467000000000257e-04
3.950000000000000000e+04 3.863636000000000070e+00 -3.502326000000000050e-04
3.960000000000000000e+04 3.867853999999999903e+00 -3.509178999999999966e-04
3.970000000000000000e+04 3.872072000000000180e+00 -3.516020999999999925e-04
3.980000000000000000e+04 3.876288999999999874e+00 -3.522848000000000190e-04
3.990000000000000000e+04 3.880506000000000011e+00 -3.529652000000000202e-04
4.000000000000000000e+04 3.884723000000000148e+00 -3.536422000000000003e-04
4.010000000000000000e+04 3.888939000000000146e+00 -3.543144000000000241e-04
4.020000000000000000e+04 3.893155000000000143e+00 -3.549800000000000199e-04
4.030000000000000000e+04 3.897371000000000141e+00 -3.556365000000000025e-04
4.040000000000000000e+04 3.901587000000000138e+00 -3.562808999999999789e-04
4.050000000000000000e+04 3.905803000000000136e+00 -3.569094000000000086e-04
4.060000000000000000e+04 3.910017999999999994e+00 -3.575176000000000005e-04
4.070000000000000000e+04 3.914233999999999991e+00 -3.580999999999999765e-04
4.080000000000000000e+04 3.918449999999999989e+00 -3.586508999999999986e-04
4.090000000000000000e+04 3.922665999999999986e+00 -3.591641999999999925e-04
4.100000000000000000e+04 3.926881999999999984e+00 -3.596361999999999975e-04
4.110000000000000000e+04 3.931097999999999981e+00 -3.600698000000000266e-04
4.120000000000000000e+04 3.935315000000000119e+00 -3.604707000000000180e-04
4.130000000000000000e+04 3.939531999999999812e+00 -3.608449999999999917e-04
4.140000000000000000e+04 3.943748999999999949e+00 -3.611981999999999801e-04
4.150000000000000000e+04 3.947966999999999782e+00 -3.615348999999999798e-04
4.160000000000000000e+04 3.952185000000000059e+00 -3.618590999999999995e-04
4.170000000000000000e+04 3.956402999999999892e+00 -3.621739000000000121e-04
4.180000000000000000e+04 3.960621999999999865e+00 -3.624820000000000169e-04
4.190000000000000000e+04 3.964841999999999977e+00 -3.627851999999999770e-04
4.200000000000000000e+04 3.969062000000000090e+00 -3.630851000000000044e-04
4.210000000000000000e+04 3.973282999999999898e+00 -3.633827999999999863e-04
4.220000000000000000e+04 3.977504000000000151e+00 -3.636790999999999787e-04
4.230000000000000000e+04 3.981726000000000099e+00 -3.639746000000000235e-04
4.240000000000000000e+04 3.985948000000000047e+00 -3.642696999999999862e-04
4.250000000000000000e+04 3.990171000000000134e+00 -3.645647000000000232e-04
4.260000000000000000e+04 3.994393999999999778e+00 -3.648597000000000060e-04
4.270000000000000000e+04 3.998618000000000006e+00 -3.651549000000000027e-04
4.280000000000000000e+04 4.002843000000000373e+00 -3.654501999999999794e-04
4.290000000000000000e+04 4.007068000000000296e+00 -3.657458000000000042e-04
4.300000000000000000e+04 4.011294000000000359e+00 -3.660415000000000088e-04
4.310000000000000000e+04 4.015520999999999674e+00 -3.663372000000000134e-04
4.320000000000000000e+04 4.019747999999999877e+00 -3.666329999999999980e-04
4.330000000000000000e+04 4.023975000000000080e+00 -3.669287000000000026e-04
4.340000000000000000e+04 4.028203000000000422e+00 -3.672242999999999731e-04
4.350000000000000000e+04 4.032432000000000016e+00 -3.675196999999999839e-04
4.360000000000000000e+04 4.036660999999999611e+00 -3.678148999999999807e-04
4.370000000000000000e+04 4.040891000000000233e+00 -3.681099999999999975e-04
4.380000000000000000e+04 4.045120999999999967e+00 -3.684049999999999803e-04
4.390000000000000000e+04 4.049350999999999701e+00 -3.687003999999999911e-04
4.400000000000000000e+04 4.053581999999999574e+00 -3.689966999999999835e-04
4.410000000000000000e+04 4.057813999999999588e+00 -3.692947000000000135e-04
4.420000000000000000e+04 4.062045999999999601e+00 -3.695958000000000164e-04
4.430000000000000000e+04 4.066277999999999615e+00 -3.699018999999999897e-04
4.440000000000000000e+04 4.070509999999999629e+00 -3.702159999999999804e-04
4.450000000000000000e+04 4.074742999999999782e+00 -3.705418000000000036e-04
4.460000000000000000e+04 4.078975999999999935e+00 -3.708846000000000235e-04
4.470000000000000000e+04 4.083209000000000088e+00 -3.712516000000000015e-04
4.480000000000000000e+04 4.087442000000000242e+00 -3.716519000000000051e-04
4.490000000000000000e+04 4.091675000000000395e+00 -3.720972999999999924e-04
4.500000000000000000e+04 4.095908999999999800e+00 -3.726027000000000028e-04
4.510000000000000000e+04 4.100141999999999953e+00 -3.731861999999999745e-04
4.520000000000000000e+04 4.104375000000000107e+00 -3.738694000000000088e-04
4.530000000000000000e+04 4.108608000000000260e+00 -3.746770999999999977e-04
4.540000000000000000e+04 4.112841000000000413e+00 -3.756353000000000253e-04
4.550000000000000000e+04 4.117073000000000427e+00 -3.767676000000000076e-04
4.560000000000000000e+04 4.121305000000000440e+00 -3.780753000000000087e-04
4.570000000000000000e+04 4.125536000000000314e+00 -3.795361999999999933e-04
4.580000000000000000e+04 4.129766000000000048e+00 -3.811241000000000260e-04
4.590000000000000000e+04 4.133994999999999642e+00 -3.828142999999999780e-04
4.600000000000000000e+04 4.138224000000000125e+00 -3.845847999999999910e-04
4.610000000000000000e+04 4.142451000000000327e+00 -3.864170999999999904e-04
4.620000000000000000e+04 4.146677999999999642e+00 -3.882962000000000110e-04
4.630000000000000000e+04 4.150902999999999565e+00 -3.902101000000000267e-04
4.640000000000000000e+04 4.155128000000000377e+00 -3.921493999999999761e-04
4.650000000000000000e+04 4.159351000000000020e+00 -3.941071000000000201e-04
4.660000000000000000e+04 4.163573999999999664e+00 -3.960780000000000117e-04
4.670000000000000000e+04 4.167794999999999916e+00 -3.980586999999999841e-04
4.680000000000000000e+04 4.172016000000000169e+00 -4.000472000000000142e-04
4.690000000000000000e+04 4.176236000000000281e+00 -4.020428000000000261e-04
4.700000000000000000e+04 4.180456000000000394e+00 -4.040458999999999934e-04
4.710000000000000000e+04 4.184674000000000227e+00 -4.060585000000000019e-04
4.720000000000000000e+04 4.188892000000000060e+00 -4.080835000000000105e-04
4.730000000000000000e+04 4.193109999999999893e+00 -4.101258000000000095e-04
4.740000000000000000e+04 4.197326999999999586e+00 -4.121918000000000131e-04
4.750000000000000000e+04 4.201544000000000167e+00 -4.142896999999999986e-04
4.760000000000000000e+04 4.205759999999999721e+00 -4.164301999999999826e-04
4.770000000000000000e+04 4.209977000000000302e+00 -4.186263000000000072e-04
4.780000000000000000e+04 4.214193999999999996e+00 -4.208932999999999772e-04
4.790000000000000000e+04 4.218410000000000437e+00 -4.232487999999999854e-04
4.800000000000000000e+04 4.222627000000000130e+00 -4.257118000000000057e-04
4.810000000000000000e+04 4.226844999999999963e+00 -4.283016000000000058e-04
4.820000000000000000e+04 4.231062999999999796e+00 -4.310354999999999764e-04
4.830000000000000000e+04 4.235280999999999629e+00 -4.339249000000000101e-04
4.840000000000000000e+04 4.239499999999999602e+00 -4.369697999999999985e-04
4.850000000000000000e+04 4.243720999999999854e+00 -4.401499999999999922e-04
4.860000000000000000e+04 4.247940999999999967e+00 -4.434133000000000258e-04
4.870000000000000000e+04 4.252163000000000359e+00 -4.466580999999999850e-04
4.880000000000000000e+04 4.256386000000000003e+00 -4.497099999999999752e-04
4.890000000000000000e+04 4.260608999999999646e+00 -4.522894000000000068e-04
4.900000000000000000e+04 4.264832000000000178e+00 -4.539686999999999824e-04
4.910000000000000000e+04 4.269055999999999962e+00 -4.541155000000000061e-04
4.920000000000000000e+04 4.273280999999999885e+00 -4.518174000000000018e-04
4.930000000000000000e+04 4.277504999999999669e+00 -4.457838999999999790e-04
4.940000000000000000e+04 4.281728000000000200e+00 -4.342225000000000121e-04
4.950000000000000000e+04 4.285951999999999984e+00 -4.147530999999999982e-04
4.960000000000000000e+04 4.290175999999999767e+00 -3.839280999999999944e-04
4.970000000000000000e+04 4.294400000000000439e+00 -3.364713000000000187e-04
4.980000000000000000e+04 4.298631000000000313e+00 -2.675474000000000060e-04
4.990000000000000000e+04 4.302868000000000137e+00 -1.600399999999999924e-04
5.000000000000000000e+04 4.307127000000000372e+00 0.000000000000000000e+00
