4090 500 -1569846197557 0
4242 245 -3095844079965 0
4393 500 -1700526637113 0
2878 500 -1104780374131 0
3030 245 -2226294502687 0
3181 500 -1221065982129 0
1363 500 -523317436199 0
1515 245 -1113146921179 0
1666 500 -639606602716 0
151 500 -58146412901 0
303 245 -222629319882 0
454 500 -174438012709 0
-1060 500 409011001148 0
-909 245 667930981534 0
-757 500 290729912917 0
-1212 245 890582273303 0
-1969 500 759591580144 0
-1818 245 1335862767583 0
-1666 500 639609986361 0
-2121 245 1558622405657 0
-2424 245 1781169176188 0
-2272 500 876457627098 0
-3181 500 1227032463548 0
-3030 245 2226437701064 0
-2878 500 1104779501772 0
-3333 245 2449264960226 0
-3636 245 2671943599413 0
-3484 500 1343901669175 0
-3939 245 2894363778862 0
-3787 500 1460762968925 0
-4242 245 3096424166684 0
-4090 500 1577429856868 0
-4534 237 3181934630232 0
-4393 500 1700559359817 0
-5000 500 1167300409427 0
-4773 287 2631966655531 0
-4696 500 1555765611040 0
-2727 247 2003332688326 0
-2575 500 988492620880 0
-1515 247 1112963770319 0
-1363 500 523319397073 0
-606 247 445151841590 0
-454 500 173586295374 0
-5000 -500 1171442075247 0
-4772 -286 2647519831720 0
-5000 -166 1941327033023 0
-303 247 222562824358 0
-151 500 57862484660 0
-4696 -500 1572794255966 0
0 247 776408 0
-4737 0 4100090386659 0
-5000 166 1934864636489 0
606 247 -445147968411 0
757 500 -289310447737 0
909 247 -667678012354 0
1060 500 -405036953402 0
1212 247 -890310473269 0
1818 247 -1335447371912 0
1969 500 -752206455357 0
2121 247 -1557918661351 0
2272 500 -867933960782 0
-3030 -237 2365100107560 0
-3333 -237 2601240527116 0
-3181 -500 1265166224520 0
2424 247 -1780484120613 0
2575 500 -983662689201 0
2727 247 -2003199868779 0
3333 247 -2448330389995 0
3484 500 -1330832287985 0
3636 247 -2670751179168 0
3787 500 -1446580389414 0
-1818 -237 1419060220632 0
-2121 -237 1655333147041 0
-1969 -500 783198195792 0
3939 247 -2893620371115 0
4534 237 -3181874104898 0
4696 500 -1555763282479 0
5000 500 -1167300156902 0
4773 287 -2631962758919 0
5000 166 -1934864911413 0
-909 -237 709532377597 0
-1212 -237 946049246841 0
-1060 -500 421722214008 0
-757 15 555812235862 0
-1060 15 776378274555 0
-454 15 334345525230 0
-606 -237 473080832400 0
-151 15 111452093578 0
-303 -237 236575785006 0
303 -237 -236546742303 0
0 -237 0 0
151 -500 -60246099683 0
454 15 -333620481223 0
151 15 -111132091321 0
757 15 -557248071039 0
606 -237 -473080836992 0
1060 15 -780153301656 0
909 -237 -709727120809 0
1515 -237 -1182734894614 0
1212 -237 -946168344311 0
1363 -500 -542215175488 0
1666 15 -1223104151947 0
1363 15 -1000628433433 0
1969 15 -1448848488831 0
1818 -237 -1419241540848 0
2272 15 -1671895891083 0
2121 -237 -1656032762649 0
3030 -237 -2365466334836 0
2727 -237 -2128877977195 0
2878 -500 -1144674316744 0
3181 15 -2334976639761 0
2878 15 -2112496847335 0
3484 15 -2563536561616 0
3333 -237 -2601953237052 0
4242 -237 -3260582978541 0
3939 -237 -3075928582704 0
4090 -500 -1626642345472 0
5000 -500 -1171442075247 0
4772 -286 -2647519687713 0
4696 -500 -1572793959985 0
4531 -232 -3268395146312 0
4393 -500 -1735328813204 0
4737 0 -4100026062433 0
5000 -166 -1941326976221 0
3787 -500 -1506152094463 0
2575 -500 -1024184662171 0
-1363 -500 542215175488 0
-1515 -237 1182529161959 0
-1666 -500 662707016993 0
-1363 15 1000563356422 0
-2272 -500 903691097628 0
-1969 15 1441708959072 0
-2424 -237 1892095628442 0
-2575 -500 1024184662171 0
-2272 15 1663537295246 0
-2727 -237 2128549722951 0
-2878 -500 1144674316744 0
-2575 15 1889891278610 0
-3484 -500 1385661180747 0
-3181 15 2328918357301 0
-3636 -237 2837728833579 0
-3787 -500 1506152094463 0
-3484 15 2550552552626 0
-3939 -237 3074744878442 0
-4090 -500 1626642345472 0
-3787 15 2773502022197 0
-4242 -237 3260566719675 0
-4393 -500 1735329146079 0
-4091 15 3014448981574 0
-4531 -232 3268418368890 0
-4400 12 3273397803972 0
-2878 15 2112076763465 0
-1666 15 1222757494187 0
-757 -500 301230352622 0
-454 -500 180738239406 0
-151 -500 60246099683 0
454 -500 -180738239406 0
757 -500 -301230352622 0
1060 -500 -421722214008 0
1666 -500 -662707016993 0
1969 -500 -783198195792 0
2272 -500 -903691097628 0
2424 -237 -1892608090254 0
2575 15 -1894661082973 0
3181 -500 -1265166224520 0
3484 -500 -1385661180747 0
3636 -237 -2839003893851 0
4091 15 -3022116240937 0
3787 15 -2788249784328 0
4400 12 -3272710240542 0
