-5.000000000000000000e+04 4.233327999999999527e-05
-4.990000000000000000e+04 4.241009000000000174e-05
-4.980000000000000000e+04 4.246523000000000338e-05
-4.970000000000000000e+04 4.250239999999998799e-05
-4.960000000000000000e+04 4.252800000000001024e-05
-4.950000000000000000e+04 4.254580000000000861e-05
-4.940000000000000000e+04 4.255789999999998771e-05
-4.930000000000000000e+04 4.256610000000001247e-05
-4.920000000000000000e+04 4.257129999999997643e-05
-4.910000000000000000e+04 4.257459999999997689e-05
-4.900000000000000000e+04 4.257600000000000029e-05
-4.890000000000000000e+04 4.257620000000003461e-05
-4.880000000000000000e+04 4.257539999999997187e-05
-4.870000000000000000e+04 4.257370000000003591e-05
-4.860000000000000000e+04 4.257110000000001665e-05
-4.850000000000000000e+04 4.256809999999999652e-05
-4.840000000000000000e+04 4.256419999999996764e-05
-4.830000000000000000e+04 4.255990000000001242e-05
-4.820000000000000000e+04 4.255510000000004256e-05
-4.810000000000000000e+04 4.254979999999991574e-05
-4.800000000000000000e+04 4.254400000000005210e-05
-4.790000000000000000e+04 4.253779999999998429e-05
-4.780000000000000000e+04 4.253110000000004414e-05
-4.770000000000000000e+04 4.252389999999994704e-05
-4.760000000000000000e+04 4.251699999999997257e-05
-4.750000000000000000e+04 4.250900000000001601e-05
-4.740000000000000000e+04 4.250100000000006623e-05
-4.730000000000000000e+04 4.249299999999997415e-05
-4.720000000000000000e+04 4.248500000000002437e-05
-4.710000000000000000e+04 4.247500000000001600e-05
-4.700000000000000000e+04 4.246699999999992392e-05
-4.690000000000000000e+04 4.245799999999993806e-05
-4.680000000000000000e+04 4.244800000000020752e-05
-4.670000000000000000e+04 4.243999999999997991e-05
-4.660000000000000000e+04 4.242999999999996476e-05
-4.650000000000000000e+04 4.242099999999998568e-05
-4.640000000000000000e+04 4.241099999999997731e-05
-4.630000000000000000e+04 4.240199999999999823e-05
-4.620000000000000000e+04 4.239300000000001238e-05
-4.610000000000000000e+04 4.238400000000003330e-05
-4.600000000000000000e+04 4.237500000000005422e-05
-4.590000000000000000e+04 4.236599999999979054e-05
-4.580000000000000000e+04 4.235800000000011859e-05
-4.570000000000000000e+04 4.234999999999989099e-05
-4.560000000000000000e+04 4.234100000000018296e-05
-4.550000000000000000e+04 4.233500000000001395e-05
-4.540000000000000000e+04 4.232799999999980887e-05
-4.530000000000000000e+04 4.232200000000019551e-05
-4.520000000000000000e+04 4.231599999999974190e-05
-4.510000000000000000e+04 4.231100000000015106e-05
-4.500000000000000000e+04 4.230600000000001135e-05
-4.490000000000000000e+04 4.230099999999986486e-05
-4.480000000000000000e+04 4.229800000000005479e-05
-4.470000000000000000e+04 4.229299999999991508e-05
-4.460000000000000000e+04 4.229000000000010501e-05
-4.450000000000000000e+04 4.228700000000001712e-05
-4.440000000000000000e+04 4.228399999999993600e-05
-4.430000000000000000e+04 4.228100000000012594e-05
-4.420000000000000000e+04 4.227800000000003804e-05
-4.410000000000000000e+04 4.227700000000000875e-05
-4.400000000000000000e+04 4.227499999999995015e-05
-4.390000000000000000e+04 4.227399999999992085e-05
-4.380000000000000000e+04 4.227199999999986226e-05
-4.370000000000000000e+04 4.227200000000041791e-05
-4.360000000000000000e+04 4.227099999999983974e-05
-4.350000000000000000e+04 4.227099999999983974e-05
-4.340000000000000000e+04 4.227199999999986226e-05
-4.330000000000000000e+04 4.227100000000038861e-05
-4.320000000000000000e+04 4.227199999999986226e-05
-4.310000000000000000e+04 4.227299999999989155e-05
-4.300000000000000000e+04 4.227499999999995015e-05
-4.290000000000000000e+04 4.227599999999997945e-05
-4.280000000000000000e+04 4.227800000000003804e-05
-4.270000000000000000e+04 4.228000000000009664e-05
-4.260000000000000000e+04 4.228300000000018453e-05
-4.250000000000000000e+04 4.228499999999968070e-05
-4.240000000000000000e+04 4.228800000000032424e-05
-4.230000000000000000e+04 4.229199999999988578e-05
-4.220000000000000000e+04 4.229499999999997368e-05
-4.210000000000000000e+04 4.229900000000008409e-05
-4.200000000000000000e+04 4.230399999999967493e-05
-4.190000000000000000e+04 4.230800000000034777e-05
-4.180000000000000000e+04 4.231199999999990253e-05
-4.170000000000000000e+04 4.231800000000007832e-05
-4.160000000000000000e+04 4.232299999999966915e-05
-4.150000000000000000e+04 4.232800000000036452e-05
-4.140000000000000000e+04 4.233500000000001395e-05
-4.130000000000000000e+04 4.233999999999959801e-05
-4.120000000000000000e+04 4.234700000000035875e-05
-4.110000000000000000e+04 4.235400000000000140e-05
-4.100000000000000000e+04 4.235999999999962153e-05
-4.090000000000000000e+04 4.236800000000040479e-05
-4.080000000000000000e+04 4.237500000000005422e-05
-4.070000000000000000e+04 4.238299999999972618e-05
-4.060000000000000000e+04 4.238999999999992449e-05
-4.050000000000000000e+04 4.239900000000018817e-05
-4.040000000000000000e+04 4.240699999999986012e-05
-4.030000000000000000e+04 4.241600000000011702e-05
-4.020000000000000000e+04 4.242599999999985435e-05
-4.010000000000000000e+04 4.243400000000008195e-05
-4.000000000000000000e+04 4.244399999999981250e-05
-3.990000000000000000e+04 4.245500000000013477e-05
-3.980000000000000000e+04 4.246399999999983602e-05
-3.970000000000000000e+04 4.247500000000015152e-05
-3.960000000000000000e+04 4.248599999999991137e-05
-3.950000000000000000e+04 4.249800000000025617e-05
-3.940000000000000000e+04 4.250900000000001601e-05
-3.930000000000000000e+04 4.252099999999981193e-05
-3.920000000000000000e+04 4.253300000000015673e-05
-3.910000000000000000e+04 4.254499999999994587e-05
-3.900000000000000000e+04 4.255899999999979361e-05
-3.890000000000000000e+04 4.257200000000016770e-05
-3.880000000000000000e+04 4.258600000000001544e-05
-3.870000000000000000e+04 4.259899999999983388e-05
-3.860000000000000000e+04 4.261400000000025980e-05
-3.850000000000000000e+04 4.262900000000013684e-05
-3.840000000000000000e+04 4.264299999999998457e-05
-3.830000000000000000e+04 4.265999999999936455e-05
-3.820000000000000000e+04 4.267500000000090855e-05
-3.810000000000000000e+04 4.269099999999914792e-05
-3.800000000000000000e+04 4.270700000000071444e-05
-3.790000000000000000e+04 4.272500000000012372e-05
-3.780000000000000000e+04 4.274200000000005935e-05
-3.770000000000000000e+04 4.275999999999946185e-05
-3.760000000000000000e+04 4.277799999999998243e-05
-3.750000000000000000e+04 4.279600000000050302e-05
-3.740000000000000000e+04 4.281499999999937916e-05
-3.730000000000000000e+04 4.283499999999995834e-05
-3.720000000000000000e+04 4.285500000000053074e-05
-3.710000000000000000e+04 4.287399999999941366e-05
-3.700000000000000000e+04 4.289600000000004466e-05
-3.690000000000000000e+04 4.291600000000061707e-05
-3.680000000000000000e+04 4.293799999999903223e-05
-3.670000000000000000e+04 4.296000000000077453e-05
-3.660000000000000000e+04 4.298200000000030100e-05
-3.650000000000000000e+04 4.300599999999987929e-05
-3.640000000000000000e+04 4.302899999999998393e-05
-3.630000000000000000e+04 4.305499999999962081e-05
-3.620000000000000000e+04 4.307900000000031040e-05
-3.610000000000000000e+04 4.310599999999942093e-05
-3.600000000000000000e+04 4.313100000000069548e-05
-3.590000000000000000e+04 4.315899999999927965e-05
-3.580000000000000000e+04 4.318500000000002783e-05
-3.570000000000000000e+04 4.321299999999972331e-05
-3.560000000000000000e+04 4.324000000000105645e-05
-3.550000000000000000e+04 4.326699999999905567e-05
-3.540000000000000000e+04 4.329499999999986246e-05
-3.530000000000000000e+04 4.332400000000014289e-05
-3.520000000000000000e+04 4.335100000000036472e-05
-3.510000000000000000e+04 4.337900000000005342e-05
-3.500000000000000000e+04 4.340699999999974890e-05
-3.490000000000000000e+04 4.343500000000055568e-05
-3.480000000000000000e+04 4.346299999999913985e-05
-3.470000000000000000e+04 4.349100000000105795e-05
-3.460000000000000000e+04 4.351799999999905717e-05
-3.450000000000000000e+04 4.354600000000097526e-05
-3.440000000000000000e+04 4.357299999999897448e-05
-3.430000000000000000e+04 4.360000000000030762e-05
-3.420000000000000000e+04 4.362700000000052945e-05
-3.410000000000000000e+04 4.365300000000016633e-05
-3.400000000000000000e+04 4.367899999999980322e-05
-3.390000000000000000e+04 4.370499999999944010e-05
-3.380000000000000000e+04 4.373000000000071464e-05
-3.370000000000000000e+04 4.375499999999976657e-05
-3.360000000000000000e+04 4.377899999999934486e-05
-3.350000000000000000e+04 4.380300000000003445e-05
-3.340000000000000000e+04 4.382600000000014587e-05
-3.330000000000000000e+04 4.384800000000077687e-05
-3.320000000000000000e+04 4.386999999999918525e-05
-3.310000000000000000e+04 4.389199999999982303e-05
-3.300000000000000000e+04 4.391100000000092179e-05
-3.290000000000000000e+04 4.393199999999986330e-05
-3.280000000000000000e+04 4.394999999999926580e-05
-3.270000000000000000e+04 4.396900000000037134e-05
-3.260000000000000000e+04 4.398499999999972202e-05
-3.250000000000000000e+04 4.400200000000076218e-05
-3.240000000000000000e+04 4.401699999999952791e-05
-3.230000000000000000e+04 4.403200000000051626e-05
-3.220000000000000000e+04 4.404399999999974975e-05
-3.210000000000000000e+04 4.405600000000009454e-05
-3.200000000000000000e+04 4.406699999999985439e-05
-3.190000000000000000e+04 4.407599999999956241e-05
-3.180000000000000000e+04 4.408300000000031638e-05
-3.170000000000000000e+04 4.408900000000049216e-05
-3.160000000000000000e+04 4.409399999999896491e-05
-3.150000000000000000e+04 4.409600000000013482e-05
-3.140000000000000000e+04 4.409800000000019341e-05
-3.130000000000000000e+04 4.409800000000019341e-05
-3.120000000000000000e+04 4.409899999999966706e-05
-3.110000000000000000e+04 4.409600000000013482e-05
-3.100000000000000000e+04 4.409500000000066117e-05
-3.090000000000000000e+04 4.409099999999943945e-05
-3.080000000000000000e+04 4.408599999999984862e-05
-3.070000000000000000e+04 4.408199999999973142e-05
-3.060000000000000000e+04 4.407500000000008877e-05
-3.050000000000000000e+04 4.406899999999991298e-05
-3.040000000000000000e+04 4.406100000000079669e-05
-3.030000000000000000e+04 4.405299999999945100e-05
-3.020000000000000000e+04 4.404399999999974975e-05
-3.010000000000000000e+04 4.403400000000057485e-05
-3.000000000000000000e+04 4.402299999999970370e-05
-2.990000000000000000e+04 4.401300000000052203e-05
-2.980000000000000000e+04 4.400100000000017723e-05
-2.970000000000000000e+04 4.398799999999924748e-05
-2.960000000000000000e+04 4.397600000000001399e-05
-2.950000000000000000e+04 4.396200000000072191e-05
-2.940000000000000000e+04 4.394799999999920721e-05
-2.930000000000000000e+04 4.393399999999991512e-05
-2.920000000000000000e+04 4.392000000000062304e-05
-2.910000000000000000e+04 4.390400000000016783e-05
-2.900000000000000000e+04 4.388899999999917948e-05
-2.890000000000000000e+04 4.387300000000094011e-05
-2.880000000000000000e+04 4.385699999999936681e-05
-2.870000000000000000e+04 4.384000000000054249e-05
-2.860000000000000000e+04 4.382400000000008728e-05
-2.850000000000000000e+04 4.380699999999904034e-05
-2.840000000000000000e+04 4.379000000000021601e-05
-2.830000000000000000e+04 4.377199999999970221e-05
-2.820000000000000000e+04 4.375500000000087788e-05
-2.810000000000000000e+04 4.373799999999983094e-05
-2.800000000000000000e+04 4.371999999999931713e-05
-2.790000000000000000e+04 4.370300000000049281e-05
-2.780000000000000000e+04 4.368499999999997223e-05
-2.770000000000000000e+04 4.366800000000004337e-05
-2.760000000000000000e+04 4.364999999999952279e-05
-2.750000000000000000e+04 4.363300000000069846e-05
-2.740000000000000000e+04 4.361599999999965830e-05
-2.730000000000000000e+04 4.359899999999972267e-05
-2.720000000000000000e+04 4.358300000000037199e-05
-2.710000000000000000e+04 4.356699999999991000e-05
-2.700000000000000000e+04 4.355200000000003296e-05
-2.690000000000000000e+04 4.353599999999957775e-05
-2.680000000000000000e+04 4.352099999999970071e-05
-2.670000000000000000e+04 4.350999999999994087e-05
-2.660000000000000000e+04 4.349000000000158430e-05
-2.650000000000000000e+04 4.346999999999878929e-05
-2.640000000000000000e+04 4.345999999999960761e-05
-2.630000000000000000e+04 4.345000000000043272e-05
-2.620000000000000000e+04 4.342999999999986032e-05
-2.610000000000000000e+04 4.342000000000067865e-05
-2.600000000000000000e+04 4.340999999999928114e-05
-2.590000000000000000e+04 4.339000000000092457e-05
-2.580000000000000000e+04 4.337000000000035217e-05
-2.570000000000000000e+04 4.337000000000035217e-05
-2.560000000000000000e+04 4.334999999999977977e-05
-2.550000000000000000e+04 4.332999999999920059e-05
-2.540000000000000000e+04 4.332999999999920059e-05
-2.530000000000000000e+04 4.331000000000085080e-05
-2.520000000000000000e+04 4.329000000000027162e-05
-2.510000000000000000e+04 4.329000000000027162e-05
-2.500000000000000000e+04 4.326999999999969922e-05
-2.490000000000000000e+04 4.324999999999912004e-05
-2.480000000000000000e+04 4.325000000000134265e-05
-2.470000000000000000e+04 4.322999999999854764e-05
-2.460000000000000000e+04 4.322000000000158858e-05
-2.450000000000000000e+04 4.321000000000019107e-05
-2.440000000000000000e+04 4.319999999999879356e-05
-2.430000000000000000e+04 4.318000000000043700e-05
-2.420000000000000000e+04 4.316999999999903949e-05
-2.410000000000000000e+04 4.315999999999986460e-05
-2.400000000000000000e+04 4.315000000000068970e-05
-2.390000000000000000e+04 4.313999999999929219e-05
-2.380000000000000000e+04 4.312000000000093563e-05
-2.370000000000000000e+04 4.312000000000093563e-05
-2.360000000000000000e+04 4.309999999999814061e-05
-2.350000000000000000e+04 4.309000000000118156e-05
-2.340000000000000000e+04 4.307999999999978405e-05
-2.330000000000000000e+04 4.307000000000060915e-05
-2.320000000000000000e+04 4.305000000000002997e-05
-2.310000000000000000e+04 4.305000000000002997e-05
-2.300000000000000000e+04 4.302999999999945757e-05
-2.290000000000000000e+04 4.302999999999945757e-05
-2.280000000000000000e+04 4.301000000000110101e-05
-2.270000000000000000e+04 4.299999999999970350e-05
-2.260000000000000000e+04 4.299000000000052860e-05
-2.250000000000000000e+04 4.297999999999913110e-05
-2.240000000000000000e+04 4.296999999999994943e-05
-2.230000000000000000e+04 4.296000000000077453e-05
-2.220000000000000000e+04 4.294999999999937702e-05
-2.210000000000000000e+04 4.294000000000020213e-05
-2.200000000000000000e+04 4.291999999999962295e-05
-2.190000000000000000e+04 4.291999999999962295e-05
-2.180000000000000000e+04 4.291000000000044806e-05
-2.170000000000000000e+04 4.288999999999987565e-05
-2.160000000000000000e+04 4.288999999999987565e-05
-2.150000000000000000e+04 4.288000000000069398e-05
-2.140000000000000000e+04 4.286000000000012158e-05
-2.130000000000000000e+04 4.286000000000012158e-05
-2.120000000000000000e+04 4.284999999999872407e-05
-2.110000000000000000e+04 4.283999999999954240e-05
-2.100000000000000000e+04 4.283000000000036751e-05
-2.090000000000000000e+04 4.282000000000119261e-05
-2.080000000000000000e+04 4.280999999999979510e-05
-2.070000000000000000e+04 4.280999999999979510e-05
-2.060000000000000000e+04 4.278999999999921592e-05
-2.050000000000000000e+04 4.279000000000143854e-05
-2.040000000000000000e+04 4.278000000000004103e-05
-2.030000000000000000e+04 4.276999999999864352e-05
-2.020000000000000000e+04 4.277000000000086614e-05
-2.010000000000000000e+04 4.275999999999946185e-05
-2.000000000000000000e+04 4.275000000000028696e-05
-1.990000000000000000e+04 4.273999999999888945e-05
-1.980000000000000000e+04 4.274000000000111206e-05
-1.970000000000000000e+04 4.272999999999971455e-05
-1.960000000000000000e+04 4.272000000000053288e-05
-1.950000000000000000e+04 4.272000000000053288e-05
-1.940000000000000000e+04 4.271999999999831705e-05
-1.930000000000000000e+04 4.269999999999996048e-05
-1.920000000000000000e+04 4.271000000000135799e-05
-1.910000000000000000e+04 4.269999999999996048e-05
-1.900000000000000000e+04 4.268999999999856297e-05
-1.890000000000000000e+04 4.269000000000078559e-05
-1.880000000000000000e+04 4.269000000000078559e-05
-1.870000000000000000e+04 4.267999999999938808e-05
-1.860000000000000000e+04 4.267999999999938808e-05
-1.850000000000000000e+04 4.267999999999938808e-05
-1.840000000000000000e+04 4.267000000000020641e-05
-1.830000000000000000e+04 4.268000000000160392e-05
-1.820000000000000000e+04 4.267000000000020641e-05
-1.810000000000000000e+04 4.266999999999799057e-05
-1.800000000000000000e+04 4.267000000000020641e-05
-1.790000000000000000e+04 4.267000000000020641e-05
-1.780000000000000000e+04 4.267000000000020641e-05
-1.770000000000000000e+04 4.267000000000020641e-05
-1.760000000000000000e+04 4.267000000000020641e-05
-1.750000000000000000e+04 4.267000000000020641e-05
-1.740000000000000000e+04 4.267999999999938808e-05
-1.730000000000000000e+04 4.267000000000020641e-05
-1.720000000000000000e+04 4.267999999999938808e-05
-1.710000000000000000e+04 4.268000000000160392e-05
-1.700000000000000000e+04 4.267999999999938808e-05
-1.690000000000000000e+04 4.267999999999938808e-05
-1.680000000000000000e+04 4.269000000000078559e-05
-1.670000000000000000e+04 4.267999999999938808e-05
-1.660000000000000000e+04 4.269000000000078559e-05
-1.650000000000000000e+04 4.268999999999856297e-05
-1.640000000000000000e+04 4.269000000000078559e-05
-1.630000000000000000e+04 4.269999999999996048e-05
-1.620000000000000000e+04 4.269000000000078559e-05
-1.610000000000000000e+04 4.269999999999996048e-05
-1.600000000000000000e+04 4.269999999999996048e-05
-1.590000000000000000e+04 4.269999999999996048e-05
-1.580000000000000000e+04 4.269999999999996048e-05
-1.570000000000000000e+04 4.270999999999913537e-05
-1.560000000000000000e+04 4.269999999999996048e-05
-1.550000000000000000e+04 4.271000000000135799e-05
-1.540000000000000000e+04 4.270999999999913537e-05
-1.530000000000000000e+04 4.269999999999996048e-05
-1.520000000000000000e+04 4.270999999999913537e-05
-1.510000000000000000e+04 4.271000000000135799e-05
-1.500000000000000000e+04 4.269999999999996048e-05
-1.490000000000000000e+04 4.270999999999913537e-05
-1.480000000000000000e+04 4.271000000000135799e-05
-1.470000000000000000e+04 4.269999999999996048e-05
-1.460000000000000000e+04 4.269999999999996048e-05
-1.450000000000000000e+04 4.269999999999996048e-05
-1.440000000000000000e+04 4.269999999999996048e-05
-1.430000000000000000e+04 4.269999999999996048e-05
-1.420000000000000000e+04 4.268999999999856297e-05
-1.410000000000000000e+04 4.269000000000078559e-05
-1.400000000000000000e+04 4.267999999999938808e-05
-1.390000000000000000e+04 4.268000000000160392e-05
-1.380000000000000000e+04 4.266999999999799057e-05
-1.370000000000000000e+04 4.266000000000103151e-05
-1.360000000000000000e+04 4.266000000000103151e-05
-1.350000000000000000e+04 4.263999999999823650e-05
-1.340000000000000000e+04 4.264000000000045233e-05
-1.330000000000000000e+04 4.263000000000127744e-05
-1.320000000000000000e+04 4.260999999999848242e-05
-1.310000000000000000e+04 4.260000000000152337e-05
-1.300000000000000000e+04 4.258999999999791002e-05
-1.290000000000000000e+04 4.258000000000095096e-05
-1.280000000000000000e+04 4.256999999999955346e-05
-1.270000000000000000e+04 4.255000000000119689e-05
-1.260000000000000000e+04 4.253999999999979938e-05
-1.250000000000000000e+04 4.252999999999840187e-05
-1.240000000000000000e+04 4.252000000000144282e-05
-1.230000000000000000e+04 4.249999999999864780e-05
-1.220000000000000000e+04 4.249000000000169552e-05
-1.210000000000000000e+04 4.248000000000029801e-05
-1.200000000000000000e+04 4.246999999999890050e-05
-1.190000000000000000e+04 4.245999999999971883e-05
-1.180000000000000000e+04 4.244000000000136227e-05
-1.170000000000000000e+04 4.242999999999996476e-05
-1.160000000000000000e+04 4.242999999999996476e-05
-1.150000000000000000e+04 4.240999999999939236e-05
-1.140000000000000000e+04 4.240000000000021746e-05
-1.130000000000000000e+04 4.240000000000021746e-05
-1.120000000000000000e+04 4.237999999999963828e-05
-1.110000000000000000e+04 4.237999999999963828e-05
-1.100000000000000000e+04 4.237000000000046339e-05
-1.090000000000000000e+04 4.235999999999906588e-05
-1.080000000000000000e+04 4.236000000000128850e-05
-1.070000000000000000e+04 4.235999999999906588e-05
-1.060000000000000000e+04 4.234999999999989099e-05
-1.050000000000000000e+04 4.234999999999989099e-05
-1.040000000000000000e+04 4.234999999999989099e-05
-1.030000000000000000e+04 4.234000000000070932e-05
-1.020000000000000000e+04 4.234999999999989099e-05
-1.010000000000000000e+04 4.234999999999989099e-05
-1.000000000000000000e+04 4.234999999999989099e-05
-9.900000000000000000e+03 4.235999999999906588e-05
-9.800000000000000000e+03 4.236000000000128850e-05
-9.700000000000000000e+03 4.237000000000046339e-05
-9.600000000000000000e+03 4.237999999999963828e-05
-9.500000000000000000e+03 4.237999999999963828e-05
-9.400000000000000000e+03 4.240000000000021746e-05
-9.300000000000000000e+03 4.242000000000078987e-05
-9.200000000000000000e+03 4.242999999999996476e-05
-9.100000000000000000e+03 4.243999999999914643e-05
-9.000000000000000000e+03 4.246999999999890050e-05
-8.900000000000000000e+03 4.250000000000087041e-05
-8.800000000000000000e+03 4.251999999999922698e-05
-8.700000000000000000e+03 4.255000000000119689e-05
-8.600000000000000000e+03 4.257999999999872835e-05
-8.500000000000000000e+03 4.261000000000070504e-05
-8.400000000000000000e+03 4.264000000000045233e-05
-8.300000000000000000e+03 4.267999999999938808e-05
-8.200000000000000000e+03 4.271000000000135799e-05
-8.100000000000000000e+03 4.273999999999888945e-05
-8.000000000000000000e+03 4.278000000000004103e-05
-7.900000000000000000e+03 4.282000000000119261e-05
-7.800000000000000000e+03 4.285999999999789896e-05
-7.700000000000000000e+03 4.289000000000209149e-05
-7.600000000000000000e+03 4.292999999999880462e-05
-7.500000000000000000e+03 4.296999999999994943e-05
-7.400000000000000000e+03 4.301000000000110101e-05
-7.300000000000000000e+03 4.305999999999921164e-05
-7.200000000000000000e+03 4.308999999999896572e-05
-7.100000000000000000e+03 4.313000000000011052e-05
-7.000000000000000000e+03 4.317000000000126211e-05
-6.900000000000000000e+03 4.321000000000019107e-05
-6.800000000000000000e+03 4.324999999999912004e-05
-6.700000000000000000e+03 4.329000000000027162e-05
-6.600000000000000000e+03 4.334000000000059810e-05
-6.500000000000000000e+03 4.335999999999895466e-05
-6.400000000000000000e+03 4.340999999999928114e-05
-6.300000000000000000e+03 4.345000000000043272e-05
-6.200000000000000000e+03 4.348000000000018679e-05
-6.100000000000000000e+03 4.352000000000133838e-05
-6.000000000000000000e+03 4.354999999999886983e-05
-5.900000000000000000e+03 4.359000000000001464e-05
-5.800000000000000000e+03 4.361999999999976871e-05
-5.700000000000000000e+03 4.366000000000092029e-05
-5.600000000000000000e+03 4.367999999999927686e-05
-5.500000000000000000e+03 4.371000000000124677e-05
-5.400000000000000000e+03 4.374999999999795990e-05
-5.300000000000000000e+03 4.377000000000075492e-05
-5.200000000000000000e+03 4.379000000000132732e-05
-5.100000000000000000e+03 4.380999999999968388e-05
-5.000000000000000000e+03 4.383999999999943796e-05
-4.900000000000000000e+03 4.386000000000001036e-05
-4.800000000000000000e+03 4.386999999999918525e-05
-4.700000000000000000e+03 4.388999999999976443e-05
-4.600000000000000000e+03 4.389000000000198027e-05
-4.500000000000000000e+03 4.390999999999811422e-05
-4.400000000000000000e+03 4.390000000000116194e-05
-4.300000000000000000e+03 4.391000000000033684e-05
-4.200000000000000000e+03 4.389999999999893933e-05
-4.100000000000000000e+03 4.390000000000116194e-05
-4.000000000000000000e+03 4.389999999999893933e-05
-3.900000000000000000e+03 4.388000000000058276e-05
-3.800000000000000000e+03 4.388000000000058276e-05
-3.700000000000000000e+03 4.386000000000001036e-05
-3.600000000000000000e+03 4.384999999999861285e-05
-3.500000000000000000e+03 4.384000000000165380e-05
-3.400000000000000000e+03 4.381999999999663616e-05
-3.300000000000000000e+03 4.380000000000272483e-05
-3.200000000000000000e+03 4.377999999999992981e-05
-3.100000000000000000e+03 4.376000000000157325e-05
-3.000000000000000000e+03 4.375000000000017574e-05
-2.900000000000000000e+03 4.370999999999902416e-05
-2.800000000000000000e+03 4.369999999999762665e-05
-2.700000000000000000e+03 4.367000000000231780e-05
-2.600000000000000000e+03 4.364999999999952279e-05
-2.500000000000000000e+03 4.361999999999976871e-05
-2.400000000000000000e+03 4.360000000000141215e-05
-2.300000000000000000e+03 4.356999999999721962e-05
-2.200000000000000000e+03 4.354000000000191078e-05
-2.100000000000000000e+03 4.351999999999911576e-05
-2.000000000000000000e+03 4.348999999999936169e-05
-1.900000000000000000e+03 4.345999999999960761e-05
-1.800000000000000000e+03 4.342999999999986032e-05
-1.700000000000000000e+03 4.341000000000150375e-05
-1.600000000000000000e+03 4.337000000000035217e-05
-1.500000000000000000e+03 4.334999999999755715e-05
-1.400000000000000000e+03 4.333000000000364582e-05
-1.300000000000000000e+03 4.328999999999804901e-05
-1.200000000000000000e+03 4.326999999999969922e-05
-1.100000000000000000e+03 4.323999999999994515e-05
-1.000000000000000000e+03 4.322000000000158858e-05
-9.000000000000000000e+02 4.318999999999739606e-05
-8.000000000000000000e+02 4.316000000000208721e-05
-7.000000000000000000e+02 4.315000000000068970e-05
-6.000000000000000000e+02 4.311999999999649718e-05
-5.000000000000000000e+02 4.309000000000118156e-05
-4.000000000000000000e+02 4.307999999999978405e-05
-3.000000000000000000e+02 4.306000000000142748e-05
-2.000000000000000000e+02 4.303999999999863247e-05
-1.000000000000000000e+02 4.302000000000028268e-05
0.000000000000000000e+00 4.300999999999888517e-05
1.000000000000000000e+02 4.299000000000052860e-05
2.000000000000000000e+02 4.299000000000052860e-05
3.000000000000000000e+02 4.297999999999913110e-05
4.000000000000000000e+02 4.297000000000217204e-05
5.000000000000000000e+02 4.296000000000077453e-05
6.000000000000000000e+02 4.296000000000077453e-05
7.000000000000000000e+02 4.295999999999633608e-05
8.000000000000000000e+02 4.295000000000381548e-05
9.000000000000000000e+02 4.294999999999937702e-05
1.000000000000000000e+03 4.295999999999633608e-05
1.100000000000000000e+03 4.295000000000381548e-05
1.200000000000000000e+03 4.294999999999937702e-05
1.300000000000000000e+03 4.296000000000077453e-05
1.400000000000000000e+03 4.296999999999773359e-05
1.500000000000000000e+03 4.296000000000077453e-05
1.600000000000000000e+03 4.297999999999913110e-05
1.700000000000000000e+03 4.297999999999913110e-05
1.800000000000000000e+03 4.299000000000052860e-05
1.900000000000000000e+03 4.299000000000052860e-05
2.000000000000000000e+03 4.300999999999888517e-05
2.100000000000000000e+03 4.302000000000028268e-05
2.200000000000000000e+03 4.303000000000168019e-05
2.300000000000000000e+03 4.303999999999863247e-05
2.400000000000000000e+03 4.305000000000002997e-05
2.500000000000000000e+03 4.307000000000282499e-05
2.600000000000000000e+03 4.307999999999978405e-05
2.700000000000000000e+03 4.308999999999674310e-05
2.800000000000000000e+03 4.312000000000093563e-05
2.900000000000000000e+03 4.312000000000093563e-05
3.000000000000000000e+03 4.315000000000068970e-05
3.100000000000000000e+03 4.315999999999764198e-05
3.200000000000000000e+03 4.318000000000043700e-05
3.300000000000000000e+03 4.319999999999879356e-05
3.400000000000000000e+03 4.322000000000158858e-05
3.500000000000000000e+03 4.323999999999994515e-05
3.600000000000000000e+03 4.325999999999830171e-05
3.700000000000000000e+03 4.328000000000109673e-05
3.800000000000000000e+03 4.329999999999945329e-05
3.900000000000000000e+03 4.332000000000224831e-05
4.000000000000000000e+03 4.334999999999755715e-05
4.100000000000000000e+03 4.336000000000339312e-05
4.200000000000000000e+03 4.338999999999870874e-05
4.300000000000000000e+03 4.341999999999846281e-05
4.400000000000000000e+03 4.342999999999986032e-05
4.500000000000000000e+03 4.345999999999960761e-05
4.600000000000000000e+03 4.349000000000380014e-05
4.700000000000000000e+03 4.350999999999771825e-05
4.800000000000000000e+03 4.353000000000051327e-05
4.900000000000000000e+03 4.356000000000026734e-05
5.000000000000000000e+03 4.357999999999861713e-05
5.100000000000000000e+03 4.361000000000281643e-05
5.200000000000000000e+03 4.362999999999672777e-05
5.300000000000000000e+03 4.366000000000092029e-05
5.400000000000000000e+03 4.367999999999927686e-05
5.500000000000000000e+03 4.370999999999902416e-05
5.600000000000000000e+03 4.373000000000182595e-05
5.700000000000000000e+03 4.376000000000157325e-05
5.800000000000000000e+03 4.378999999999688887e-05
5.900000000000000000e+03 4.380999999999968388e-05
6.000000000000000000e+03 4.383000000000247890e-05
6.100000000000000000e+03 4.385999999999778775e-05
6.200000000000000000e+03 4.389000000000198027e-05
6.300000000000000000e+03 4.391000000000033684e-05
6.400000000000000000e+03 4.394000000000009091e-05
6.500000000000000000e+03 4.395999999999844747e-05
6.600000000000000000e+03 4.398000000000124249e-05
6.700000000000000000e+03 4.401000000000098979e-05
6.800000000000000000e+03 4.402999999999934635e-05
6.900000000000000000e+03 4.405999999999910043e-05
7.000000000000000000e+03 4.408000000000189544e-05
7.100000000000000000e+03 4.410000000000025201e-05
7.200000000000000000e+03 4.412999999999999931e-05
7.300000000000000000e+03 4.414999999999835587e-05
7.400000000000000000e+03 4.417000000000115089e-05
7.500000000000000000e+03 4.418999999999950745e-05
7.600000000000000000e+03 4.420999999999786402e-05
7.700000000000000000e+03 4.423000000000065903e-05
7.800000000000000000e+03 4.426000000000041311e-05
7.900000000000000000e+03 4.427000000000181062e-05
8.000000000000000000e+03 4.429000000000016040e-05
8.100000000000000000e+03 4.430999999999851697e-05
8.200000000000000000e+03 4.433000000000131199e-05
8.300000000000000000e+03 4.434999999999966855e-05
8.400000000000000000e+03 4.435999999999662761e-05
8.500000000000000000e+03 4.438000000000386108e-05
8.600000000000000000e+03 4.438999999999637490e-05
8.700000000000000000e+03 4.441000000000361515e-05
8.800000000000000000e+03 4.441999999999612898e-05
8.900000000000000000e+03 4.444000000000336245e-05
9.000000000000000000e+03 4.443999999999892399e-05
9.100000000000000000e+03 4.446000000000171901e-05
9.200000000000000000e+03 4.446999999999867807e-05
9.300000000000000000e+03 4.446999999999867807e-05
9.400000000000000000e+03 4.448000000000007558e-05
9.500000000000000000e+03 4.449000000000147308e-05
9.600000000000000000e+03 4.449999999999843214e-05
9.700000000000000000e+03 4.450000000000287059e-05
9.800000000000000000e+03 4.450999999999982965e-05
9.900000000000000000e+03 4.450999999999982965e-05
1.000000000000000000e+04 4.450999999999982965e-05
1.010000000000000000e+04 4.450999999999982965e-05
1.020000000000000000e+04 4.451999999999678193e-05
1.030000000000000000e+04 4.452000000000122716e-05
1.040000000000000000e+04 4.450999999999982965e-05
1.050000000000000000e+04 4.452000000000122716e-05
1.060000000000000000e+04 4.450999999999982965e-05
1.070000000000000000e+04 4.450999999999982965e-05
1.080000000000000000e+04 4.450999999999982965e-05
1.090000000000000000e+04 4.450999999999982965e-05
1.100000000000000000e+04 4.449999999999843214e-05
1.110000000000000000e+04 4.449000000000147308e-05
1.120000000000000000e+04 4.449000000000147308e-05
1.130000000000000000e+04 4.448999999999703463e-05
1.140000000000000000e+04 4.447000000000311652e-05
1.150000000000000000e+04 4.446999999999867807e-05
1.160000000000000000e+04 4.446000000000171901e-05
1.170000000000000000e+04 4.445000000000032150e-05
1.180000000000000000e+04 4.443999999999892399e-05
1.190000000000000000e+04 4.442999999999752648e-05
1.200000000000000000e+04 4.442000000000056743e-05
1.210000000000000000e+04 4.440000000000221764e-05
1.220000000000000000e+04 4.439999999999777241e-05
1.230000000000000000e+04 4.437999999999942262e-05
1.240000000000000000e+04 4.437000000000246357e-05
1.250000000000000000e+04 4.434999999999966855e-05
1.260000000000000000e+04 4.433999999999827104e-05
1.270000000000000000e+04 4.433000000000131199e-05
1.280000000000000000e+04 4.430999999999851697e-05
1.290000000000000000e+04 4.429000000000016040e-05
1.300000000000000000e+04 4.428000000000320812e-05
1.310000000000000000e+04 4.424999999999901560e-05
1.320000000000000000e+04 4.424999999999901560e-05
1.330000000000000000e+04 4.421999999999926152e-05
1.340000000000000000e+04 4.420000000000090496e-05
1.350000000000000000e+04 4.417999999999810994e-05
1.360000000000000000e+04 4.417000000000115089e-05
1.370000000000000000e+04 4.414000000000140359e-05
1.380000000000000000e+04 4.411999999999860180e-05
1.390000000000000000e+04 4.410000000000025201e-05
1.400000000000000000e+04 4.407000000000049794e-05
1.410000000000000000e+04 4.404999999999770292e-05
1.420000000000000000e+04 4.403000000000379158e-05
1.430000000000000000e+04 4.400999999999655134e-05
1.440000000000000000e+04 4.398000000000124249e-05
1.450000000000000000e+04 4.395999999999844747e-05
1.460000000000000000e+04 4.393000000000313185e-05
1.470000000000000000e+04 4.391000000000033684e-05
1.480000000000000000e+04 4.388999999999754182e-05
1.490000000000000000e+04 4.386000000000223298e-05
1.500000000000000000e+04 4.383999999999943796e-05
1.510000000000000000e+04 4.380999999999968388e-05
1.520000000000000000e+04 4.379000000000132732e-05
1.530000000000000000e+04 4.376999999999853230e-05
1.540000000000000000e+04 4.373999999999877823e-05
1.550000000000000000e+04 4.373000000000182595e-05
1.560000000000000000e+04 4.369000000000067437e-05
1.570000000000000000e+04 4.367999999999927686e-05
1.580000000000000000e+04 4.366000000000092029e-05
1.590000000000000000e+04 4.362999999999672777e-05
1.600000000000000000e+04 4.361000000000281643e-05
1.610000000000000000e+04 4.359999999999697370e-05
1.620000000000000000e+04 4.357000000000166485e-05
1.630000000000000000e+04 4.354999999999886983e-05
1.640000000000000000e+04 4.354000000000191078e-05
1.650000000000000000e+04 4.351999999999911576e-05
1.660000000000000000e+04 4.350000000000075920e-05
1.670000000000000000e+04 4.347999999999796418e-05
1.680000000000000000e+04 4.347000000000100512e-05
1.690000000000000000e+04 4.345999999999960761e-05
1.700000000000000000e+04 4.344000000000125783e-05
1.710000000000000000e+04 4.342999999999986032e-05
1.720000000000000000e+04 4.341000000000150375e-05
1.730000000000000000e+04 4.340999999999706530e-05
1.740000000000000000e+04 4.339000000000314719e-05
1.750000000000000000e+04 4.338999999999870874e-05
1.760000000000000000e+04 4.337999999999731123e-05
1.770000000000000000e+04 4.337000000000035217e-05
1.780000000000000000e+04 4.337000000000035217e-05
1.790000000000000000e+04 4.336000000000339312e-05
1.800000000000000000e+04 4.335999999999895466e-05
1.810000000000000000e+04 4.337000000000035217e-05
1.820000000000000000e+04 4.335999999999895466e-05
1.830000000000000000e+04 4.337000000000035217e-05
1.840000000000000000e+04 4.337999999999731123e-05
1.850000000000000000e+04 4.338000000000174968e-05
1.860000000000000000e+04 4.338999999999870874e-05
1.870000000000000000e+04 4.340000000000010624e-05
1.880000000000000000e+04 4.342000000000290126e-05
1.890000000000000000e+04 4.341999999999846281e-05
1.900000000000000000e+04 4.344000000000125783e-05
1.910000000000000000e+04 4.344999999999821011e-05
1.920000000000000000e+04 4.347000000000100512e-05
1.930000000000000000e+04 4.347999999999796418e-05
1.940000000000000000e+04 4.350000000000075920e-05
1.950000000000000000e+04 4.351000000000215671e-05
1.960000000000000000e+04 4.353000000000051327e-05
1.970000000000000000e+04 4.354999999999886983e-05
1.980000000000000000e+04 4.356000000000026734e-05
1.990000000000000000e+04 4.359000000000001464e-05
2.000000000000000000e+04 4.359999999999697370e-05
2.010000000000000000e+04 4.361000000000281643e-05
2.020000000000000000e+04 4.363999999999812528e-05
2.030000000000000000e+04 4.364999999999952279e-05
2.040000000000000000e+04 4.367000000000231780e-05
2.050000000000000000e+04 4.369000000000067437e-05
2.060000000000000000e+04 4.369999999999762665e-05
2.070000000000000000e+04 4.372000000000042844e-05
2.080000000000000000e+04 4.373999999999877823e-05
2.090000000000000000e+04 4.375000000000017574e-05
2.100000000000000000e+04 4.377000000000297076e-05
2.110000000000000000e+04 4.377999999999992981e-05
2.120000000000000000e+04 4.379999999999828638e-05
2.130000000000000000e+04 4.380999999999968388e-05
2.140000000000000000e+04 4.382000000000108139e-05
2.150000000000000000e+04 4.383999999999943796e-05
2.160000000000000000e+04 4.383999999999943796e-05
2.170000000000000000e+04 4.385000000000083547e-05
2.180000000000000000e+04 4.386999999999918525e-05
2.190000000000000000e+04 4.386000000000223298e-05
2.200000000000000000e+04 4.388000000000058276e-05
2.210000000000000000e+04 4.387999999999614431e-05
2.220000000000000000e+04 4.388000000000058276e-05
2.230000000000000000e+04 4.388000000000058276e-05
2.240000000000000000e+04 4.388000000000058276e-05
2.250000000000000000e+04 4.388000000000058276e-05
2.260000000000000000e+04 4.388000000000058276e-05
2.270000000000000000e+04 4.386999999999918525e-05
2.280000000000000000e+04 4.385000000000083547e-05
2.290000000000000000e+04 4.385000000000083547e-05
2.300000000000000000e+04 4.382999999999804045e-05
2.310000000000000000e+04 4.380999999999968388e-05
2.320000000000000000e+04 4.379000000000132732e-05
2.330000000000000000e+04 4.376999999999853230e-05
2.340000000000000000e+04 4.375000000000017574e-05
2.350000000000000000e+04 4.373000000000182595e-05
2.360000000000000000e+04 4.369999999999762665e-05
2.370000000000000000e+04 4.367999999999927686e-05
2.380000000000000000e+04 4.364999999999952279e-05
2.390000000000000000e+04 4.362000000000421394e-05
2.400000000000000000e+04 4.359999999999697370e-05
2.410000000000000000e+04 4.357000000000166485e-05
2.420000000000000000e+04 4.353000000000051327e-05
2.430000000000000000e+04 4.350999999999771825e-05
2.440000000000000000e+04 4.348000000000240263e-05
2.450000000000000000e+04 4.343999999999681260e-05
2.460000000000000000e+04 4.342000000000290126e-05
2.470000000000000000e+04 4.337999999999731123e-05
2.480000000000000000e+04 4.335000000000199561e-05
2.490000000000000000e+04 4.331999999999780308e-05
2.500000000000000000e+04 4.329000000000249424e-05
2.510000000000000000e+04 4.325000000000134265e-05
2.520000000000000000e+04 4.322999999999854764e-05
2.530000000000000000e+04 4.318999999999739606e-05
2.540000000000000000e+04 4.316000000000208721e-05
2.550000000000000000e+04 4.312999999999789469e-05
2.560000000000000000e+04 4.309000000000118156e-05
2.570000000000000000e+04 4.307000000000282499e-05
2.580000000000000000e+04 4.303999999999863247e-05
2.590000000000000000e+04 4.299999999999748766e-05
2.600000000000000000e+04 4.298000000000356955e-05
2.610000000000000000e+04 4.294999999999937702e-05
2.620000000000000000e+04 4.293000000000102046e-05
2.630000000000000000e+04 4.289999999999682793e-05
2.640000000000000000e+04 4.287000000000151909e-05
2.650000000000000000e+04 4.284999999999872407e-05
2.660000000000000000e+04 4.281999999999897000e-05
2.670000000000000000e+04 4.281000000000201094e-05
2.680000000000000000e+04 4.277999999999781842e-05
2.690000000000000000e+04 4.276000000000390708e-05
2.700000000000000000e+04 4.274999999999806434e-05
2.710000000000000000e+04 4.272999999999971455e-05
2.720000000000000000e+04 4.271999999999831705e-05
2.730000000000000000e+04 4.271000000000135799e-05
2.740000000000000000e+04 4.269999999999996048e-05
2.750000000000000000e+04 4.269999999999996048e-05
2.760000000000000000e+04 4.268999999999856297e-05
2.770000000000000000e+04 4.269000000000300142e-05
2.780000000000000000e+04 4.268999999999856297e-05
2.790000000000000000e+04 4.268999999999856297e-05
2.800000000000000000e+04 4.269000000000300142e-05
2.810000000000000000e+04 4.269999999999996048e-05
2.820000000000000000e+04 4.269999999999996048e-05
2.830000000000000000e+04 4.269999999999996048e-05
2.840000000000000000e+04 4.271000000000135799e-05
2.850000000000000000e+04 4.271999999999831705e-05
2.860000000000000000e+04 4.272999999999971455e-05
2.870000000000000000e+04 4.272999999999971455e-05
2.880000000000000000e+04 4.274999999999806434e-05
2.890000000000000000e+04 4.275000000000250957e-05
2.900000000000000000e+04 4.277000000000086614e-05
2.910000000000000000e+04 4.277999999999781842e-05
2.920000000000000000e+04 4.278999999999921592e-05
2.930000000000000000e+04 4.280000000000061343e-05
2.940000000000000000e+04 4.281999999999897000e-05
2.950000000000000000e+04 4.282000000000340845e-05
2.960000000000000000e+04 4.284999999999872407e-05
2.970000000000000000e+04 4.284999999999872407e-05
2.980000000000000000e+04 4.287000000000151909e-05
2.990000000000000000e+04 4.288999999999987565e-05
3.000000000000000000e+04 4.290000000000127316e-05
3.010000000000000000e+04 4.290999999999822544e-05
3.020000000000000000e+04 4.291999999999962295e-05
3.030000000000000000e+04 4.294000000000241797e-05
3.040000000000000000e+04 4.295999999999633608e-05
3.050000000000000000e+04 4.296000000000077453e-05
3.060000000000000000e+04 4.297999999999913110e-05
3.070000000000000000e+04 4.300000000000192611e-05
3.080000000000000000e+04 4.300000000000192611e-05
3.090000000000000000e+04 4.302000000000028268e-05
3.100000000000000000e+04 4.302999999999723496e-05
3.110000000000000000e+04 4.303999999999863247e-05
3.120000000000000000e+04 4.305000000000002997e-05
3.130000000000000000e+04 4.305000000000002997e-05
3.140000000000000000e+04 4.307000000000282499e-05
3.150000000000000000e+04 4.306999999999838654e-05
3.160000000000000000e+04 4.307999999999978405e-05
3.170000000000000000e+04 4.309000000000118156e-05
3.180000000000000000e+04 4.307999999999978405e-05
3.190000000000000000e+04 4.309000000000118156e-05
3.200000000000000000e+04 4.308999999999674310e-05
3.210000000000000000e+04 4.309000000000118156e-05
3.220000000000000000e+04 4.307999999999978405e-05
3.230000000000000000e+04 4.307999999999978405e-05
3.240000000000000000e+04 4.307000000000282499e-05
3.250000000000000000e+04 4.306999999999838654e-05
3.260000000000000000e+04 4.306000000000142748e-05
3.270000000000000000e+04 4.305999999999698903e-05
3.280000000000000000e+04 4.304000000000307769e-05
3.290000000000000000e+04 4.303999999999863247e-05
3.300000000000000000e+04 4.302000000000028268e-05
3.310000000000000000e+04 4.302000000000028268e-05
3.320000000000000000e+04 4.300999999999888517e-05
3.330000000000000000e+04 4.299000000000052860e-05
3.340000000000000000e+04 4.297999999999913110e-05
3.350000000000000000e+04 4.297000000000217204e-05
3.360000000000000000e+04 4.294999999999937702e-05
3.370000000000000000e+04 4.293999999999797951e-05
3.380000000000000000e+04 4.293000000000102046e-05
3.390000000000000000e+04 4.290999999999822544e-05
3.400000000000000000e+04 4.288999999999987565e-05
3.410000000000000000e+04 4.288000000000291660e-05
3.420000000000000000e+04 4.286000000000012158e-05
3.430000000000000000e+04 4.284999999999872407e-05
3.440000000000000000e+04 4.283000000000036751e-05
3.450000000000000000e+04 4.281000000000201094e-05
3.460000000000000000e+04 4.279999999999617498e-05
3.470000000000000000e+04 4.277000000000086614e-05
3.480000000000000000e+04 4.275999999999946185e-05
3.490000000000000000e+04 4.275000000000250957e-05
3.500000000000000000e+04 4.271999999999831705e-05
3.510000000000000000e+04 4.271000000000135799e-05
3.520000000000000000e+04 4.268999999999856297e-05
3.530000000000000000e+04 4.267000000000020641e-05
3.540000000000000000e+04 4.265000000000184984e-05
3.550000000000000000e+04 4.264000000000045233e-05
3.560000000000000000e+04 4.260999999999625981e-05
3.570000000000000000e+04 4.260000000000374598e-05
3.580000000000000000e+04 4.257999999999651251e-05
3.590000000000000000e+04 4.256999999999955346e-05
3.600000000000000000e+04 4.254000000000423783e-05
3.610000000000000000e+04 4.252999999999840187e-05
3.620000000000000000e+04 4.251000000000004531e-05
3.630000000000000000e+04 4.249999999999864780e-05
3.640000000000000000e+04 4.248000000000029801e-05
3.650000000000000000e+04 4.246999999999890050e-05
3.660000000000000000e+04 4.245000000000054394e-05
3.670000000000000000e+04 4.243999999999914643e-05
3.680000000000000000e+04 4.242000000000078987e-05
3.690000000000000000e+04 4.240999999999939236e-05
3.700000000000000000e+04 4.240000000000243330e-05
3.710000000000000000e+04 4.237999999999963828e-05
3.720000000000000000e+04 4.236999999999824078e-05
3.730000000000000000e+04 4.236000000000128850e-05
3.740000000000000000e+04 4.234999999999989099e-05
3.750000000000000000e+04 4.233999999999848670e-05
3.760000000000000000e+04 4.232000000000013691e-05
3.770000000000000000e+04 4.231000000000317786e-05
3.780000000000000000e+04 4.230999999999873941e-05
3.790000000000000000e+04 4.229000000000038284e-05
3.800000000000000000e+04 4.227999999999898533e-05
3.810000000000000000e+04 4.227999999999898533e-05
3.820000000000000000e+04 4.226000000000062877e-05
3.830000000000000000e+04 4.226000000000062877e-05
3.840000000000000000e+04 4.224999999999923126e-05
3.850000000000000000e+04 4.224000000000227898e-05
3.860000000000000000e+04 4.222999999999643624e-05
3.870000000000000000e+04 4.222000000000392241e-05
3.880000000000000000e+04 4.221999999999947719e-05
3.890000000000000000e+04 4.220999999999807968e-05
3.900000000000000000e+04 4.221000000000252491e-05
3.910000000000000000e+04 4.219999999999668217e-05
3.920000000000000000e+04 4.218999999999972989e-05
3.930000000000000000e+04 4.218999999999972989e-05
3.940000000000000000e+04 4.218000000000277083e-05
3.950000000000000000e+04 4.217999999999833238e-05
3.960000000000000000e+04 4.218000000000277083e-05
3.970000000000000000e+04 4.216999999999693487e-05
3.980000000000000000e+04 4.217000000000137332e-05
3.990000000000000000e+04 4.217000000000137332e-05
4.000000000000000000e+04 4.215999999999997582e-05
4.010000000000000000e+04 4.215999999999997582e-05
4.020000000000000000e+04 4.215999999999997582e-05
4.030000000000000000e+04 4.215999999999997582e-05
4.040000000000000000e+04 4.215999999999997582e-05
4.050000000000000000e+04 4.214999999999857831e-05
4.060000000000000000e+04 4.215999999999997582e-05
4.070000000000000000e+04 4.215999999999997582e-05
4.080000000000000000e+04 4.215999999999997582e-05
4.090000000000000000e+04 4.215999999999997582e-05
4.100000000000000000e+04 4.215999999999997582e-05
4.110000000000000000e+04 4.217000000000137332e-05
4.120000000000000000e+04 4.216999999999693487e-05
4.130000000000000000e+04 4.217000000000137332e-05
4.140000000000000000e+04 4.217999999999833238e-05
4.150000000000000000e+04 4.218000000000277083e-05
4.160000000000000000e+04 4.217999999999833238e-05
4.170000000000000000e+04 4.218999999999972989e-05
4.180000000000000000e+04 4.220000000000112740e-05
4.190000000000000000e+04 4.220000000000112740e-05
4.200000000000000000e+04 4.220999999999807968e-05
4.210000000000000000e+04 4.221000000000252491e-05
4.220000000000000000e+04 4.221999999999947719e-05
4.230000000000000000e+04 4.221999999999947719e-05
4.240000000000000000e+04 4.223000000000087469e-05
4.250000000000000000e+04 4.222999999999643624e-05
4.260000000000000000e+04 4.224000000000227898e-05
4.270000000000000000e+04 4.225000000000367649e-05
4.280000000000000000e+04 4.224999999999923126e-05
4.290000000000000000e+04 4.226000000000062877e-05
4.300000000000000000e+04 4.226999999999314937e-05
4.310000000000000000e+04 4.227000000000202628e-05
4.320000000000000000e+04 4.227000000000202628e-05
4.330000000000000000e+04 4.228000000000342378e-05
4.340000000000000000e+04 4.228999999999594439e-05
4.350000000000000000e+04 4.228999999999594439e-05
4.360000000000000000e+04 4.230000000000621880e-05
4.370000000000000000e+04 4.229999999999734190e-05
4.380000000000000000e+04 4.229999999999734190e-05
4.390000000000000000e+04 4.230999999999873941e-05
4.400000000000000000e+04 4.232000000000013691e-05
4.410000000000000000e+04 4.232000000000013691e-05
4.420000000000000000e+04 4.232000000000013691e-05
4.430000000000000000e+04 4.232000000000013691e-05
4.440000000000000000e+04 4.233000000000153442e-05
4.450000000000000000e+04 4.233000000000153442e-05
4.460000000000000000e+04 4.233000000000153442e-05
4.470000000000000000e+04 4.233000000000153442e-05
4.480000000000000000e+04 4.233000000000153442e-05
4.490000000000000000e+04 4.233999999999404825e-05
4.500000000000000000e+04 4.233000000000153442e-05
4.510000000000000000e+04 4.233000000000153442e-05
4.520000000000000000e+04 4.233000000000153442e-05
4.530000000000000000e+04 4.233000000000153442e-05
4.540000000000000000e+04 4.232000000000013691e-05
4.550000000000000000e+04 4.232000000000013691e-05
4.560000000000000000e+04 4.230999999999873941e-05
4.570000000000000000e+04 4.229999999999734190e-05
4.580000000000000000e+04 4.228999999999594439e-05
4.590000000000000000e+04 4.229000000000482129e-05
4.600000000000000000e+04 4.227000000000202628e-05
4.610000000000000000e+04 4.226999999999314937e-05
4.620000000000000000e+04 4.224999999999923126e-05
4.630000000000000000e+04 4.225000000000811494e-05
4.640000000000000000e+04 4.222999999999643624e-05
4.650000000000000000e+04 4.222999999999643624e-05
4.660000000000000000e+04 4.221000000000252491e-05
4.670000000000000000e+04 4.221000000000252491e-05
4.680000000000000000e+04 4.220000000000112740e-05
4.690000000000000000e+04 4.220000000000112740e-05
4.700000000000000000e+04 4.217999999999833238e-05
4.710000000000000000e+04 4.217999999999833238e-05
4.720000000000000000e+04 4.217999999999833238e-05
4.730000000000000000e+04 4.216999999999693487e-05
4.740000000000000000e+04 4.217000000000581178e-05
4.750000000000000000e+04 4.215999999999553736e-05
4.760000000000000000e+04 4.217000000000581178e-05
4.770000000000000000e+04 4.216999999999693487e-05
4.780000000000000000e+04 4.216000000000441427e-05
4.790000000000000000e+04 4.216999999999693487e-05
4.800000000000000000e+04 4.217999999999833238e-05
4.810000000000000000e+04 4.217999999999833238e-05
4.820000000000000000e+04 4.217999999999833238e-05
4.830000000000000000e+04 4.218999999999972989e-05
4.840000000000000000e+04 4.221000000000252491e-05
4.850000000000000000e+04 4.220000000000112740e-05
4.860000000000000000e+04 4.222000000000392241e-05
4.870000000000000000e+04 4.222999999999643624e-05
4.880000000000000000e+04 4.222999999999643624e-05
4.890000000000000000e+04 4.223000000000531992e-05
4.900000000000000000e+04 4.223999999999783375e-05
4.910000000000000000e+04 4.224999999999923126e-05
4.920000000000000000e+04 4.223999999999783375e-05
4.930000000000000000e+04 4.223000000000531992e-05
4.940000000000000000e+04 4.223999999999783375e-05
4.950000000000000000e+04 4.223999999999783375e-05
4.960000000000000000e+04 4.224000000000671743e-05
4.970000000000000000e+04 4.230999999999873941e-05
4.980000000000000000e+04 4.236999999999824078e-05
4.990000000000000000e+04 4.259000000000234847e-05
5.000000000000000000e+04 0.000000000000000000e+00
