-5.000000000000000000e+04 -1.263200000000140643e-08
-4.990000000000000000e+04 -8.347999999997501625e-09
-4.980000000000000000e+04 -5.700000000000639993e-09
-4.970000000000000000e+04 -4.080000000004202878e-09
-4.960000000000000000e+04 -3.049999999999911506e-09
-4.950000000000000000e+04 -2.340000000001065186e-09
-4.940000000000000000e+04 -1.810000000001258302e-09
-4.930000000000000000e+04 -1.399999999992905400e-09
-4.920000000000000000e+04 -1.069999999993537058e-09
-4.910000000000000000e+04 -8.000000000136126303e-10
-4.900000000000000000e+04 -5.699999999958288346e-10
-4.890000000000000000e+04 -4.000000000161236776e-10
-4.880000000000000000e+04 -1.999999999818038174e-10
-4.870000000000000000e+04 -1.000000000171599301e-10
-4.860000000000000000e+04 1.694065894508600678e-20
-4.850000000000000000e+04 -1.694065894508600678e-20
-4.840000000000000000e+04 9.999999998158454629e-11
-4.830000000000000000e+04 3.557538378468061424e-20
-4.820000000000000000e+04 0.000000000000000000e+00
-4.810000000000000000e+04 0.000000000000000000e+00
-4.800000000000000000e+04 -1.000000000171599301e-10
-4.790000000000000000e+04 -2.999999999803290227e-10
-4.780000000000000000e+04 -3.999999999974889527e-10
-4.770000000000000000e+04 -6.000000000318088129e-10
-4.760000000000000000e+04 -7.000000000133933592e-10
-4.750000000000000000e+04 -9.999999999581469980e-10
-4.740000000000000000e+04 -1.199999999992466858e-09
-4.730000000000000000e+04 -1.400000000026786718e-09
-4.720000000000000000e+04 -1.700000000007115741e-09
-4.710000000000000000e+04 -1.999999999987444764e-09
-4.700000000000000000e+04 -2.300000000003349170e-09
-4.690000000000000000e+04 -2.499999999968212329e-09
-4.680000000000000000e+04 -2.900000000070733367e-09
-4.670000000000000000e+04 -3.199999999981605688e-09
-4.660000000000000000e+04 -3.500000000031391412e-09
-4.650000000000000000e+04 -3.799999999942263733e-09
-4.640000000000000000e+04 -4.200000000010903453e-09
-4.630000000000000000e+04 -4.499999999991232476e-09
-4.620000000000000000e+04 -4.799999999971561499e-09
-4.610000000000000000e+04 -5.200000000038507153e-09
-4.600000000000000000e+04 -5.500000000020530242e-09
-4.590000000000000000e+04 -5.800000000000859264e-09
-4.580000000000000000e+04 -6.199999999928891515e-09
-4.570000000000000000e+04 -6.500000000048133941e-09
-4.560000000000000000e+04 -6.699999999943540398e-09
-4.550000000000000000e+04 -7.100000000010486052e-09
-4.540000000000000000e+04 -7.300000000043111847e-09
-4.530000000000000000e+04 -7.500000000007975005e-09
-4.520000000000000000e+04 -7.799999999988304028e-09
-4.510000000000000000e+04 -8.000000000022623888e-09
-4.500000000000000000e+04 -8.199999999916336279e-09
-4.490000000000000000e+04 -8.400000000020112841e-09
-4.480000000000000000e+04 -8.600000000052738635e-09
-4.470000000000000000e+04 -8.800000000017601793e-09
-4.460000000000000000e+04 -8.899999999965305022e-09
-4.450000000000000000e+04 -9.099999999997930816e-09
-4.440000000000000000e+04 -9.300000000032250676e-09
-4.430000000000000000e+04 -9.300000000032250676e-09
-4.420000000000000000e+04 -9.499999999925963067e-09
-4.410000000000000000e+04 -9.600000000012579699e-09
-4.400000000000000000e+04 -9.700000000029739629e-09
-4.390000000000000000e+04 -9.899999999992908722e-09
-4.380000000000000000e+04 -9.800000000046899559e-09
-4.370000000000000000e+04 -1.000000000001006865e-08
-4.360000000000000000e+04 -1.009999999995777188e-08
-4.350000000000000000e+04 -1.009999999995777188e-08
-4.340000000000000000e+04 -1.010000000009668528e-08
-4.330000000000000000e+04 -1.019999999990547511e-08
-4.320000000000000000e+04 -1.020000000004438851e-08
-4.310000000000000000e+04 -1.029999999999209174e-08
-4.300000000000000000e+04 -1.019999999990547511e-08
-4.290000000000000000e+04 -1.029999999999209174e-08
-4.280000000000000000e+04 -1.020000000004438851e-08
-4.270000000000000000e+04 -1.029999999999209174e-08
-4.260000000000000000e+04 -1.020000000004438851e-08
-4.250000000000000000e+04 -1.029999999999209174e-08
-4.240000000000000000e+04 -1.009999999995777188e-08
-4.230000000000000000e+04 -1.020000000004438851e-08
-4.220000000000000000e+04 -1.009999999995777188e-08
-4.210000000000000000e+04 -1.000000000001006865e-08
-4.200000000000000000e+04 -1.000000000001006865e-08
-4.190000000000000000e+04 -9.900000000062365423e-09
-4.180000000000000000e+04 -9.900000000062365423e-09
-4.170000000000000000e+04 -9.700000000029739629e-09
-4.160000000000000000e+04 -9.699999999890826226e-09
-4.150000000000000000e+04 -9.599999999943122997e-09
-4.140000000000000000e+04 -9.499999999995419769e-09
-4.130000000000000000e+04 -9.400000000049410606e-09
-4.120000000000000000e+04 -9.299999999962793975e-09
-4.110000000000000000e+04 -9.100000000067387518e-09
-4.100000000000000000e+04 -9.099999999928474114e-09
-4.090000000000000000e+04 -8.900000000034761724e-09
-4.080000000000000000e+04 -8.700000000000441863e-09
-4.070000000000000000e+04 -8.700000000000441863e-09
-4.060000000000000000e+04 -8.499999999967816069e-09
-4.050000000000000000e+04 -8.300000000072409612e-09
-4.040000000000000000e+04 -8.199999999985792981e-09
-4.030000000000000000e+04 -8.100000000039783818e-09
-4.020000000000000000e+04 -7.900000000005463958e-09
-4.010000000000000000e+04 -7.699999999972838164e-09
-4.000000000000000000e+04 -7.699999999972838164e-09
-3.990000000000000000e+04 -6.999999999923869421e-09
-3.980000000000000000e+04 -7.000000000062782824e-09
-3.970000000000000000e+04 -6.999999999923869421e-09
-3.960000000000000000e+04 -7.000000000062782824e-09
-3.950000000000000000e+04 -7.000000000062782824e-09
-3.940000000000000000e+04 -5.999999999894571655e-09
-3.930000000000000000e+04 -7.000000000062782824e-09
-3.920000000000000000e+04 -6.000000000033485058e-09
-3.910000000000000000e+04 -6.000000000033485058e-09
-3.900000000000000000e+04 -5.999999999894571655e-09
-3.890000000000000000e+04 -5.000000000005881359e-09
-3.880000000000000000e+04 -5.000000000005881359e-09
-3.870000000000000000e+04 -6.000000000033485058e-09
-3.860000000000000000e+04 -4.000000000115496997e-09
-3.850000000000000000e+04 -5.000000000005881359e-09
-3.840000000000000000e+04 -5.000000000005881359e-09
-3.830000000000000000e+04 -3.999999999837670190e-09
-3.820000000000000000e+04 -3.999999999976583593e-09
-3.810000000000000000e+04 -3.999999999976583593e-09
-3.800000000000000000e+04 -4.000000000115496997e-09
-3.790000000000000000e+04 -2.999999999947285828e-09
-3.780000000000000000e+04 -3.999999999976583593e-09
-3.770000000000000000e+04 -3.000000000086199231e-09
-3.760000000000000000e+04 -2.999999999947285828e-09
-3.750000000000000000e+04 -2.000000000058595531e-09
-3.740000000000000000e+04 -3.000000000086199231e-09
-3.730000000000000000e+04 -1.999999999780768725e-09
-3.720000000000000000e+04 -2.000000000058595531e-09
-3.710000000000000000e+04 -2.000000000058595531e-09
-3.700000000000000000e+04 -2.000000000058595531e-09
-3.690000000000000000e+04 -1.000000000029297766e-09
-3.680000000000000000e+04 -2.000000000058595531e-09
-3.670000000000000000e+04 -1.000000000029297766e-09
-3.660000000000000000e+04 -1.000000000029297766e-09
-3.650000000000000000e+04 -9.999999997514709589e-10
-3.640000000000000000e+04 0.000000000000000000e+00
-3.630000000000000000e+04 -1.000000000029297766e-09
-3.620000000000000000e+04 0.000000000000000000e+00
-3.610000000000000000e+04 0.000000000000000000e+00
-3.600000000000000000e+04 2.778268066994105112e-19
-3.590000000000000000e+04 -2.778268066994105112e-19
-3.580000000000000000e+04 1.000000000027603700e-09
-3.570000000000000000e+04 0.000000000000000000e+00
-3.560000000000000000e+04 1.000000000027603700e-09
-3.550000000000000000e+04 1.000000000027603700e-09
-3.540000000000000000e+04 1.000000000027603700e-09
-3.530000000000000000e+04 1.000000000027603700e-09
-3.520000000000000000e+04 1.000000000027603700e-09
-3.510000000000000000e+04 1.999999999779074659e-09
-3.500000000000000000e+04 1.000000000027603700e-09
-3.490000000000000000e+04 2.000000000056901465e-09
-3.480000000000000000e+04 2.000000000056901465e-09
-3.470000000000000000e+04 2.000000000056901465e-09
-3.460000000000000000e+04 1.999999999779074659e-09
-3.450000000000000000e+04 2.000000000056901465e-09
-3.440000000000000000e+04 2.000000000056901465e-09
-3.430000000000000000e+04 2.999999999808372424e-09
-3.420000000000000000e+04 2.000000000056901465e-09
-3.410000000000000000e+04 3.000000000086199231e-09
-3.400000000000000000e+04 3.000000000086199231e-09
-3.390000000000000000e+04 2.999999999808372424e-09
-3.380000000000000000e+04 3.000000000086199231e-09
-3.370000000000000000e+04 3.000000000086199231e-09
-3.360000000000000000e+04 2.999999999808372424e-09
-3.350000000000000000e+04 3.000000000086199231e-09
-3.340000000000000000e+04 2.999999999808372424e-09
-3.330000000000000000e+04 4.000000000113802931e-09
-3.320000000000000000e+04 3.000000000086199231e-09
-3.310000000000000000e+04 3.999999999837670190e-09
-3.300000000000000000e+04 3.000000000086199231e-09
-3.290000000000000000e+04 4.000000000115496997e-09
-3.280000000000000000e+04 4.000000000113802931e-09
-3.270000000000000000e+04 4.000000000113802931e-09
-3.260000000000000000e+04 2.999999999808372424e-09
-3.250000000000000000e+04 4.000000000113802931e-09
-3.240000000000000000e+04 3.999999999837670190e-09
-3.230000000000000000e+04 4.000000000113802931e-09
-3.220000000000000000e+04 3.999999999837670190e-09
-3.210000000000000000e+04 4.000000000113802931e-09
-3.200000000000000000e+04 4.999999999865273890e-09
-3.190000000000000000e+04 4.000000000113802931e-09
-3.180000000000000000e+04 4.000000000113802931e-09
-3.170000000000000000e+04 3.999999999837670190e-09
-3.160000000000000000e+04 5.000000000143100696e-09
-3.150000000000000000e+04 3.999999999837670190e-09
-3.140000000000000000e+04 4.000000000113802931e-09
-3.130000000000000000e+04 3.999999999837670190e-09
-3.120000000000000000e+04 5.000000000143100696e-09
-3.110000000000000000e+04 3.999999999837670190e-09
-3.100000000000000000e+04 4.000000000113802931e-09
-3.090000000000000000e+04 4.999999999865273890e-09
-3.080000000000000000e+04 4.000000000113802931e-09
-3.070000000000000000e+04 4.999999999865273890e-09
-3.060000000000000000e+04 4.000000000113802931e-09
-3.050000000000000000e+04 3.999999999837670190e-09
-3.040000000000000000e+04 5.000000000143100696e-09
-3.030000000000000000e+04 3.999999999837670190e-09
-3.020000000000000000e+04 4.000000000113802931e-09
-3.010000000000000000e+04 4.999999999865273890e-09
-3.000000000000000000e+04 4.000000000113802931e-09
-2.990000000000000000e+04 3.999999999837670190e-09
-2.980000000000000000e+04 5.000000000143100696e-09
-2.970000000000000000e+04 4.000000000115496997e-09
-2.960000000000000000e+04 4.000000000113802931e-09
-2.950000000000000000e+04 4.999999999865273890e-09
-2.940000000000000000e+04 4.000000000113802931e-09
-2.930000000000000000e+04 4.000000000113802931e-09
-2.920000000000000000e+04 4.999999999865273890e-09
-2.910000000000000000e+04 4.000000000113802931e-09
-2.900000000000000000e+04 3.999999999837670190e-09
-2.890000000000000000e+04 5.000000000143100696e-09
-2.880000000000000000e+04 3.999999999837670190e-09
-2.870000000000000000e+04 4.000000000113802931e-09
-2.860000000000000000e+04 3.999999999837670190e-09
-2.850000000000000000e+04 5.000000000143100696e-09
-2.840000000000000000e+04 3.999999999837670190e-09
-2.830000000000000000e+04 4.000000000113802931e-09
-2.820000000000000000e+04 4.999999999865273890e-09
-2.810000000000000000e+04 4.000000000113802931e-09
-2.800000000000000000e+04 4.999999999865273890e-09
-2.790000000000000000e+04 4.000000000113802931e-09
-2.780000000000000000e+04 3.999999999837670190e-09
-2.770000000000000000e+04 5.000000000143100696e-09
-2.760000000000000000e+04 3.999999999837670190e-09
-2.750000000000000000e+04 5.000000000143100696e-09
-2.740000000000000000e+04 3.999999999837670190e-09
-2.730000000000000000e+04 5.000000000143100696e-09
-2.720000000000000000e+04 3.999999999837670190e-09
-2.710000000000000000e+04 5.000000000143100696e-09
-2.700000000000000000e+04 4.999999999865273890e-09
-2.690000000000000000e+04 5.000000000143100696e-09
-2.680000000000000000e+04 4.999999999865273890e-09
-2.670000000000000000e+04 4.000000000113802931e-09
-2.660000000000000000e+04 5.000000000143100696e-09
-2.650000000000000000e+04 5.000000000143100696e-09
-2.640000000000000000e+04 5.999999999894571655e-09
-2.630000000000000000e+04 4.999999999865273890e-09
-2.620000000000000000e+04 5.000000000143100696e-09
-2.610000000000000000e+04 4.999999999865273890e-09
-2.600000000000000000e+04 6.000000000172398462e-09
-2.590000000000000000e+04 4.999999999865273890e-09
-2.580000000000000000e+04 5.999999999894571655e-09
-2.570000000000000000e+04 5.000000000143100696e-09
-2.560000000000000000e+04 5.999999999894571655e-09
-2.550000000000000000e+04 6.000000000172398462e-09
-2.540000000000000000e+04 4.999999999865273890e-09
-2.530000000000000000e+04 5.999999999894571655e-09
-2.520000000000000000e+04 6.000000000172398462e-09
-2.510000000000000000e+04 5.999999999894571655e-09
-2.500000000000000000e+04 5.999999999894571655e-09
-2.490000000000000000e+04 6.000000000172398462e-09
-2.480000000000000000e+04 6.000000000172398462e-09
-2.470000000000000000e+04 5.999999999616744848e-09
-2.460000000000000000e+04 6.000000000172398462e-09
-2.450000000000000000e+04 6.000000000172398462e-09
-2.440000000000000000e+04 5.999999999616744848e-09
-2.430000000000000000e+04 6.000000000172398462e-09
-2.420000000000000000e+04 6.000000000172398462e-09
-2.410000000000000000e+04 5.999999999616744848e-09
-2.400000000000000000e+04 7.000000000201696227e-09
-2.390000000000000000e+04 6.000000000172398462e-09
-2.380000000000000000e+04 5.999999999616744848e-09
-2.370000000000000000e+04 6.000000000172398462e-09
-2.360000000000000000e+04 6.000000000172398462e-09
-2.350000000000000000e+04 4.999999999587447083e-09
-2.340000000000000000e+04 6.000000000172398462e-09
-2.330000000000000000e+04 6.000000000172398462e-09
-2.320000000000000000e+04 5.999999999616744848e-09
-2.310000000000000000e+04 5.000000000143100696e-09
-2.300000000000000000e+04 6.000000000172398462e-09
-2.290000000000000000e+04 4.999999999587447083e-09
-2.280000000000000000e+04 5.000000000143100696e-09
-2.270000000000000000e+04 5.000000000143100696e-09
-2.260000000000000000e+04 5.000000000143100696e-09
-2.250000000000000000e+04 4.999999999587447083e-09
-2.240000000000000000e+04 4.000000000113802931e-09
-2.230000000000000000e+04 5.000000000143100696e-09
-2.220000000000000000e+04 4.000000000113802931e-09
-2.210000000000000000e+04 3.999999999559843383e-09
-2.200000000000000000e+04 3.000000000086199231e-09
-2.190000000000000000e+04 4.000000000669456544e-09
-2.180000000000000000e+04 3.000000000086199231e-09
-2.170000000000000000e+04 3.000000000086199231e-09
-2.160000000000000000e+04 2.000000000056901465e-09
-2.150000000000000000e+04 2.999999999530545618e-09
-2.140000000000000000e+04 2.000000000056901465e-09
-2.130000000000000000e+04 2.000000000056901465e-09
-2.120000000000000000e+04 2.000000000056901465e-09
-2.110000000000000000e+04 1.000000000027603700e-09
-2.100000000000000000e+04 1.000000000027603700e-09
-2.090000000000000000e+04 1.000000000027603700e-09
-2.080000000000000000e+04 0.000000000000000000e+00
-2.070000000000000000e+04 1.000000000027603700e-09
-2.060000000000000000e+04 0.000000000000000000e+00
-2.050000000000000000e+04 -1.000000000029297766e-09
-2.040000000000000000e+04 0.000000000000000000e+00
-2.030000000000000000e+04 -1.000000000029297766e-09
-2.020000000000000000e+04 -1.000000000029297766e-09
-2.010000000000000000e+04 -2.000000000058595531e-09
-2.000000000000000000e+04 -1.000000000029297766e-09
-1.990000000000000000e+04 -2.000000000058595531e-09
-1.980000000000000000e+04 -2.000000000058595531e-09
-1.970000000000000000e+04 -3.000000000086199231e-09
-1.960000000000000000e+04 -2.000000000058595531e-09
-1.950000000000000000e+04 -3.000000000086199231e-09
-1.940000000000000000e+04 -2.999999999532239683e-09
-1.930000000000000000e+04 -4.000000000115496997e-09
-1.920000000000000000e+04 -3.000000000086199231e-09
-1.910000000000000000e+04 -4.000000000115496997e-09
-1.900000000000000000e+04 -4.000000000115496997e-09
-1.890000000000000000e+04 -3.999999999559843383e-09
-1.880000000000000000e+04 -4.000000000115496997e-09
-1.870000000000000000e+04 -5.000000000144794762e-09
-1.860000000000000000e+04 -4.000000000115496997e-09
-1.850000000000000000e+04 -5.000000000144794762e-09
-1.840000000000000000e+04 -4.999999999589141149e-09
-1.830000000000000000e+04 -5.000000000144794762e-09
-1.820000000000000000e+04 -5.000000000144794762e-09
-1.810000000000000000e+04 -5.000000000144794762e-09
-1.800000000000000000e+04 -4.999999999589141149e-09
-1.790000000000000000e+04 -5.000000000144794762e-09
-1.780000000000000000e+04 -5.000000000144794762e-09
-1.770000000000000000e+04 -6.000000000172398462e-09
-1.760000000000000000e+04 -4.999999999589141149e-09
-1.750000000000000000e+04 -5.000000000144794762e-09
-1.740000000000000000e+04 -5.000000000144794762e-09
-1.730000000000000000e+04 -5.000000000144794762e-09
-1.720000000000000000e+04 -4.999999999589141149e-09
-1.710000000000000000e+04 -5.000000000144794762e-09
-1.700000000000000000e+04 -5.000000000144794762e-09
-1.690000000000000000e+04 -5.000000000144794762e-09
-1.680000000000000000e+04 -4.999999999589141149e-09
-1.670000000000000000e+04 -5.000000000144794762e-09
-1.660000000000000000e+04 -4.000000000115496997e-09
-1.650000000000000000e+04 -5.000000000144794762e-09
-1.640000000000000000e+04 -4.000000000115496997e-09
-1.630000000000000000e+04 -3.999999999559843383e-09
-1.620000000000000000e+04 -4.000000000115496997e-09
-1.610000000000000000e+04 -4.000000000115496997e-09
-1.600000000000000000e+04 -4.000000000115496997e-09
-1.590000000000000000e+04 -3.000000000086199231e-09
-1.580000000000000000e+04 -3.999999999559843383e-09
-1.570000000000000000e+04 -2.999999999530545618e-09
-1.560000000000000000e+04 -3.000000000086199231e-09
-1.550000000000000000e+04 -3.000000000086199231e-09
-1.540000000000000000e+04 -2.000000000058595531e-09
-1.530000000000000000e+04 -3.000000000086199231e-09
-1.520000000000000000e+04 -2.000000000058595531e-09
-1.510000000000000000e+04 -2.000000000058595531e-09
-1.500000000000000000e+04 -2.000000000058595531e-09
-1.490000000000000000e+04 -1.000000000029297766e-09
-1.480000000000000000e+04 -1.999999999502941918e-09
-1.470000000000000000e+04 -1.000000000029297766e-09
-1.460000000000000000e+04 -1.000000000029297766e-09
-1.450000000000000000e+04 0.000000000000000000e+00
-1.440000000000000000e+04 -1.000000000029297766e-09
-1.430000000000000000e+04 0.000000000000000000e+00
-1.420000000000000000e+04 0.000000000000000000e+00
-1.410000000000000000e+04 0.000000000000000000e+00
-1.400000000000000000e+04 1.000000000027603700e-09
-1.390000000000000000e+04 0.000000000000000000e+00
-1.380000000000000000e+04 9.999999994736441522e-10
-1.370000000000000000e+04 2.000000000056901465e-09
-1.360000000000000000e+04 1.000000000027603700e-09
-1.350000000000000000e+04 2.000000000056901465e-09
-1.340000000000000000e+04 2.000000000056901465e-09
-1.330000000000000000e+04 2.000000000056901465e-09
-1.320000000000000000e+04 2.000000000056901465e-09
-1.310000000000000000e+04 3.000000000086199231e-09
-1.300000000000000000e+04 2.000000000056901465e-09
-1.290000000000000000e+04 2.999999999530545618e-09
-1.280000000000000000e+04 4.000000000113802931e-09
-1.270000000000000000e+04 3.000000000086199231e-09
-1.260000000000000000e+04 4.000000000113802931e-09
-1.250000000000000000e+04 3.000000000086199231e-09
-1.240000000000000000e+04 3.999999999559843383e-09
-1.230000000000000000e+04 5.000000000143100696e-09
-1.220000000000000000e+04 4.000000000113802931e-09
-1.210000000000000000e+04 5.000000000143100696e-09
-1.200000000000000000e+04 3.999999999559843383e-09
-1.190000000000000000e+04 5.000000000143100696e-09
-1.180000000000000000e+04 5.000000000143100696e-09
-1.170000000000000000e+04 5.999999999616744848e-09
-1.160000000000000000e+04 5.000000000143100696e-09
-1.150000000000000000e+04 5.000000000143100696e-09
-1.140000000000000000e+04 6.000000000172398462e-09
-1.130000000000000000e+04 5.999999999616744848e-09
-1.120000000000000000e+04 6.000000000172398462e-09
-1.110000000000000000e+04 6.000000000172398462e-09
-1.100000000000000000e+04 5.999999999616744848e-09
-1.090000000000000000e+04 6.000000000172398462e-09
-1.080000000000000000e+04 6.000000000172398462e-09
-1.070000000000000000e+04 5.999999999616744848e-09
-1.060000000000000000e+04 7.000000000201696227e-09
-1.050000000000000000e+04 6.000000000172398462e-09
-1.040000000000000000e+04 6.999999999646042614e-09
-1.030000000000000000e+04 6.000000000172398462e-09
-1.020000000000000000e+04 6.000000000172398462e-09
-1.010000000000000000e+04 6.999999999646042614e-09
-1.000000000000000000e+04 6.000000000172398462e-09
-9.900000000000000000e+03 6.999999999646042614e-09
-9.800000000000000000e+03 6.000000000172398462e-09
-9.700000000000000000e+03 7.000000000201696227e-09
-9.600000000000000000e+03 5.999999999616744848e-09
-9.500000000000000000e+03 6.000000000172398462e-09
-9.400000000000000000e+03 6.000000000728052075e-09
-9.300000000000000000e+03 5.999999999616744848e-09
-9.200000000000000000e+03 6.000000000172398462e-09
-9.100000000000000000e+03 5.000000000143100696e-09
-9.000000000000000000e+03 6.000000000172398462e-09
-8.900000000000000000e+03 4.999999999587447083e-09
-8.800000000000000000e+03 5.000000000143100696e-09
-8.700000000000000000e+03 5.000000000143100696e-09
-8.600000000000000000e+03 4.999999999587447083e-09
-8.500000000000000000e+03 5.000000000143100696e-09
-8.400000000000000000e+03 4.000000000113802931e-09
-8.300000000000000000e+03 4.000000000113802931e-09
-8.200000000000000000e+03 3.000000000086199231e-09
-8.100000000000000000e+03 3.999999999559843383e-09
-8.000000000000000000e+03 3.000000000086199231e-09
-7.900000000000000000e+03 3.000000000086199231e-09
-7.800000000000000000e+03 2.000000000056901465e-09
-7.700000000000000000e+03 2.000000000056901465e-09
-7.600000000000000000e+03 2.000000000056901465e-09
-7.500000000000000000e+03 1.999999999501247852e-09
-7.400000000000000000e+03 1.000000000027603700e-09
-7.300000000000000000e+03 1.000000000027603700e-09
-7.200000000000000000e+03 1.000000000027603700e-09
-7.100000000000000000e+03 0.000000000000000000e+00
-7.000000000000000000e+03 0.000000000000000000e+00
-6.900000000000000000e+03 -1.000000000029297766e-09
-6.800000000000000000e+03 0.000000000000000000e+00
-6.700000000000000000e+03 -1.000000000029297766e-09
-6.600000000000000000e+03 -2.000000000058595531e-09
-6.500000000000000000e+03 -1.000000000029297766e-09
-6.400000000000000000e+03 -1.999999999502941918e-09
-6.300000000000000000e+03 -3.000000000086199231e-09
-6.200000000000000000e+03 -2.000000000058595531e-09
-6.100000000000000000e+03 -3.000000000086199231e-09
-6.000000000000000000e+03 -4.000000000115496997e-09
-5.900000000000000000e+03 -3.000000000086199231e-09
-5.800000000000000000e+03 -4.000000000115496997e-09
-5.700000000000000000e+03 -3.999999999559843383e-09
-5.600000000000000000e+03 -5.000000000144794762e-09
-5.500000000000000000e+03 -5.000000000144794762e-09
-5.400000000000000000e+03 -4.000000000115496997e-09
-5.300000000000000000e+03 -5.999999999618438914e-09
-5.200000000000000000e+03 -5.000000000144794762e-09
-5.100000000000000000e+03 -6.000000000172398462e-09
-5.000000000000000000e+03 -6.000000000172398462e-09
-4.900000000000000000e+03 -5.999999999618438914e-09
-4.800000000000000000e+03 -6.000000000172398462e-09
-4.700000000000000000e+03 -7.000000000201696227e-09
-4.600000000000000000e+03 -5.999999999618438914e-09
-4.500000000000000000e+03 -7.000000000201696227e-09
-4.400000000000000000e+03 -7.000000000201696227e-09
-4.300000000000000000e+03 -6.999999999646042614e-09
-4.200000000000000000e+03 -7.000000000201696227e-09
-4.100000000000000000e+03 -7.000000000201696227e-09
-4.000000000000000000e+03 -6.999999999646042614e-09
-3.900000000000000000e+03 -7.000000000201696227e-09
-3.800000000000000000e+03 -7.000000000201696227e-09
-3.700000000000000000e+03 -6.999999999646042614e-09
-3.600000000000000000e+03 -8.000000000230993993e-09
-3.500000000000000000e+03 -7.000000000201696227e-09
-3.400000000000000000e+03 -6.999999999646042614e-09
-3.300000000000000000e+03 -7.000000000201696227e-09
-3.200000000000000000e+03 -6.999999999090389001e-09
-3.100000000000000000e+03 -7.000000000201696227e-09
-3.000000000000000000e+03 -7.000000000201696227e-09
-2.900000000000000000e+03 -6.999999999646042614e-09
-2.800000000000000000e+03 -7.000000000201696227e-09
-2.700000000000000000e+03 -7.000000000201696227e-09
-2.600000000000000000e+03 -5.999999999618438914e-09
-2.500000000000000000e+03 -7.000000000201696227e-09
-2.400000000000000000e+03 -7.000000000201696227e-09
-2.300000000000000000e+03 -5.999999999618438914e-09
-2.200000000000000000e+03 -6.000000000172398462e-09
-2.100000000000000000e+03 -6.000000000172398462e-09
-2.000000000000000000e+03 -6.000000000172398462e-09
-1.900000000000000000e+03 -5.999999999618438914e-09
-1.800000000000000000e+03 -6.000000000172398462e-09
-1.700000000000000000e+03 -6.000000000172398462e-09
-1.600000000000000000e+03 -4.999999999589141149e-09
-1.500000000000000000e+03 -6.000000000172398462e-09
-1.400000000000000000e+03 -5.000000000144794762e-09
-1.300000000000000000e+03 -5.000000000144794762e-09
-1.200000000000000000e+03 -4.999999999589141149e-09
-1.100000000000000000e+03 -5.000000000144794762e-09
-1.000000000000000000e+03 -5.000000000144794762e-09
-9.000000000000000000e+02 -4.000000000115496997e-09
-8.000000000000000000e+02 -4.999999999589141149e-09
-7.000000000000000000e+02 -4.000000000115496997e-09
-6.000000000000000000e+02 -5.000000000144794762e-09
-5.000000000000000000e+02 -4.000000000115496997e-09
-4.000000000000000000e+02 -4.000000000115496997e-09
-3.000000000000000000e+02 -3.999999999559843383e-09
-2.000000000000000000e+02 -4.000000000115496997e-09
-1.000000000000000000e+02 -3.000000000086199231e-09
0.000000000000000000e+00 -4.000000000115496997e-09
1.000000000000000000e+02 -4.000000000115496997e-09
2.000000000000000000e+02 -2.999999999532239683e-09
3.000000000000000000e+02 -4.000000000115496997e-09
4.000000000000000000e+02 -3.000000000641852844e-09
5.000000000000000000e+02 -4.000000000115496997e-09
6.000000000000000000e+02 -2.999999999532239683e-09
7.000000000000000000e+02 -2.999999999532239683e-09
8.000000000000000000e+02 -3.000000000641852844e-09
9.000000000000000000e+02 -4.000000000115496997e-09
1.000000000000000000e+03 -2.999999999532239683e-09
1.100000000000000000e+03 -3.000000000641852844e-09
1.200000000000000000e+03 -2.999999999532239683e-09
1.300000000000000000e+03 -2.999999999532239683e-09
1.400000000000000000e+03 -3.000000000641852844e-09
1.500000000000000000e+03 -4.000000000115496997e-09
1.600000000000000000e+03 -2.999999999532239683e-09
1.700000000000000000e+03 -3.000000000641852844e-09
1.800000000000000000e+03 -2.999999999532239683e-09
1.900000000000000000e+03 -3.000000000641852844e-09
2.000000000000000000e+03 -2.999999999532239683e-09
2.100000000000000000e+03 -4.000000000115496997e-09
2.200000000000000000e+03 -2.999999999532239683e-09
2.300000000000000000e+03 -3.000000000641852844e-09
2.400000000000000000e+03 -2.999999999532239683e-09
2.500000000000000000e+03 -4.000000000115496997e-09
2.600000000000000000e+03 -2.999999999532239683e-09
2.700000000000000000e+03 -3.000000000641852844e-09
2.800000000000000000e+03 -4.000000000115496997e-09
2.900000000000000000e+03 -2.999999999532239683e-09
3.000000000000000000e+03 -4.000000000115496997e-09
3.100000000000000000e+03 -3.000000000641852844e-09
3.200000000000000000e+03 -3.999999999005883836e-09
3.300000000000000000e+03 -3.000000000641852844e-09
3.400000000000000000e+03 -4.000000000115496997e-09
3.500000000000000000e+03 -2.999999999532239683e-09
3.600000000000000000e+03 -4.000000000115496997e-09
3.700000000000000000e+03 -4.000000000115496997e-09
3.800000000000000000e+03 -4.000000000115496997e-09
3.900000000000000000e+03 -2.999999999532239683e-09
4.000000000000000000e+03 -4.000000000115496997e-09
4.100000000000000000e+03 -4.000000000115496997e-09
4.200000000000000000e+03 -4.000000000115496997e-09
4.300000000000000000e+03 -4.000000000115496997e-09
4.400000000000000000e+03 -4.000000000115496997e-09
4.500000000000000000e+03 -4.000000000115496997e-09
4.600000000000000000e+03 -4.000000000115496997e-09
4.700000000000000000e+03 -4.000000000115496997e-09
4.800000000000000000e+03 -4.000000000115496997e-09
4.900000000000000000e+03 -3.999999999005883836e-09
5.000000000000000000e+03 -4.000000000115496997e-09
5.100000000000000000e+03 -5.000000000698754310e-09
5.200000000000000000e+03 -4.000000000115496997e-09
5.300000000000000000e+03 -4.000000000115496997e-09
5.400000000000000000e+03 -3.999999999005883836e-09
5.500000000000000000e+03 -5.000000000698754310e-09
5.600000000000000000e+03 -4.000000000115496997e-09
5.700000000000000000e+03 -4.000000000115496997e-09
5.800000000000000000e+03 -4.000000000115496997e-09
5.900000000000000000e+03 -4.999999999589141149e-09
6.000000000000000000e+03 -4.000000000115496997e-09
6.100000000000000000e+03 -4.000000000115496997e-09
6.200000000000000000e+03 -3.999999999004189770e-09
6.300000000000000000e+03 -4.999999999589141149e-09
6.400000000000000000e+03 -4.000000000115496997e-09
6.500000000000000000e+03 -4.000000000115496997e-09
6.600000000000000000e+03 -4.000000000115496997e-09
6.700000000000000000e+03 -4.000000000115496997e-09
6.800000000000000000e+03 -4.000000000115496997e-09
6.900000000000000000e+03 -3.999999999005883836e-09
7.000000000000000000e+03 -4.000000000115496997e-09
7.100000000000000000e+03 -4.000000000115496997e-09
7.200000000000000000e+03 -4.000000000115496997e-09
7.300000000000000000e+03 -4.000000000115496997e-09
7.400000000000000000e+03 -4.000000000115496997e-09
7.500000000000000000e+03 -2.999999999532239683e-09
7.600000000000000000e+03 -4.000000000115496997e-09
7.700000000000000000e+03 -3.000000000641852844e-09
7.800000000000000000e+03 -4.000000000115496997e-09
7.900000000000000000e+03 -2.999999999532239683e-09
8.000000000000000000e+03 -2.999999999532239683e-09
8.100000000000000000e+03 -3.000000000641852844e-09
8.200000000000000000e+03 -2.999999999532239683e-09
8.300000000000000000e+03 -3.000000000641852844e-09
8.400000000000000000e+03 -2.000000000058595531e-09
8.500000000000000000e+03 -2.999999999532239683e-09
8.600000000000000000e+03 -2.000000000058595531e-09
8.700000000000000000e+03 -2.000000000058595531e-09
8.800000000000000000e+03 -2.000000000058595531e-09
8.900000000000000000e+03 -2.000000000058595531e-09
9.000000000000000000e+03 -9.999999994736441522e-10
9.100000000000000000e+03 -2.000000000058595531e-09
9.200000000000000000e+03 -1.000000000584951379e-09
9.300000000000000000e+03 -9.999999994736441522e-10
9.400000000000000000e+03 0.000000000000000000e+00
9.500000000000000000e+03 -1.000000000584951379e-09
9.600000000000000000e+03 0.000000000000000000e+00
9.700000000000000000e+03 0.000000000000000000e+00
9.800000000000000000e+03 1.000000000583257313e-09
9.900000000000000000e+03 0.000000000000000000e+00
1.000000000000000000e+04 9.999999994736441522e-10
1.010000000000000000e+04 9.999999994736441522e-10
1.020000000000000000e+04 2.000000000056901465e-09
1.030000000000000000e+04 2.000000000056901465e-09
1.040000000000000000e+04 2.000000000056901465e-09
1.050000000000000000e+04 2.000000000056901465e-09
1.060000000000000000e+04 3.000000000640158778e-09
1.070000000000000000e+04 2.999999999530545618e-09
1.080000000000000000e+04 3.000000000640158778e-09
1.090000000000000000e+04 3.999999999004189770e-09
1.100000000000000000e+04 4.000000000113802931e-09
1.110000000000000000e+04 4.000000000113802931e-09
1.120000000000000000e+04 4.000000000113802931e-09
1.130000000000000000e+04 4.999999999587447083e-09
1.140000000000000000e+04 5.000000000698754310e-09
1.150000000000000000e+04 4.999999999587447083e-09
1.160000000000000000e+04 6.000000000172398462e-09
1.170000000000000000e+04 6.000000000172398462e-09
1.180000000000000000e+04 6.000000000172398462e-09
1.190000000000000000e+04 6.999999999646042614e-09
1.200000000000000000e+04 6.000000000172398462e-09
1.210000000000000000e+04 6.999999999646042614e-09
1.220000000000000000e+04 8.000000000229299927e-09
1.230000000000000000e+04 6.999999999646042614e-09
1.240000000000000000e+04 8.000000000229299927e-09
1.250000000000000000e+04 8.000000000229299927e-09
1.260000000000000000e+04 8.000000000229299927e-09
1.270000000000000000e+04 7.999999999119686766e-09
1.280000000000000000e+04 9.000000000814251306e-09
1.290000000000000000e+04 8.999999999702944079e-09
1.300000000000000000e+04 8.999999999702944079e-09
1.310000000000000000e+04 8.999999999702944079e-09
1.320000000000000000e+04 9.000000000814251306e-09
1.330000000000000000e+04 9.999999999176588232e-09
1.340000000000000000e+04 9.000000000814251306e-09
1.350000000000000000e+04 9.999999999176588232e-09
1.360000000000000000e+04 1.000000000028789546e-08
1.370000000000000000e+04 1.000000000028789546e-08
1.380000000000000000e+04 1.000000000028789546e-08
1.390000000000000000e+04 9.999999999176588232e-09
1.400000000000000000e+04 1.000000000028789546e-08
1.410000000000000000e+04 1.000000000028789546e-08
1.420000000000000000e+04 9.999999999176588232e-09
1.430000000000000000e+04 1.000000000028789546e-08
1.440000000000000000e+04 1.099999999976153961e-08
1.450000000000000000e+04 1.000000000028789546e-08
1.460000000000000000e+04 1.000000000028789546e-08
1.470000000000000000e+04 1.000000000028789546e-08
1.480000000000000000e+04 9.999999999176588232e-09
1.490000000000000000e+04 1.000000000028789546e-08
1.500000000000000000e+04 1.000000000028789546e-08
1.510000000000000000e+04 1.000000000028789546e-08
1.520000000000000000e+04 9.999999999176588232e-09
1.530000000000000000e+04 9.000000000814251306e-09
1.540000000000000000e+04 9.999999999176588232e-09
1.550000000000000000e+04 1.000000000028789546e-08
1.560000000000000000e+04 8.999999999702944079e-09
1.570000000000000000e+04 1.000000000028789546e-08
1.580000000000000000e+04 8.999999999702944079e-09
1.590000000000000000e+04 1.000000000028789546e-08
1.600000000000000000e+04 8.999999999702944079e-09
1.610000000000000000e+04 9.000000000814251306e-09
1.620000000000000000e+04 8.999999999702944079e-09
1.630000000000000000e+04 8.999999999702944079e-09
1.640000000000000000e+04 8.999999999702944079e-09
1.650000000000000000e+04 9.000000000814251306e-09
1.660000000000000000e+04 7.999999999119686766e-09
1.670000000000000000e+04 9.000000000814251306e-09
1.680000000000000000e+04 8.999999999702944079e-09
1.690000000000000000e+04 8.000000000229299927e-09
1.700000000000000000e+04 7.999999999119686766e-09
1.710000000000000000e+04 9.000000000814251306e-09
1.720000000000000000e+04 7.999999999119686766e-09
1.730000000000000000e+04 8.000000000229299927e-09
1.740000000000000000e+04 9.000000000814251306e-09
1.750000000000000000e+04 7.999999999119686766e-09
1.760000000000000000e+04 8.000000000229299927e-09
1.770000000000000000e+04 8.000000000229299927e-09
1.780000000000000000e+04 8.000000000229299927e-09
1.790000000000000000e+04 7.999999999119686766e-09
1.800000000000000000e+04 9.000000000814251306e-09
1.810000000000000000e+04 7.999999999119686766e-09
1.820000000000000000e+04 8.000000000229299927e-09
1.830000000000000000e+04 8.000000000229299927e-09
1.840000000000000000e+04 8.999999999702944079e-09
1.850000000000000000e+04 8.000000000229299927e-09
1.860000000000000000e+04 8.000000000229299927e-09
1.870000000000000000e+04 9.000000000814251306e-09
1.880000000000000000e+04 8.999999999702944079e-09
1.890000000000000000e+04 9.000000000814251306e-09
1.900000000000000000e+04 8.999999999702944079e-09
1.910000000000000000e+04 8.999999999702944079e-09
1.920000000000000000e+04 8.999999999702944079e-09
1.930000000000000000e+04 9.000000000814251306e-09
1.940000000000000000e+04 9.999999999176588232e-09
1.950000000000000000e+04 9.000000000814251306e-09
1.960000000000000000e+04 9.999999999176588232e-09
1.970000000000000000e+04 1.000000000028789546e-08
1.980000000000000000e+04 1.000000000028789546e-08
1.990000000000000000e+04 1.000000000028789546e-08
2.000000000000000000e+04 1.099999999976153961e-08
2.010000000000000000e+04 1.000000000028789546e-08
2.020000000000000000e+04 1.099999999976153961e-08
2.030000000000000000e+04 1.099999999976153961e-08
2.040000000000000000e+04 1.099999999976153961e-08
2.050000000000000000e+04 1.099999999976153961e-08
2.060000000000000000e+04 1.200000000034479692e-08
2.070000000000000000e+04 1.099999999976153961e-08
2.080000000000000000e+04 1.200000000034479692e-08
2.090000000000000000e+04 1.200000000034479692e-08
2.100000000000000000e+04 1.199999999923518376e-08
2.110000000000000000e+04 1.200000000034479692e-08
2.120000000000000000e+04 1.299999999981844108e-08
2.130000000000000000e+04 1.200000000034479692e-08
2.140000000000000000e+04 1.299999999981844108e-08
2.150000000000000000e+04 1.200000000034479692e-08
2.160000000000000000e+04 1.299999999981844108e-08
2.170000000000000000e+04 1.299999999981844108e-08
2.180000000000000000e+04 1.299999999981844108e-08
2.190000000000000000e+04 1.299999999981844108e-08
2.200000000000000000e+04 1.400000000040169839e-08
2.210000000000000000e+04 1.299999999981844108e-08
2.220000000000000000e+04 1.299999999981844108e-08
2.230000000000000000e+04 1.400000000040169839e-08
2.240000000000000000e+04 1.299999999981844108e-08
2.250000000000000000e+04 1.400000000040169839e-08
2.260000000000000000e+04 1.299999999981844108e-08
2.270000000000000000e+04 1.399999999929208523e-08
2.280000000000000000e+04 1.300000000092805424e-08
2.290000000000000000e+04 1.399999999929208523e-08
2.300000000000000000e+04 1.299999999981844108e-08
2.310000000000000000e+04 1.400000000040169839e-08
2.320000000000000000e+04 1.299999999981844108e-08
2.330000000000000000e+04 1.299999999981844108e-08
2.340000000000000000e+04 1.400000000040169839e-08
2.350000000000000000e+04 1.299999999981844108e-08
2.360000000000000000e+04 1.299999999981844108e-08
2.370000000000000000e+04 1.200000000034479692e-08
2.380000000000000000e+04 1.299999999981844108e-08
2.390000000000000000e+04 1.299999999981844108e-08
2.400000000000000000e+04 1.200000000034479692e-08
2.410000000000000000e+04 1.200000000034479692e-08
2.420000000000000000e+04 1.199999999923518376e-08
2.430000000000000000e+04 1.200000000034479692e-08
2.440000000000000000e+04 1.200000000034479692e-08
2.450000000000000000e+04 1.199999999923518376e-08
2.460000000000000000e+04 1.100000000087115277e-08
2.470000000000000000e+04 1.099999999976153961e-08
2.480000000000000000e+04 1.099999999976153961e-08
2.490000000000000000e+04 1.099999999976153961e-08
2.500000000000000000e+04 1.000000000028789546e-08
2.510000000000000000e+04 1.000000000028789546e-08
2.520000000000000000e+04 9.999999999176588232e-09
2.530000000000000000e+04 1.000000000028789546e-08
2.540000000000000000e+04 1.000000000028789546e-08
2.550000000000000000e+04 8.999999999702944079e-09
2.560000000000000000e+04 8.999999999702944079e-09
2.570000000000000000e+04 8.000000000229299927e-09
2.580000000000000000e+04 8.999999999702944079e-09
2.590000000000000000e+04 8.000000000229299927e-09
2.600000000000000000e+04 8.000000000229299927e-09
2.610000000000000000e+04 6.999999999646042614e-09
2.620000000000000000e+04 8.000000000229299927e-09
2.630000000000000000e+04 6.999999999646042614e-09
2.640000000000000000e+04 7.000000000755655775e-09
2.650000000000000000e+04 6.000000000172398462e-09
2.660000000000000000e+04 5.999999999061091235e-09
2.670000000000000000e+04 6.000000000172398462e-09
2.680000000000000000e+04 6.000000000172398462e-09
2.690000000000000000e+04 4.999999999587447083e-09
2.700000000000000000e+04 5.000000000698754310e-09
2.710000000000000000e+04 4.000000000113802931e-09
2.720000000000000000e+04 4.999999999587447083e-09
2.730000000000000000e+04 4.000000000113802931e-09
2.740000000000000000e+04 4.000000000113802931e-09
2.750000000000000000e+04 2.999999999530545618e-09
2.760000000000000000e+04 3.000000000640158778e-09
2.770000000000000000e+04 2.999999999530545618e-09
2.780000000000000000e+04 2.999999999530545618e-09
2.790000000000000000e+04 2.000000000056901465e-09
2.800000000000000000e+04 2.000000000056901465e-09
2.810000000000000000e+04 2.000000000056901465e-09
2.820000000000000000e+04 2.000000000056901465e-09
2.830000000000000000e+04 1.000000000583257313e-09
2.840000000000000000e+04 9.999999994736441522e-10
2.850000000000000000e+04 0.000000000000000000e+00
2.860000000000000000e+04 1.000000000583257313e-09
2.870000000000000000e+04 0.000000000000000000e+00
2.880000000000000000e+04 0.000000000000000000e+00
2.890000000000000000e+04 -1.000000000584951379e-09
2.900000000000000000e+04 -9.999999994736441522e-10
2.910000000000000000e+04 -1.000000000584951379e-09
2.920000000000000000e+04 -9.999999994736441522e-10
2.930000000000000000e+04 -1.000000000584951379e-09
2.940000000000000000e+04 -2.000000000058595531e-09
2.950000000000000000e+04 -2.000000000058595531e-09
2.960000000000000000e+04 -2.999999999532239683e-09
2.970000000000000000e+04 -2.000000000058595531e-09
2.980000000000000000e+04 -3.000000000641852844e-09
2.990000000000000000e+04 -2.999999999532239683e-09
3.000000000000000000e+04 -2.999999999532239683e-09
3.010000000000000000e+04 -4.000000000115496997e-09
3.020000000000000000e+04 -4.000000000115496997e-09
3.030000000000000000e+04 -4.000000000115496997e-09
3.040000000000000000e+04 -4.000000000115496997e-09
3.050000000000000000e+04 -4.000000000115496997e-09
3.060000000000000000e+04 -4.999999999589141149e-09
3.070000000000000000e+04 -5.000000000698754310e-09
3.080000000000000000e+04 -4.999999999589141149e-09
3.090000000000000000e+04 -4.999999999589141149e-09
3.100000000000000000e+04 -6.000000000172398462e-09
3.110000000000000000e+04 -6.000000000172398462e-09
3.120000000000000000e+04 -5.999999999061091235e-09
3.130000000000000000e+04 -6.000000000172398462e-09
3.140000000000000000e+04 -6.000000000172398462e-09
3.150000000000000000e+04 -6.999999999646042614e-09
3.160000000000000000e+04 -6.999999999646042614e-09
3.170000000000000000e+04 -6.000000000172398462e-09
3.180000000000000000e+04 -7.000000000757349841e-09
3.190000000000000000e+04 -7.999999999119686766e-09
3.200000000000000000e+04 -7.000000000757349841e-09
3.210000000000000000e+04 -7.999999999119686766e-09
3.220000000000000000e+04 -7.000000000757349841e-09
3.230000000000000000e+04 -8.000000000230993993e-09
3.240000000000000000e+04 -7.999999999119686766e-09
3.250000000000000000e+04 -8.000000000230993993e-09
3.260000000000000000e+04 -8.999999999704638145e-09
3.270000000000000000e+04 -8.000000000230993993e-09
3.280000000000000000e+04 -8.000000000230993993e-09
3.290000000000000000e+04 -8.999999999704638145e-09
3.300000000000000000e+04 -9.000000000814251306e-09
3.310000000000000000e+04 -7.999999999119686766e-09
3.320000000000000000e+04 -9.000000000814251306e-09
3.330000000000000000e+04 -8.999999999704638145e-09
3.340000000000000000e+04 -8.999999999704638145e-09
3.350000000000000000e+04 -1.000000000028789546e-08
3.360000000000000000e+04 -8.999999999704638145e-09
3.370000000000000000e+04 -9.000000000814251306e-09
3.380000000000000000e+04 -8.999999999704638145e-09
3.390000000000000000e+04 -1.000000000028789546e-08
3.400000000000000000e+04 -8.999999999704638145e-09
3.410000000000000000e+04 -8.999999999704638145e-09
3.420000000000000000e+04 -1.000000000028789546e-08
3.430000000000000000e+04 -8.999999999704638145e-09
3.440000000000000000e+04 -1.000000000028789546e-08
3.450000000000000000e+04 -8.999999999704638145e-09
3.460000000000000000e+04 -1.000000000028789546e-08
3.470000000000000000e+04 -8.999999999704638145e-09
3.480000000000000000e+04 -1.000000000028789546e-08
3.490000000000000000e+04 -8.999999999704638145e-09
3.500000000000000000e+04 -9.000000000814251306e-09
3.510000000000000000e+04 -9.999999999178282297e-09
3.520000000000000000e+04 -9.000000000814251306e-09
3.530000000000000000e+04 -8.999999999704638145e-09
3.540000000000000000e+04 -8.999999999704638145e-09
3.550000000000000000e+04 -8.999999999704638145e-09
3.560000000000000000e+04 -9.000000000814251306e-09
3.570000000000000000e+04 -8.999999999704638145e-09
3.580000000000000000e+04 -8.000000000230993993e-09
3.590000000000000000e+04 -8.999999999704638145e-09
3.600000000000000000e+04 -8.000000000230993993e-09
3.610000000000000000e+04 -8.999999999704638145e-09
3.620000000000000000e+04 -8.000000000230993993e-09
3.630000000000000000e+04 -8.000000000230993993e-09
3.640000000000000000e+04 -7.999999999119686766e-09
3.650000000000000000e+04 -7.000000000757349841e-09
3.660000000000000000e+04 -8.000000000230993993e-09
3.670000000000000000e+04 -6.999999999646042614e-09
3.680000000000000000e+04 -6.999999999646042614e-09
3.690000000000000000e+04 -7.000000000757349841e-09
3.700000000000000000e+04 -5.999999999062785301e-09
3.710000000000000000e+04 -6.000000000172398462e-09
3.720000000000000000e+04 -7.000000000757349841e-09
3.730000000000000000e+04 -4.999999999589141149e-09
3.740000000000000000e+04 -6.000000000172398462e-09
3.750000000000000000e+04 -4.999999999589141149e-09
3.760000000000000000e+04 -5.000000000698754310e-09
3.770000000000000000e+04 -4.999999999589141149e-09
3.780000000000000000e+04 -4.999999999589141149e-09
3.790000000000000000e+04 -4.000000000115496997e-09
3.800000000000000000e+04 -4.000000000115496997e-09
3.810000000000000000e+04 -4.000000000115496997e-09
3.820000000000000000e+04 -2.999999999532239683e-09
3.830000000000000000e+04 -4.000000000115496997e-09
3.840000000000000000e+04 -3.000000000641852844e-09
3.850000000000000000e+04 -2.999999999532239683e-09
3.860000000000000000e+04 -2.000000000058595531e-09
3.870000000000000000e+04 -2.000000000058595531e-09
3.880000000000000000e+04 -2.000000000058595531e-09
3.890000000000000000e+04 -2.000000000058595531e-09
3.900000000000000000e+04 -2.000000000058595531e-09
3.910000000000000000e+04 -1.000000000584951379e-09
3.920000000000000000e+04 -9.999999994736441522e-10
3.930000000000000000e+04 -9.999999994736441522e-10
3.940000000000000000e+04 -1.000000000584951379e-09
3.950000000000000000e+04 -9.999999994736441522e-10
3.960000000000000000e+04 0.000000000000000000e+00
3.970000000000000000e+04 0.000000000000000000e+00
3.980000000000000000e+04 -1.000000000584951379e-09
3.990000000000000000e+04 1.000000000583257313e-09
4.000000000000000000e+04 0.000000000000000000e+00
4.010000000000000000e+04 0.000000000000000000e+00
4.020000000000000000e+04 -1.111307226797642045e-18
4.030000000000000000e+04 1.000000000583257313e-09
4.040000000000000000e+04 9.999999994736441522e-10
4.050000000000000000e+04 0.000000000000000000e+00
4.060000000000000000e+04 1.000000000583257313e-09
4.070000000000000000e+04 9.999999994736441522e-10
4.080000000000000000e+04 0.000000000000000000e+00
4.090000000000000000e+04 1.000000000583257313e-09
4.100000000000000000e+04 9.999999994736441522e-10
4.110000000000000000e+04 0.000000000000000000e+00
4.120000000000000000e+04 1.000000000583257313e-09
4.130000000000000000e+04 0.000000000000000000e+00
4.140000000000000000e+04 9.999999994736441522e-10
4.150000000000000000e+04 0.000000000000000000e+00
4.160000000000000000e+04 0.000000000000000000e+00
4.170000000000000000e+04 0.000000000000000000e+00
4.180000000000000000e+04 0.000000000000000000e+00
4.190000000000000000e+04 -9.999999994736441522e-10
4.200000000000000000e+04 0.000000000000000000e+00
4.210000000000000000e+04 -1.000000000584951379e-09
4.220000000000000000e+04 -9.999999994736441522e-10
4.230000000000000000e+04 -1.000000000584951379e-09
4.240000000000000000e+04 -9.999999994736441522e-10
4.250000000000000000e+04 -2.000000000058595531e-09
4.260000000000000000e+04 -1.000000000584951379e-09
4.270000000000000000e+04 -2.000000000058595531e-09
4.280000000000000000e+04 -2.000000000058595531e-09
4.290000000000000000e+04 -2.999999999532239683e-09
4.300000000000000000e+04 -2.000000000058595531e-09
4.310000000000000000e+04 -2.999999999532239683e-09
4.320000000000000000e+04 -3.000000000641852844e-09
4.330000000000000000e+04 -2.999999999532239683e-09
4.340000000000000000e+04 -3.000000000641852844e-09
4.350000000000000000e+04 -4.000000000115496997e-09
4.360000000000000000e+04 -2.999999999532239683e-09
4.370000000000000000e+04 -3.999999999004189770e-09
4.380000000000000000e+04 -4.000000000115496997e-09
4.390000000000000000e+04 -4.999999999589141149e-09
4.400000000000000000e+04 -4.000000000115496997e-09
4.410000000000000000e+04 -5.000000000698754310e-09
4.420000000000000000e+04 -3.999999999005883836e-09
4.430000000000000000e+04 -5.000000000698754310e-09
4.440000000000000000e+04 -4.999999999589141149e-09
4.450000000000000000e+04 -5.000000000698754310e-09
4.460000000000000000e+04 -4.999999999589141149e-09
4.470000000000000000e+04 -4.999999999589141149e-09
4.480000000000000000e+04 -6.000000000172398462e-09
4.490000000000000000e+04 -5.000000000698754310e-09
4.500000000000000000e+04 -4.999999999589141149e-09
4.510000000000000000e+04 -6.000000000172398462e-09
4.520000000000000000e+04 -4.999999999589141149e-09
4.530000000000000000e+04 -5.000000000698754310e-09
4.540000000000000000e+04 -4.999999999589141149e-09
4.550000000000000000e+04 -4.999999999589141149e-09
4.560000000000000000e+04 -5.000000000698754310e-09
4.570000000000000000e+04 -4.999999999589141149e-09
4.580000000000000000e+04 -4.000000000115496997e-09
4.590000000000000000e+04 -4.999999999589141149e-09
4.600000000000000000e+04 -4.000000000115496997e-09
4.610000000000000000e+04 -4.000000000115496997e-09
4.620000000000000000e+04 -3.000000000641852844e-09
4.630000000000000000e+04 -3.999999999005883836e-09
4.640000000000000000e+04 -3.000000000641852844e-09
4.650000000000000000e+04 -2.999999999532239683e-09
4.660000000000000000e+04 -3.000000000641852844e-09
4.670000000000000000e+04 -2.000000000058595531e-09
4.680000000000000000e+04 -2.000000000058595531e-09
4.690000000000000000e+04 -2.000000000058595531e-09
4.700000000000000000e+04 -2.000000000058595531e-09
4.710000000000000000e+04 -9.999999994736441522e-10
4.720000000000000000e+04 -1.000000000584951379e-09
4.730000000000000000e+04 -9.999999994736441522e-10
4.740000000000000000e+04 -1.000000000584951379e-09
4.750000000000000000e+04 0.000000000000000000e+00
4.760000000000000000e+04 0.000000000000000000e+00
4.770000000000000000e+04 0.000000000000000000e+00
4.780000000000000000e+04 0.000000000000000000e+00
4.790000000000000000e+04 0.000000000000000000e+00
4.800000000000000000e+04 0.000000000000000000e+00
4.810000000000000000e+04 0.000000000000000000e+00
4.820000000000000000e+04 1.000000000583257313e-09
4.830000000000000000e+04 0.000000000000000000e+00
4.840000000000000000e+04 9.999999994736441522e-10
4.850000000000000000e+04 0.000000000000000000e+00
4.860000000000000000e+04 1.000000000583257313e-09
4.870000000000000000e+04 0.000000000000000000e+00
4.880000000000000000e+04 0.000000000000000000e+00
4.890000000000000000e+04 0.000000000000000000e+00
4.900000000000000000e+04 0.000000000000000000e+00
4.910000000000000000e+04 0.000000000000000000e+00
4.920000000000000000e+04 -1.000000000584951379e-09
4.930000000000000000e+04 -9.999999994736441522e-10
4.940000000000000000e+04 -1.000000000584951379e-09
4.950000000000000000e+04 -2.000000000058595531e-09
4.960000000000000000e+04 -2.999999999532239683e-09
4.970000000000000000e+04 -4.999999999589141149e-09
4.980000000000000000e+04 -7.000000000757349841e-09
4.990000000000000000e+04 -1.099999999976153961e-08
5.000000000000000000e+04 0.000000000000000000e+00
