-5.000000000000000000e+04 0.000000000000000000e+00 0.000000000000000000e+00
-4.990000000000000000e+04 9.987367999999999073e-04 4.651279999999999679e-08
-4.980000000000000000e+04 1.997902000000000185e-03 3.005531999999999890e-07
-4.970000000000000000e+04 2.997332000000000121e-03 5.043316000000000504e-07
-4.960000000000000000e+04 3.996923999999999789e-03 6.618833999999999935e-07
-4.950000000000000000e+04 4.996618999999999887e-03 7.689635000000000154e-07
-4.940000000000000000e+04 5.996384999999999910e-03 8.400792999999999910e-07
-4.930000000000000000e+04 6.996203999999999791e-03 8.839090999999999962e-07
-4.920000000000000000e+04 7.996064000000000643e-03 9.081202000000000454e-07
-4.910000000000000000e+04 8.995957000000000606e-03 9.194160999999999977e-07
-4.900000000000000000e+04 9.995877000000000234e-03 9.225480000000000100e-07
-4.890000000000000000e+04 1.099581999999999990e-02 9.207559999999999898e-07
-4.880000000000000000e+04 1.199577999999999929e-02 9.161615000000000077e-07
-4.870000000000000000e+04 1.299576000000000030e-02 9.100926000000000268e-07
-4.860000000000000000e+04 1.399574999999999951e-02 9.033393999999999819e-07
-4.850000000000000000e+04 1.499575000000000040e-02 8.963425000000000074e-07
-4.840000000000000000e+04 1.599574999999999955e-02 8.893266999999999771e-07
-4.830000000000000000e+04 1.699575999999999865e-02 8.823904999999999630e-07
-4.820000000000000000e+04 1.799575999999999953e-02 8.755634000000000381e-07
-4.810000000000000000e+04 1.899576000000000042e-02 8.688408000000000332e-07
-4.800000000000000000e+04 1.999576000000000131e-02 8.622043999999999514e-07
-4.790000000000000000e+04 2.099575000000000052e-02 8.556327999999999853e-07
-4.780000000000000000e+04 2.199571999999999986e-02 8.491065000000000204e-07
-4.770000000000000000e+04 2.299568000000000098e-02 8.426095999999999776e-07
-4.760000000000000000e+04 2.399561999999999876e-02 8.361305000000000239e-07
-4.750000000000000000e+04 2.499554999999999833e-02 8.296609000000000147e-07
-4.740000000000000000e+04 2.599544999999999981e-02 8.231951999999999649e-07
-4.730000000000000000e+04 2.699533000000000141e-02 8.167298000000000505e-07
-4.720000000000000000e+04 2.799518999999999966e-02 8.102625000000000201e-07
-4.710000000000000000e+04 2.899501999999999982e-02 8.037918999999999833e-07
-4.700000000000000000e+04 2.999481999999999843e-02 7.973170999999999577e-07
-4.690000000000000000e+04 3.099458999999999895e-02 7.908373000000000058e-07
-4.680000000000000000e+04 3.199434000000000305e-02 7.843520999999999471e-07
-4.670000000000000000e+04 3.299404999999999699e-02 7.778611999999999641e-07
-4.660000000000000000e+04 3.399372999999999978e-02 7.713650000000000254e-07
-4.650000000000000000e+04 3.499337999999999754e-02 7.648651000000000056e-07
-4.640000000000000000e+04 3.599299999999999722e-02 7.583655999999999546e-07
-4.630000000000000000e+04 3.699257999999999713e-02 7.518746000000000324e-07
-4.620000000000000000e+04 3.799212999999999896e-02 7.454076000000000314e-07
-4.610000000000000000e+04 3.899165000000000270e-02 7.389910000000000029e-07
-4.600000000000000000e+04 3.999112999999999973e-02 7.326686000000000124e-07
-4.590000000000000000e+04 4.099057999999999868e-02 7.265086000000000155e-07
-4.580000000000000000e+04 4.198999999999999955e-02 7.206132999999999985e-07
-4.570000000000000000e+04 4.298938000000000065e-02 7.151281000000000150e-07
-4.560000000000000000e+04 4.398872999999999672e-02 7.102489000000000304e-07
-4.550000000000000000e+04 4.498806000000000332e-02 7.062156999999999993e-07
-4.540000000000000000e+04 4.598735000000000323e-02 7.032548000000000485e-07
-4.530000000000000000e+04 4.698661999999999977e-02 7.013509999999999915e-07
-4.520000000000000000e+04 4.798586999999999991e-02 7.002712000000000217e-07
-4.510000000000000000e+04 4.898509000000000196e-02 6.997786999999999794e-07
-4.500000000000000000e+04 4.998429000000000066e-02 6.996826000000000372e-07
-4.490000000000000000e+04 5.098347000000000295e-02 6.998422000000000382e-07
-4.480000000000000000e+04 5.198263000000000189e-02 7.001590000000000163e-07
-4.470000000000000000e+04 5.298176999999999748e-02 7.005676999999999477e-07
-4.460000000000000000e+04 5.398088999999999665e-02 7.010267999999999574e-07
-4.450000000000000000e+04 5.498000000000000109e-02 7.015109000000000219e-07
-4.440000000000000000e+04 5.597909000000000218e-02 7.020059999999999666e-07
-4.430000000000000000e+04 5.697815999999999992e-02 7.025046000000000078e-07
-4.420000000000000000e+04 5.797722999999999766e-02 7.030029999999999589e-07
-4.410000000000000000e+04 5.897627999999999898e-02 7.035000999999999587e-07
-4.400000000000000000e+04 5.997531999999999863e-02 7.039959000000000074e-07
-4.390000000000000000e+04 6.097434999999999661e-02 7.044907000000000285e-07
-4.380000000000000000e+04 6.197335999999999817e-02 7.049850000000000358e-07
-4.370000000000000000e+04 6.297237999999999447e-02 7.054795000000000274e-07
-4.360000000000000000e+04 6.397137999999999436e-02 7.059745999999999721e-07
-4.350000000000000000e+04 6.497036999999999951e-02 7.064704999999999600e-07
-4.340000000000000000e+04 6.596936000000000466e-02 7.069675000000000206e-07
-4.330000000000000000e+04 6.696834999999999594e-02 7.074658000000000324e-07
-4.320000000000000000e+04 6.796733000000000635e-02 7.079655000000000405e-07
-4.310000000000000000e+04 6.896631000000000289e-02 7.084664999999999998e-07
-4.300000000000000000e+04 6.996528000000000469e-02 7.089688000000000162e-07
-4.290000000000000000e+04 7.096426000000000123e-02 7.094725999999999681e-07
-4.280000000000000000e+04 7.196323000000000303e-02 7.099776999999999770e-07
-4.270000000000000000e+04 7.296220999999999957e-02 7.104841000000000430e-07
-4.260000000000000000e+04 7.396118000000000137e-02 7.109917999999999543e-07
-4.250000000000000000e+04 7.496015999999999790e-02 7.115006999999999834e-07
-4.240000000000000000e+04 7.595912999999999971e-02 7.120108999999999637e-07
-4.230000000000000000e+04 7.695812000000000486e-02 7.125222000000000168e-07
-4.220000000000000000e+04 7.795710000000000139e-02 7.130346000000000366e-07
-4.210000000000000000e+04 7.895609000000000655e-02 7.135481000000000233e-07
-4.200000000000000000e+04 7.995509000000000643e-02 7.140626999999999768e-07
-4.190000000000000000e+04 8.095409000000000632e-02 7.145784000000000031e-07
-4.180000000000000000e+04 8.195310000000000095e-02 7.150953000000000413e-07
-4.170000000000000000e+04 8.295210999999999557e-02 7.156135999999999699e-07
-4.160000000000000000e+04 8.395113999999999355e-02 7.161338000000000145e-07
-4.150000000000000000e+04 8.495017000000000540e-02 7.166567000000000066e-07
-4.140000000000000000e+04 8.594920999999999811e-02 7.171834999999999580e-07
-4.130000000000000000e+04 8.694825999999999944e-02 7.177162000000000300e-07
-4.120000000000000000e+04 8.794731999999999550e-02 7.182577000000000485e-07
-4.110000000000000000e+04 8.894639000000000018e-02 7.188118999999999728e-07
-4.100000000000000000e+04 8.994547999999999432e-02 7.193840000000000313e-07
-4.090000000000000000e+04 9.094457000000000235e-02 7.199795999999999972e-07
-4.080000000000000000e+04 9.194367999999999985e-02 7.206017999999999987e-07
-4.070000000000000000e+04 9.294281000000000070e-02 7.212464000000000467e-07
-4.060000000000000000e+04 9.394194000000000155e-02 7.219078000000000502e-07
-4.050000000000000000e+04 9.494109000000000576e-02 7.225807999999999928e-07
-4.040000000000000000e+04 9.594025999999999943e-02 7.232618000000000503e-07
-4.030000000000000000e+04 9.693944000000000172e-02 7.239478999999999733e-07
-4.020000000000000000e+04 9.793862999999999874e-02 7.246373000000000086e-07
-4.010000000000000000e+04 9.893783999999999912e-02 7.253286999999999932e-07
-4.000000000000000000e+04 9.993707000000000285e-02 7.260214000000000348e-07
-3.990000000000000000e+04 1.009363000000000066e-01 7.267149000000000139e-07
-3.980000000000000000e+04 1.019356000000000012e-01 7.274089000000000067e-07
-3.970000000000000000e+04 1.029348999999999958e-01 7.281034000000000134e-07
-3.960000000000000000e+04 1.039342000000000044e-01 7.287981000000000044e-07
-3.950000000000000000e+04 1.049334999999999990e-01 7.294931000000000248e-07
-3.940000000000000000e+04 1.059327999999999936e-01 7.301883000000000296e-07
-3.930000000000000000e+04 1.069322000000000050e-01 7.308837999999999580e-07
-3.920000000000000000e+04 1.079314999999999997e-01 7.315794000000000373e-07
-3.910000000000000000e+04 1.089308999999999972e-01 7.322751999999999952e-07
-3.900000000000000000e+04 1.099302999999999947e-01 7.329712000000000432e-07
-3.890000000000000000e+04 1.109297000000000061e-01 7.336673000000000305e-07
-3.880000000000000000e+04 1.119292000000000065e-01 7.343634000000000178e-07
-3.870000000000000000e+04 1.129287000000000069e-01 7.350596999999999894e-07
-3.860000000000000000e+04 1.139281000000000044e-01 7.357559999999999611e-07
-3.850000000000000000e+04 1.149276999999999938e-01 7.364523000000000386e-07
-3.840000000000000000e+04 1.159271999999999941e-01 7.371486000000000102e-07
-3.830000000000000000e+04 1.169266999999999945e-01 7.378448999999999818e-07
-3.820000000000000000e+04 1.179262999999999978e-01 7.385411999999999535e-07
-3.810000000000000000e+04 1.189259000000000011e-01 7.392373999999999859e-07
-3.800000000000000000e+04 1.199255000000000043e-01 7.399336000000000183e-07
-3.790000000000000000e+04 1.209250999999999937e-01 7.406297000000000056e-07
-3.780000000000000000e+04 1.219247999999999998e-01 7.413259000000000380e-07
-3.770000000000000000e+04 1.229244000000000031e-01 7.420222000000000096e-07
-3.760000000000000000e+04 1.239240999999999954e-01 7.427184999999999812e-07
-3.750000000000000000e+04 1.249238000000000015e-01 7.434147999999999529e-07
-3.740000000000000000e+04 1.259235999999999966e-01 7.441109000000000460e-07
-3.730000000000000000e+04 1.269232999999999889e-01 7.448063999999999744e-07
-3.720000000000000000e+04 1.279231000000000118e-01 7.455003999999999672e-07
-3.710000000000000000e+04 1.289229000000000069e-01 7.461911999999999988e-07
-3.700000000000000000e+04 1.299227000000000021e-01 7.468757999999999863e-07
-3.690000000000000000e+04 1.309224999999999972e-01 7.475497000000000172e-07
-3.680000000000000000e+04 1.319223999999999952e-01 7.482053000000000512e-07
-3.670000000000000000e+04 1.329221999999999904e-01 7.488315999999999964e-07
-3.660000000000000000e+04 1.339220999999999884e-01 7.494130999999999544e-07
-3.650000000000000000e+04 1.349219999999999864e-01 7.499287999999999806e-07
-3.640000000000000000e+04 1.359219000000000122e-01 7.503535000000000360e-07
-3.630000000000000000e+04 1.369219000000000130e-01 7.506645999999999838e-07
-3.620000000000000000e+04 1.379218000000000111e-01 7.508668000000000384e-07
-3.610000000000000000e+04 1.389218000000000119e-01 7.509851999999999821e-07
-3.600000000000000000e+04 1.399218000000000128e-01 7.510438999999999930e-07
-3.590000000000000000e+04 1.409218000000000137e-01 7.510625000000000194e-07
-3.580000000000000000e+04 1.419217999999999869e-01 7.510552000000000085e-07
-3.570000000000000000e+04 1.429218999999999906e-01 7.510318999999999794e-07
-3.560000000000000000e+04 1.439218999999999915e-01 7.509991000000000058e-07
-3.550000000000000000e+04 1.449219999999999953e-01 7.509609999999999705e-07
-3.540000000000000000e+04 1.459220999999999990e-01 7.509201000000000485e-07
-3.530000000000000000e+04 1.469222000000000028e-01 7.508776999999999793e-07
-3.520000000000000000e+04 1.479223000000000066e-01 7.508346999999999570e-07
-3.510000000000000000e+04 1.489224000000000103e-01 7.507912999999999660e-07
-3.500000000000000000e+04 1.499225999999999892e-01 7.507476000000000515e-07
-3.490000000000000000e+04 1.509226999999999930e-01 7.507036000000000016e-07
-3.480000000000000000e+04 1.519228999999999996e-01 7.506593000000000281e-07
-3.470000000000000000e+04 1.529231000000000062e-01 7.506145999999999800e-07
-3.460000000000000000e+04 1.539233000000000129e-01 7.505694999999999633e-07
-3.450000000000000000e+04 1.549234999999999918e-01 7.505239999999999779e-07
-3.440000000000000000e+04 1.559236999999999984e-01 7.504777999999999943e-07
-3.430000000000000000e+04 1.569239000000000051e-01 7.504312000000000421e-07
-3.420000000000000000e+04 1.579241999999999868e-01 7.503840000000000309e-07
-3.410000000000000000e+04 1.589243999999999934e-01 7.503361999999999608e-07
-3.400000000000000000e+04 1.599247000000000030e-01 7.502878000000000436e-07
-3.390000000000000000e+04 1.609250000000000125e-01 7.502389000000000067e-07
-3.380000000000000000e+04 1.619252999999999942e-01 7.501894000000000167e-07
-3.370000000000000000e+04 1.629256000000000038e-01 7.501394000000000130e-07
-3.360000000000000000e+04 1.639259000000000133e-01 7.500887999999999503e-07
-3.350000000000000000e+04 1.649261999999999950e-01 7.500376999999999797e-07
-3.340000000000000000e+04 1.659265000000000045e-01 7.499860999999999953e-07
-3.330000000000000000e+04 1.669267999999999863e-01 7.499341999999999814e-07
-3.320000000000000000e+04 1.679271999999999987e-01 7.498817999999999538e-07
-3.310000000000000000e+04 1.689275000000000082e-01 7.498292000000000477e-07
-3.300000000000000000e+04 1.699278999999999928e-01 7.497763000000000062e-07
-3.290000000000000000e+04 1.709282000000000024e-01 7.497229999999999961e-07
-3.280000000000000000e+04 1.719285999999999870e-01 7.496691000000000329e-07
-3.270000000000000000e+04 1.729289999999999994e-01 7.496139999999999519e-07
-3.260000000000000000e+04 1.739294000000000118e-01 7.495564999999999529e-07
-3.250000000000000000e+04 1.749296999999999935e-01 7.494945000000000414e-07
-3.240000000000000000e+04 1.759301000000000059e-01 7.494245999999999542e-07
-3.230000000000000000e+04 1.769304999999999906e-01 7.493410000000000394e-07
-3.220000000000000000e+04 1.779309000000000029e-01 7.492353000000000016e-07
-3.210000000000000000e+04 1.789312999999999876e-01 7.490950000000000251e-07
-3.200000000000000000e+04 1.799317000000000000e-01 7.489030000000000192e-07
-3.190000000000000000e+04 1.809321999999999875e-01 7.486373999999999509e-07
-3.180000000000000000e+04 1.819325999999999999e-01 7.482743999999999893e-07
-3.170000000000000000e+04 1.829330000000000123e-01 7.478041000000000092e-07
-3.160000000000000000e+04 1.839333999999999969e-01 7.472446999999999626e-07
-3.150000000000000000e+04 1.849339000000000122e-01 7.466203000000000275e-07
-3.140000000000000000e+04 1.859342999999999968e-01 7.459510999999999992e-07
-3.130000000000000000e+04 1.869347000000000092e-01 7.452524000000000037e-07
-3.120000000000000000e+04 1.879350999999999938e-01 7.445352000000000269e-07
-3.110000000000000000e+04 1.889356000000000091e-01 7.438069000000000190e-07
-3.100000000000000000e+04 1.899359999999999937e-01 7.430723000000000277e-07
-3.090000000000000000e+04 1.909364000000000061e-01 7.423342999999999850e-07
-3.080000000000000000e+04 1.919368999999999936e-01 7.415946999999999616e-07
-3.070000000000000000e+04 1.929373000000000060e-01 7.408543000000000008e-07
-3.060000000000000000e+04 1.939377999999999935e-01 7.401137999999999950e-07
-3.050000000000000000e+04 1.949382000000000059e-01 7.393732000000000499e-07
-3.040000000000000000e+04 1.959385999999999906e-01 7.386327000000000440e-07
-3.030000000000000000e+04 1.969391000000000058e-01 7.378922000000000381e-07
-3.020000000000000000e+04 1.979394999999999905e-01 7.371517000000000323e-07
-3.010000000000000000e+04 1.989399000000000028e-01 7.364112000000000264e-07
-3.000000000000000000e+04 1.999403999999999904e-01 7.356705999999999754e-07
-2.990000000000000000e+04 2.009408000000000027e-01 7.349300000000000303e-07
-2.980000000000000000e+04 2.019411999999999874e-01 7.341893000000000401e-07
-2.970000000000000000e+04 2.029417000000000026e-01 7.334486000000000499e-07
-2.960000000000000000e+04 2.039420999999999873e-01 7.327078000000000145e-07
-2.950000000000000000e+04 2.049424999999999997e-01 7.319671000000000243e-07
-2.940000000000000000e+04 2.059429999999999872e-01 7.312262000000000498e-07
-2.930000000000000000e+04 2.069433999999999996e-01 7.304854000000000144e-07
-2.920000000000000000e+04 2.079438000000000120e-01 7.297445000000000399e-07
-2.910000000000000000e+04 2.089442999999999995e-01 7.290035999999999594e-07
-2.900000000000000000e+04 2.099447000000000119e-01 7.282626000000000457e-07
-2.890000000000000000e+04 2.109450999999999965e-01 7.275214000000000416e-07
-2.880000000000000000e+04 2.119456000000000118e-01 7.267797999999999631e-07
-2.870000000000000000e+04 2.129459999999999964e-01 7.260378000000000217e-07
-2.860000000000000000e+04 2.139464000000000088e-01 7.252950999999999762e-07
-2.850000000000000000e+04 2.149467999999999934e-01 7.245517999999999778e-07
-2.840000000000000000e+04 2.159473000000000087e-01 7.238079000000000263e-07
-2.830000000000000000e+04 2.169476999999999933e-01 7.230639999999999689e-07
-2.820000000000000000e+04 2.179481000000000057e-01 7.223213000000000294e-07
-2.810000000000000000e+04 2.189485999999999932e-01 7.215825000000000493e-07
-2.800000000000000000e+04 2.199490000000000056e-01 7.208526999999999999e-07
-2.790000000000000000e+04 2.209494999999999931e-01 7.201404000000000102e-07
-2.780000000000000000e+04 2.219499000000000055e-01 7.194598000000000272e-07
-2.770000000000000000e+04 2.229502999999999902e-01 7.188325999999999936e-07
-2.760000000000000000e+04 2.239508000000000054e-01 7.182915000000000498e-07
-2.750000000000000000e+04 2.249511999999999901e-01 7.178821999999999536e-07
-2.740000000000000000e+04 2.259517000000000053e-01 7.176657999999999517e-07
-2.730000000000000000e+04 2.269520999999999900e-01 7.177150999999999573e-07
-2.720000000000000000e+04 2.279526000000000052e-01 7.180912000000000053e-07
-2.710000000000000000e+04 2.289529999999999899e-01 7.187716000000000039e-07
-2.700000000000000000e+04 2.299535000000000051e-01 7.196837000000000243e-07
-2.690000000000000000e+04 2.309539999999999926e-01 7.207591000000000208e-07
-2.680000000000000000e+04 2.319545000000000079e-01 7.219434000000000164e-07
-2.670000000000000000e+04 2.329549999999999954e-01 7.231974000000000090e-07
-2.660000000000000000e+04 2.339554000000000078e-01 7.244935000000000414e-07
-2.650000000000000000e+04 2.349558999999999953e-01 7.258137999999999794e-07
-2.640000000000000000e+04 2.359564000000000106e-01 7.271468999999999743e-07
-2.630000000000000000e+04 2.369570000000000010e-01 7.284858999999999839e-07
-2.620000000000000000e+04 2.379574999999999885e-01 7.298271999999999722e-07
-2.610000000000000000e+04 2.389580000000000037e-01 7.311686000000000056e-07
-2.600000000000000000e+04 2.399584999999999912e-01 7.325091999999999958e-07
-2.590000000000000000e+04 2.409591000000000094e-01 7.338487000000000192e-07
-2.580000000000000000e+04 2.419595999999999969e-01 7.351870999999999698e-07
-2.570000000000000000e+04 2.429601999999999873e-01 7.365244999999999987e-07
-2.560000000000000000e+04 2.439607000000000026e-01 7.378610000000000451e-07
-2.550000000000000000e+04 2.449612999999999929e-01 7.391966000000000031e-07
-2.540000000000000000e+04 2.459619000000000111e-01 7.405316000000000081e-07
-2.530000000000000000e+04 2.469623999999999986e-01 7.418657999999999699e-07
-2.520000000000000000e+04 2.479629999999999890e-01 7.431993999999999786e-07
-2.510000000000000000e+04 2.489636000000000071e-01 7.445324000000000343e-07
-2.500000000000000000e+04 2.499641999999999975e-01 7.458646000000000467e-07
-2.490000000000000000e+04 2.509647999999999879e-01 7.471962000000000002e-07
-2.480000000000000000e+04 2.519654000000000060e-01 7.485270000000000163e-07
-2.470000000000000000e+04 2.529660000000000242e-01 7.498571999999999735e-07
-2.460000000000000000e+04 2.539665999999999868e-01 7.511867000000000385e-07
-2.450000000000000000e+04 2.549672000000000049e-01 7.525156999999999838e-07
-2.440000000000000000e+04 2.559678000000000231e-01 7.538442000000000211e-07
-2.430000000000000000e+04 2.569683999999999857e-01 7.551724999999999682e-07
-2.420000000000000000e+04 2.579690000000000039e-01 7.565008000000000212e-07
-2.410000000000000000e+04 2.589696000000000220e-01 7.578292999999999527e-07
-2.400000000000000000e+04 2.599701999999999846e-01 7.591584999999999881e-07
-2.390000000000000000e+04 2.609709000000000056e-01 7.604880999999999923e-07
-2.380000000000000000e+04 2.619715000000000238e-01 7.618176999999999965e-07
-2.370000000000000000e+04 2.629720999999999864e-01 7.631457000000000200e-07
-2.360000000000000000e+04 2.639727000000000046e-01 7.644683000000000428e-07
-2.350000000000000000e+04 2.649733000000000227e-01 7.657784000000000381e-07
-2.340000000000000000e+04 2.659737999999999825e-01 7.670636000000000236e-07
-2.330000000000000000e+04 2.669744000000000006e-01 7.683024999999999806e-07
-2.320000000000000000e+04 2.679750000000000187e-01 7.694618000000000272e-07
-2.310000000000000000e+04 2.689755999999999814e-01 7.704905999999999656e-07
-2.300000000000000000e+04 2.699760999999999966e-01 7.713152000000000059e-07
-2.290000000000000000e+04 2.709767000000000148e-01 7.718349999999999760e-07
-2.280000000000000000e+04 2.719771999999999745e-01 7.719220000000000481e-07
-2.270000000000000000e+04 2.729776999999999898e-01 7.714413999999999743e-07
-2.260000000000000000e+04 2.739782000000000051e-01 7.703511999999999716e-07
-2.250000000000000000e+04 2.749787000000000203e-01 7.687650999999999810e-07
-2.240000000000000000e+04 2.759791999999999801e-01 7.668188999999999606e-07
-2.230000000000000000e+04 2.769795999999999925e-01 7.646262999999999572e-07
-2.220000000000000000e+04 2.779801000000000077e-01 7.622728000000000017e-07
-2.210000000000000000e+04 2.789805000000000201e-01 7.598188999999999641e-07
-2.200000000000000000e+04 2.799808999999999770e-01 7.573054000000000389e-07
-2.190000000000000000e+04 2.809811999999999865e-01 7.547586000000000203e-07
-2.180000000000000000e+04 2.819815999999999989e-01 7.521945999999999717e-07
-2.170000000000000000e+04 2.829819000000000084e-01 7.496224999999999748e-07
-2.160000000000000000e+04 2.839822000000000179e-01 7.470475999999999852e-07
-2.150000000000000000e+04 2.849824000000000246e-01 7.444723000000000270e-07
-2.140000000000000000e+04 2.859826999999999786e-01 7.418974999999999767e-07
-2.130000000000000000e+04 2.869828999999999852e-01 7.393236000000000148e-07
-2.120000000000000000e+04 2.879830999999999919e-01 7.367504000000000510e-07
-2.110000000000000000e+04 2.889832999999999985e-01 7.341776999999999952e-07
-2.100000000000000000e+04 2.899834000000000023e-01 7.316052999999999688e-07
-2.090000000000000000e+04 2.909835000000000060e-01 7.290329000000000483e-07
-2.080000000000000000e+04 2.919836000000000098e-01 7.264605000000000219e-07
-2.070000000000000000e+04 2.929836000000000107e-01 7.238879999999999504e-07
-2.060000000000000000e+04 2.939837000000000145e-01 7.213154999999999847e-07
-2.050000000000000000e+04 2.949837000000000153e-01 7.187428000000000347e-07
-2.040000000000000000e+04 2.959836000000000134e-01 7.161702000000000240e-07
-2.030000000000000000e+04 2.969836000000000142e-01 7.135974999999999682e-07
-2.020000000000000000e+04 2.979835000000000123e-01 7.110250000000000025e-07
-2.010000000000000000e+04 2.989834000000000103e-01 7.084525000000000369e-07
-2.000000000000000000e+04 2.999832000000000054e-01 7.058801000000000105e-07
-1.990000000000000000e+04 3.009831000000000034e-01 7.033078000000000292e-07
-1.980000000000000000e+04 3.019828999999999986e-01 7.007354000000000028e-07
-1.970000000000000000e+04 3.029826999999999937e-01 6.981627999999999921e-07
-1.960000000000000000e+04 3.039823999999999860e-01 6.955896999999999675e-07
-1.950000000000000000e+04 3.049821999999999811e-01 6.930159999999999900e-07
-1.940000000000000000e+04 3.059818999999999733e-01 6.904416000000000142e-07
-1.930000000000000000e+04 3.069816000000000211e-01 6.878667999999999639e-07
-1.920000000000000000e+04 3.079812000000000105e-01 6.852927999999999569e-07
-1.910000000000000000e+04 3.089809000000000028e-01 6.827222000000000014e-07
-1.900000000000000000e+04 3.099804999999999922e-01 6.801605999999999766e-07
-1.890000000000000000e+04 3.109800999999999815e-01 6.776177000000000234e-07
-1.880000000000000000e+04 3.119797000000000264e-01 6.751106999999999600e-07
-1.870000000000000000e+04 3.129793000000000158e-01 6.726669999999999710e-07
-1.860000000000000000e+04 3.139788000000000023e-01 6.703292000000000042e-07
-1.850000000000000000e+04 3.149783999999999917e-01 6.681601000000000142e-07
-1.840000000000000000e+04 3.159778999999999782e-01 6.662478000000000401e-07
-1.830000000000000000e+04 3.169774000000000203e-01 6.647088000000000156e-07
-1.820000000000000000e+04 3.179769000000000068e-01 6.636799999999999713e-07
-1.810000000000000000e+04 3.189763999999999933e-01 6.632671000000000511e-07
-1.800000000000000000e+04 3.199758999999999798e-01 6.634128000000000283e-07
-1.790000000000000000e+04 3.209754000000000218e-01 6.639805000000000077e-07
-1.780000000000000000e+04 3.219749000000000083e-01 6.648443999999999893e-07
-1.770000000000000000e+04 3.229743999999999948e-01 6.659063000000000367e-07
-1.760000000000000000e+04 3.239737999999999785e-01 6.670944999999999917e-07
-1.750000000000000000e+04 3.249733000000000205e-01 6.683601000000000292e-07
-1.740000000000000000e+04 3.259728000000000070e-01 6.696704000000000089e-07
-1.730000000000000000e+04 3.269722999999999935e-01 6.710054000000000139e-07
-1.720000000000000000e+04 3.279717999999999800e-01 6.723528000000000012e-07
-1.710000000000000000e+04 3.289713000000000220e-01 6.737059999999999580e-07
-1.700000000000000000e+04 3.299708000000000085e-01 6.750613000000000151e-07
-1.690000000000000000e+04 3.309702999999999951e-01 6.764172999999999646e-07
-1.680000000000000000e+04 3.319697999999999816e-01 6.777733999999999591e-07
-1.670000000000000000e+04 3.329693000000000236e-01 6.791297000000000438e-07
-1.660000000000000000e+04 3.339688000000000101e-01 6.804863000000000521e-07
-1.650000000000000000e+04 3.349683999999999995e-01 6.818435000000000135e-07
-1.640000000000000000e+04 3.359678999999999860e-01 6.832015999999999573e-07
-1.630000000000000000e+04 3.369674999999999754e-01 6.845605999999999896e-07
-1.620000000000000000e+04 3.379671000000000203e-01 6.859206999999999886e-07
-1.610000000000000000e+04 3.389667000000000097e-01 6.872821000000000447e-07
-1.600000000000000000e+04 3.399662999999999990e-01 6.886445999999999618e-07
-1.590000000000000000e+04 3.409658999999999884e-01 6.900082999999999967e-07
-1.580000000000000000e+04 3.419655999999999807e-01 6.913730999999999985e-07
-1.570000000000000000e+04 3.429652000000000256e-01 6.927389999999999670e-07
-1.560000000000000000e+04 3.439649000000000179e-01 6.941058999999999632e-07
-1.550000000000000000e+04 3.449646000000000101e-01 6.954737999999999870e-07
-1.540000000000000000e+04 3.459643000000000024e-01 6.968427000000000384e-07
-1.530000000000000000e+04 3.469640999999999975e-01 6.982122999999999820e-07
-1.520000000000000000e+04 3.479637999999999898e-01 6.995828000000000141e-07
-1.510000000000000000e+04 3.489635999999999849e-01 7.009540000000000442e-07
-1.500000000000000000e+04 3.499633999999999801e-01 7.023258999999999667e-07
-1.490000000000000000e+04 3.509631999999999752e-01 7.036984999999999931e-07
-1.480000000000000000e+04 3.519630999999999732e-01 7.050716000000000334e-07
-1.470000000000000000e+04 3.529629000000000238e-01 7.064451000000000424e-07
-1.460000000000000000e+04 3.539628000000000219e-01 7.078190999999999592e-07
-1.450000000000000000e+04 3.549627000000000199e-01 7.091932000000000271e-07
-1.440000000000000000e+04 3.559627000000000208e-01 7.105672999999999891e-07
-1.430000000000000000e+04 3.569626000000000188e-01 7.119406999999999529e-07
-1.420000000000000000e+04 3.579626000000000197e-01 7.133129000000000107e-07
-1.410000000000000000e+04 3.589626000000000206e-01 7.146827000000000446e-07
-1.400000000000000000e+04 3.599626000000000214e-01 7.160482999999999837e-07
-1.390000000000000000e+04 3.609627000000000252e-01 7.174075000000000003e-07
-1.380000000000000000e+04 3.619627000000000261e-01 7.187569999999999820e-07
-1.370000000000000000e+04 3.629627999999999743e-01 7.200928999999999695e-07
-1.360000000000000000e+04 3.639629999999999810e-01 7.214109000000000347e-07
-1.350000000000000000e+04 3.649630999999999847e-01 7.227102999999999675e-07
-1.340000000000000000e+04 3.659632999999999914e-01 7.239947000000000158e-07
-1.330000000000000000e+04 3.669634999999999980e-01 7.252680999999999721e-07
-1.320000000000000000e+04 3.679637000000000047e-01 7.265338999999999939e-07
-1.310000000000000000e+04 3.689639000000000113e-01 7.277946000000000444e-07
-1.300000000000000000e+04 3.699642000000000208e-01 7.290519000000000433e-07
-1.290000000000000000e+04 3.709644000000000275e-01 7.303070000000000027e-07
-1.280000000000000000e+04 3.719646999999999815e-01 7.315604999999999815e-07
-1.270000000000000000e+04 3.729650999999999939e-01 7.328128999999999934e-07
-1.260000000000000000e+04 3.739654000000000034e-01 7.340644000000000229e-07
-1.250000000000000000e+04 3.749658000000000158e-01 7.353151000000000090e-07
-1.240000000000000000e+04 3.759661000000000253e-01 7.365650999999999971e-07
-1.230000000000000000e+04 3.769664999999999822e-01 7.378143000000000477e-07
-1.220000000000000000e+04 3.779669999999999974e-01 7.390626000000000100e-07
-1.210000000000000000e+04 3.789674000000000098e-01 7.403099999999999898e-07
-1.200000000000000000e+04 3.799679000000000251e-01 7.415564000000000479e-07
-1.190000000000000000e+04 3.809682999999999820e-01 7.428019000000000176e-07
-1.180000000000000000e+04 3.819687999999999972e-01 7.440463000000000204e-07
-1.170000000000000000e+04 3.829693000000000125e-01 7.452895999999999506e-07
-1.160000000000000000e+04 3.839698999999999751e-01 7.465316999999999746e-07
-1.150000000000000000e+04 3.849703999999999904e-01 7.477725999999999868e-07
-1.140000000000000000e+04 3.859709000000000056e-01 7.490122999999999869e-07
-1.130000000000000000e+04 3.869715000000000238e-01 7.502507000000000359e-07
-1.120000000000000000e+04 3.879720999999999864e-01 7.514878000000000279e-07
-1.110000000000000000e+04 3.889727000000000046e-01 7.527235999999999627e-07
-1.100000000000000000e+04 3.899733000000000227e-01 7.539581999999999915e-07
-1.090000000000000000e+04 3.909738999999999853e-01 7.551916999999999476e-07
-1.080000000000000000e+04 3.919745000000000035e-01 7.564241000000000428e-07
-1.070000000000000000e+04 3.929751000000000216e-01 7.576556999999999887e-07
-1.060000000000000000e+04 3.939756999999999842e-01 7.588868000000000268e-07
-1.050000000000000000e+04 3.949764000000000053e-01 7.601176000000000354e-07
-1.040000000000000000e+04 3.959770000000000234e-01 7.613484999999999833e-07
-1.030000000000000000e+04 3.969776999999999889e-01 7.625796000000000213e-07
-1.020000000000000000e+04 3.979783000000000071e-01 7.638106000000000143e-07
-1.010000000000000000e+04 3.989789000000000252e-01 7.650402999999999502e-07
-1.000000000000000000e+04 3.999795999999999907e-01 7.662654999999999736e-07
-9.900000000000000000e+03 4.009802000000000088e-01 7.674802999999999641e-07
-9.800000000000000000e+03 4.019808999999999743e-01 7.686734000000000120e-07
-9.700000000000000000e+03 4.029814999999999925e-01 7.698258000000000164e-07
-9.600000000000000000e+03 4.039822000000000135e-01 7.709064999999999687e-07
-9.500000000000000000e+03 4.049827999999999761e-01 7.718680999999999791e-07
-9.400000000000000000e+03 4.059833999999999943e-01 7.726404000000000369e-07
-9.300000000000000000e+03 4.069840000000000124e-01 7.731251999999999937e-07
-9.200000000000000000e+03 4.079845999999999751e-01 7.731940000000000082e-07
-9.100000000000000000e+03 4.089851999999999932e-01 7.726981000000000203e-07
-9.000000000000000000e+03 4.099857000000000085e-01 7.715331000000000492e-07
-8.900000000000000000e+03 4.109863000000000266e-01 7.697772999999999482e-07
-8.800000000000000000e+03 4.119867999999999864e-01 7.675790000000000204e-07
-8.700000000000000000e+03 4.129873000000000016e-01 7.650719999999999570e-07
-8.600000000000000000e+03 4.139878000000000169e-01 7.623600999999999974e-07
-8.500000000000000000e+03 4.149882999999999766e-01 7.595181000000000042e-07
-8.400000000000000000e+03 4.159887999999999919e-01 7.565973000000000380e-07
-8.300000000000000000e+03 4.169892000000000043e-01 7.536313000000000100e-07
-8.200000000000000000e+03 4.179896000000000167e-01 7.506408999999999860e-07
-8.100000000000000000e+03 4.189899000000000262e-01 7.476385999999999936e-07
-8.000000000000000000e+03 4.199902999999999831e-01 7.446314000000000142e-07
-7.900000000000000000e+03 4.209905999999999926e-01 7.416226999999999933e-07
-7.800000000000000000e+03 4.219909000000000021e-01 7.386141999999999568e-07
-7.700000000000000000e+03 4.229911000000000088e-01 7.356062999999999793e-07
-7.600000000000000000e+03 4.239913000000000154e-01 7.325989000000000155e-07
-7.500000000000000000e+03 4.249915000000000220e-01 7.295919999999999596e-07
-7.400000000000000000e+03 4.259916999999999732e-01 7.265851999999999489e-07
-7.300000000000000000e+03 4.269917999999999769e-01 7.235782999999999989e-07
-7.200000000000000000e+03 4.279918999999999807e-01 7.205711999999999587e-07
-7.100000000000000000e+03 4.289919999999999844e-01 7.175637999999999949e-07
-7.000000000000000000e+03 4.299919999999999853e-01 7.145559999999999565e-07
-6.900000000000000000e+03 4.309919999999999862e-01 7.115480000000000397e-07
-6.800000000000000000e+03 4.319918999999999842e-01 7.085396999999999875e-07
-6.700000000000000000e+03 4.329918999999999851e-01 7.055311999999999510e-07
-6.600000000000000000e+03 4.339917999999999831e-01 7.025225999999999753e-07
-6.500000000000000000e+03 4.349915999999999783e-01 6.995138000000000152e-07
-6.400000000000000000e+03 4.359914999999999763e-01 6.965049999999999493e-07
-6.300000000000000000e+03 4.369913000000000269e-01 6.934960000000000048e-07
-6.200000000000000000e+03 4.379910000000000192e-01 6.904867000000000310e-07
-6.100000000000000000e+03 4.389908000000000143e-01 6.874769000000000433e-07
-6.000000000000000000e+03 4.399905000000000066e-01 6.844663999999999516e-07
-5.900000000000000000e+03 4.409900999999999960e-01 6.814549000000000440e-07
-5.800000000000000000e+03 4.419897999999999882e-01 6.784420999999999735e-07
-5.700000000000000000e+03 4.429893999999999776e-01 6.754282999999999813e-07
-5.600000000000000000e+03 4.439890000000000225e-01 6.724144999999999891e-07
-5.500000000000000000e+03 4.449885000000000090e-01 6.694031000000000208e-07
-5.400000000000000000e+03 4.459879999999999955e-01 6.663996999999999556e-07
-5.300000000000000000e+03 4.469875999999999849e-01 6.634144000000000090e-07
-5.200000000000000000e+03 4.479870000000000241e-01 6.604649999999999521e-07
-5.100000000000000000e+03 4.489865000000000106e-01 6.575809000000000249e-07
-5.000000000000000000e+03 4.499858999999999942e-01 6.548082999999999992e-07
-4.900000000000000000e+03 4.509852999999999779e-01 6.522165999999999482e-07
-4.800000000000000000e+03 4.519847000000000170e-01 6.499052000000000325e-07
-4.700000000000000000e+03 4.529841000000000006e-01 6.480086000000000471e-07
-4.600000000000000000e+03 4.539833999999999814e-01 6.466938000000000491e-07
-4.500000000000000000e+03 4.549828000000000205e-01 6.461251000000000422e-07
-4.400000000000000000e+03 4.559821000000000013e-01 6.463135000000000123e-07
-4.300000000000000000e+03 4.569813999999999821e-01 6.470998999999999723e-07
-4.200000000000000000e+03 4.579807000000000183e-01 6.483153000000000217e-07
-4.100000000000000000e+03 4.589799999999999991e-01 6.498221999999999649e-07
-4.000000000000000000e+03 4.599792999999999799e-01 6.515179999999999978e-07
-3.900000000000000000e+03 4.609786000000000161e-01 6.533312000000000527e-07
-3.800000000000000000e+03 4.619778999999999969e-01 6.552135000000000457e-07
-3.700000000000000000e+03 4.629771999999999776e-01 6.571345000000000270e-07
-3.600000000000000000e+03 4.639765000000000139e-01 6.590755000000000309e-07
-3.500000000000000000e+03 4.649756999999999918e-01 6.610257999999999951e-07
-3.400000000000000000e+03 4.659749999999999726e-01 6.629795999999999500e-07
-3.300000000000000000e+03 4.669743000000000088e-01 6.649342999999999933e-07
-3.200000000000000000e+03 4.679735999999999896e-01 6.668888000000000523e-07
-3.100000000000000000e+03 4.689729000000000259e-01 6.688427999999999916e-07
-3.000000000000000000e+03 4.699722000000000066e-01 6.707966999999999916e-07
-2.900000000000000000e+03 4.709714999999999874e-01 6.727505999999999917e-07
-2.800000000000000000e+03 4.719708000000000236e-01 6.747048999999999604e-07
-2.700000000000000000e+03 4.729701000000000044e-01 6.766599000000000332e-07
-2.600000000000000000e+03 4.739693999999999852e-01 6.786155999999999982e-07
-2.500000000000000000e+03 4.749688000000000243e-01 6.805722999999999908e-07
-2.400000000000000000e+03 4.759681000000000051e-01 6.825298000000000267e-07
-2.300000000000000000e+03 4.769673999999999858e-01 6.844882000000000451e-07
-2.200000000000000000e+03 4.779668000000000250e-01 6.864475999999999852e-07
-2.100000000000000000e+03 4.789662000000000086e-01 6.884077000000000294e-07
-2.000000000000000000e+03 4.799655999999999922e-01 6.903686999999999501e-07
-1.900000000000000000e+03 4.809649999999999759e-01 6.923303999999999749e-07
-1.800000000000000000e+03 4.819644000000000150e-01 6.942927999999999978e-07
-1.700000000000000000e+03 4.829637999999999987e-01 6.962561000000000032e-07
-1.600000000000000000e+03 4.839631999999999823e-01 6.982202000000000519e-07
-1.500000000000000000e+03 4.849627000000000243e-01 7.001853000000000223e-07
-1.400000000000000000e+03 4.859621000000000079e-01 7.021514999999999595e-07
-1.300000000000000000e+03 4.869615999999999945e-01 7.041189999999999538e-07
-1.200000000000000000e+03 4.879610999999999810e-01 7.060876999999999600e-07
-1.100000000000000000e+03 4.889606000000000230e-01 7.080573999999999939e-07
-1.000000000000000000e+03 4.899601000000000095e-01 7.100271000000000277e-07
-9.000000000000000000e+02 4.909595999999999960e-01 7.119946000000000220e-07
-8.000000000000000000e+02 4.919591999999999854e-01 7.139556999999999879e-07
-7.000000000000000000e+02 4.929587000000000274e-01 7.159024000000000221e-07
-6.000000000000000000e+02 4.939583000000000168e-01 7.178218999999999620e-07
-5.000000000000000000e+02 4.949578000000000033e-01 7.196928000000000002e-07
-4.000000000000000000e+02 4.959573999999999927e-01 7.214829999999999497e-07
-3.000000000000000000e+02 4.969569999999999821e-01 7.231451000000000265e-07
-2.000000000000000000e+02 4.979566000000000270e-01 7.246132999999999813e-07
-1.000000000000000000e+02 4.989562000000000164e-01 7.258017999999999658e-07
0.000000000000000000e+00 4.999559000000000086e-01 7.266138000000000395e-07
1.000000000000000000e+02 5.009554999999999980e-01 7.269889999999999991e-07
2.000000000000000000e+02 5.019550999999999874e-01 7.269874999999999577e-07
3.000000000000000000e+02 5.029548000000000352e-01 7.267065000000000361e-07
4.000000000000000000e+02 5.039544000000000246e-01 7.262314000000000082e-07
5.000000000000000000e+02 5.049540999999999613e-01 7.256280000000000175e-07
6.000000000000000000e+02 5.059536999999999507e-01 7.249437999999999988e-07
7.000000000000000000e+02 5.069533999999999985e-01 7.242109000000000333e-07
8.000000000000000000e+02 5.079531000000000462e-01 7.234505000000000498e-07
9.000000000000000000e+02 5.089527999999999830e-01 7.226755000000000445e-07
1.000000000000000000e+03 5.099523999999999724e-01 7.218937999999999814e-07
1.100000000000000000e+03 5.109521000000000202e-01 7.211093999999999707e-07
1.200000000000000000e+03 5.119517999999999569e-01 7.203247000000000365e-07
1.300000000000000000e+03 5.129515000000000047e-01 7.195403000000000258e-07
1.400000000000000000e+03 5.139512000000000524e-01 7.187566999999999526e-07
1.500000000000000000e+03 5.149508999999999892e-01 7.179737999999999833e-07
1.600000000000000000e+03 5.159504999999999786e-01 7.171912999999999828e-07
1.700000000000000000e+03 5.169502000000000264e-01 7.164091000000000117e-07
1.800000000000000000e+03 5.179498999999999631e-01 7.156269999999999798e-07
1.900000000000000000e+03 5.189496000000000109e-01 7.148448000000000087e-07
2.000000000000000000e+03 5.199492999999999476e-01 7.140623999999999474e-07
2.100000000000000000e+03 5.209489999999999954e-01 7.132799000000000527e-07
2.200000000000000000e+03 5.219485999999999848e-01 7.124971999999999619e-07
2.300000000000000000e+03 5.229483000000000326e-01 7.117141999999999476e-07
2.400000000000000000e+03 5.239479999999999693e-01 7.109309999999999489e-07
2.500000000000000000e+03 5.249477000000000171e-01 7.101475999999999658e-07
2.600000000000000000e+03 5.259473000000000065e-01 7.093639999999999984e-07
2.700000000000000000e+03 5.269470000000000542e-01 7.085802999999999859e-07
2.800000000000000000e+03 5.279466999999999910e-01 7.077965000000000342e-07
2.900000000000000000e+03 5.289462999999999804e-01 7.070124999999999922e-07
3.000000000000000000e+03 5.299460000000000282e-01 7.062284999999999503e-07
3.100000000000000000e+03 5.309456000000000175e-01 7.054443999999999691e-07
3.200000000000000000e+03 5.319452999999999543e-01 7.046602999999999879e-07
3.300000000000000000e+03 5.329449000000000547e-01 7.038762000000000067e-07
3.400000000000000000e+03 5.339445999999999914e-01 7.030921999999999647e-07
3.500000000000000000e+03 5.349441999999999808e-01 7.023082000000000287e-07
3.600000000000000000e+03 5.359439000000000286e-01 7.015243999999999710e-07
3.700000000000000000e+03 5.369435000000000180e-01 7.007406999999999585e-07
3.800000000000000000e+03 5.379431000000000074e-01 6.999570999999999911e-07
3.900000000000000000e+03 5.389426999999999968e-01 6.991735999999999630e-07
4.000000000000000000e+03 5.399424000000000445e-01 6.983901999999999799e-07
4.100000000000000000e+03 5.409420000000000339e-01 6.976069000000000420e-07
4.200000000000000000e+03 5.419416000000000233e-01 6.968234999999999531e-07
4.300000000000000000e+03 5.429412000000000127e-01 6.960400000000000308e-07
4.400000000000000000e+03 5.439408000000000021e-01 6.952561000000000340e-07
4.500000000000000000e+03 5.449403999999999915e-01 6.944715000000000390e-07
4.600000000000000000e+03 5.459399999999999809e-01 6.936859999999999556e-07
4.700000000000000000e+03 5.469395999999999702e-01 6.928997000000000407e-07
4.800000000000000000e+03 5.479391999999999596e-01 6.921129000000000062e-07
4.900000000000000000e+03 5.489387999999999490e-01 6.913258000000000481e-07
5.000000000000000000e+03 5.499384000000000494e-01 6.905386999999999840e-07
5.100000000000000000e+03 5.509380000000000388e-01 6.897519999999999946e-07
5.200000000000000000e+03 5.519374999999999698e-01 6.889656999999999739e-07
5.300000000000000000e+03 5.529370999999999592e-01 6.881798000000000277e-07
5.400000000000000000e+03 5.539366999999999486e-01 6.873945000000000345e-07
5.500000000000000000e+03 5.549363000000000490e-01 6.866099000000000396e-07
5.600000000000000000e+03 5.559357999999999800e-01 6.858260000000000427e-07
5.700000000000000000e+03 5.569353999999999694e-01 6.850428000000000440e-07
5.800000000000000000e+03 5.579349999999999588e-01 6.842603999999999827e-07
5.900000000000000000e+03 5.589345999999999481e-01 6.834787999999999646e-07
6.000000000000000000e+03 5.599340999999999902e-01 6.826979999999999898e-07
6.100000000000000000e+03 5.609336999999999795e-01 6.819180999999999975e-07
6.200000000000000000e+03 5.619332999999999689e-01 6.811392000000000328e-07
6.300000000000000000e+03 5.629328999999999583e-01 6.803612000000000506e-07
6.400000000000000000e+03 5.639324000000000003e-01 6.795840000000000057e-07
6.500000000000000000e+03 5.649319999999999897e-01 6.788079999999999728e-07
6.600000000000000000e+03 5.659315999999999791e-01 6.780329999999999676e-07
6.700000000000000000e+03 5.669311999999999685e-01 6.772589999999999899e-07
6.800000000000000000e+03 5.679307999999999579e-01 6.764860999999999790e-07
6.900000000000000000e+03 5.689303999999999473e-01 6.757143999999999801e-07
7.000000000000000000e+03 5.699300000000000477e-01 6.749437999999999481e-07
7.100000000000000000e+03 5.709296000000000371e-01 6.741742000000000495e-07
7.200000000000000000e+03 5.719292000000000264e-01 6.734057999999999511e-07
7.300000000000000000e+03 5.729288000000000158e-01 6.726385000000000313e-07
7.400000000000000000e+03 5.739284000000000052e-01 6.718720000000000489e-07
7.500000000000000000e+03 5.749279999999999946e-01 6.711064000000000490e-07
7.600000000000000000e+03 5.759277000000000424e-01 6.703414000000000021e-07
7.700000000000000000e+03 5.769273000000000318e-01 6.695768000000000298e-07
7.800000000000000000e+03 5.779269999999999685e-01 6.688124000000000418e-07
7.900000000000000000e+03 5.789265999999999579e-01 6.680482999999999774e-07
8.000000000000000000e+03 5.799263000000000057e-01 6.672847000000000327e-07
8.100000000000000000e+03 5.809260000000000534e-01 6.665226000000000235e-07
8.200000000000000000e+03 5.819256999999999902e-01 6.657643999999999738e-07
8.300000000000000000e+03 5.829254000000000380e-01 6.650147000000000528e-07
8.400000000000000000e+03 5.839250999999999747e-01 6.642819000000000265e-07
8.500000000000000000e+03 5.849248999999999699e-01 6.635801999999999482e-07
8.600000000000000000e+03 5.859246000000000176e-01 6.629319999999999702e-07
8.700000000000000000e+03 5.869244000000000128e-01 6.623719000000000312e-07
8.800000000000000000e+03 5.879242000000000079e-01 6.619504000000000430e-07
8.900000000000000000e+03 5.889240000000000030e-01 6.617370999999999573e-07
9.000000000000000000e+03 5.899237999999999982e-01 6.618222000000000194e-07
9.100000000000000000e+03 5.909237000000000517e-01 6.623053999999999955e-07
9.200000000000000000e+03 5.919235000000000468e-01 6.632393000000000036e-07
9.300000000000000000e+03 5.929233999999999893e-01 6.645535000000000486e-07
9.400000000000000000e+03 5.939233000000000429e-01 6.661480999999999562e-07
9.500000000000000000e+03 5.949233000000000438e-01 6.679362999999999563e-07
9.600000000000000000e+03 5.959231999999999863e-01 6.698519999999999819e-07
9.700000000000000000e+03 5.969231999999999871e-01 6.718480999999999609e-07
9.800000000000000000e+03 5.979231999999999880e-01 6.738921999999999944e-07
9.900000000000000000e+03 5.989233000000000473e-01 6.759633999999999713e-07
1.000000000000000000e+04 5.999233000000000482e-01 6.780489999999999857e-07
1.010000000000000000e+04 6.009233999999999964e-01 6.801412000000000129e-07
1.020000000000000000e+04 6.019234999999999447e-01 6.822357999999999581e-07
1.030000000000000000e+04 6.029236999999999513e-01 6.843307999999999778e-07
1.040000000000000000e+04 6.039238999999999580e-01 6.864252000000000445e-07
1.050000000000000000e+04 6.049240999999999646e-01 6.885187000000000229e-07
1.060000000000000000e+04 6.059242999999999713e-01 6.906113999999999580e-07
1.070000000000000000e+04 6.069246000000000363e-01 6.927034000000000008e-07
1.080000000000000000e+04 6.079248999999999903e-01 6.947949000000000298e-07
1.090000000000000000e+04 6.089252000000000553e-01 6.968859000000000450e-07
1.100000000000000000e+04 6.099255999999999567e-01 6.989766000000000308e-07
1.110000000000000000e+04 6.109259999999999691e-01 7.010669000000000478e-07
1.120000000000000000e+04 6.119263999999999815e-01 7.031569999999999747e-07
1.130000000000000000e+04 6.129267999999999939e-01 7.052467000000000387e-07
1.140000000000000000e+04 6.139272999999999536e-01 7.073360000000000282e-07
1.150000000000000000e+04 6.149278000000000244e-01 7.094249000000000490e-07
1.160000000000000000e+04 6.159282999999999841e-01 7.115132999999999501e-07
1.170000000000000000e+04 6.169289000000000023e-01 7.136014000000000335e-07
1.180000000000000000e+04 6.179295000000000204e-01 7.156889999999999972e-07
1.190000000000000000e+04 6.189301000000000386e-01 7.177763999999999765e-07
1.200000000000000000e+04 6.199308000000000041e-01 7.198635999999999716e-07
1.210000000000000000e+04 6.209314000000000222e-01 7.219509000000000117e-07
1.220000000000000000e+04 6.219320999999999877e-01 7.240384999999999754e-07
1.230000000000000000e+04 6.229329000000000116e-01 7.261268999999999824e-07
1.240000000000000000e+04 6.239335999999999771e-01 7.282161000000000326e-07
1.250000000000000000e+04 6.249344000000000010e-01 7.303059999999999751e-07
1.260000000000000000e+04 6.259352000000000249e-01 7.323954999999999489e-07
1.270000000000000000e+04 6.269360000000000488e-01 7.344820999999999909e-07
1.280000000000000000e+04 6.279367999999999617e-01 7.365603999999999944e-07
1.290000000000000000e+04 6.289377000000000439e-01 7.386202999999999558e-07
1.300000000000000000e+04 6.299386000000000152e-01 7.406443000000000274e-07
1.310000000000000000e+04 6.309394999999999865e-01 7.426038000000000126e-07
1.320000000000000000e+04 6.319403999999999577e-01 7.444538999999999850e-07
1.330000000000000000e+04 6.329413000000000400e-01 7.461279999999999695e-07
1.340000000000000000e+04 6.339422999999999586e-01 7.475309000000000065e-07
1.350000000000000000e+04 6.349432000000000409e-01 7.485357000000000236e-07
1.360000000000000000e+04 6.359441999999999595e-01 7.489885999999999892e-07
1.370000000000000000e+04 6.369451999999999892e-01 7.487519999999999803e-07
1.380000000000000000e+04 6.379462000000000188e-01 7.478549999999999955e-07
1.390000000000000000e+04 6.389472000000000484e-01 7.464494000000000110e-07
1.400000000000000000e+04 6.399481999999999671e-01 7.446838000000000418e-07
1.410000000000000000e+04 6.409491999999999967e-01 7.426761999999999571e-07
1.420000000000000000e+04 6.419502000000000264e-01 7.405133999999999505e-07
1.430000000000000000e+04 6.429511999999999450e-01 7.382555999999999684e-07
1.440000000000000000e+04 6.439521999999999746e-01 7.359425999999999662e-07
1.450000000000000000e+04 6.449532999999999516e-01 7.335997000000000280e-07
1.460000000000000000e+04 6.459542999999999813e-01 7.312421000000000228e-07
1.470000000000000000e+04 6.469553000000000109e-01 7.288782000000000343e-07
1.480000000000000000e+04 6.479563000000000406e-01 7.265126000000000201e-07
1.490000000000000000e+04 6.489572999999999592e-01 7.241473000000000353e-07
1.500000000000000000e+04 6.499582999999999888e-01 7.217831000000000173e-07
1.510000000000000000e+04 6.509593000000000185e-01 7.194199000000000270e-07
1.520000000000000000e+04 6.519603000000000481e-01 7.170576999999999583e-07
1.530000000000000000e+04 6.529612999999999667e-01 7.146960000000000094e-07
1.540000000000000000e+04 6.539622000000000490e-01 7.123347000000000291e-07
1.550000000000000000e+04 6.549631999999999676e-01 7.099736000000000332e-07
1.560000000000000000e+04 6.559641999999999973e-01 7.076123999999999922e-07
1.570000000000000000e+04 6.569650999999999685e-01 7.052511000000000119e-07
1.580000000000000000e+04 6.579660999999999982e-01 7.028898000000000317e-07
1.590000000000000000e+04 6.589669999999999694e-01 7.005284000000000063e-07
1.600000000000000000e+04 6.599679999999999991e-01 6.981669999999999810e-07
1.610000000000000000e+04 6.609688999999999703e-01 6.958055000000000164e-07
1.620000000000000000e+04 6.619698000000000526e-01 6.934440999999999910e-07
1.630000000000000000e+04 6.629707000000000239e-01 6.910826000000000264e-07
1.640000000000000000e+04 6.639715999999999951e-01 6.887212000000000010e-07
1.650000000000000000e+04 6.649724999999999664e-01 6.863595000000000521e-07
1.660000000000000000e+04 6.659734000000000487e-01 6.839974999999999678e-07
1.670000000000000000e+04 6.669741999999999615e-01 6.816349000000000364e-07
1.680000000000000000e+04 6.679751000000000438e-01 6.792714000000000166e-07
1.690000000000000000e+04 6.689760000000000151e-01 6.769068000000000299e-07
1.700000000000000000e+04 6.699768000000000390e-01 6.745410999999999706e-07
1.710000000000000000e+04 6.709775999999999518e-01 6.721749000000000033e-07
1.720000000000000000e+04 6.719785000000000341e-01 6.698099999999999872e-07
1.730000000000000000e+04 6.729792999999999470e-01 6.674504999999999719e-07
1.740000000000000000e+04 6.739800999999999709e-01 6.651043999999999665e-07
1.750000000000000000e+04 6.749810000000000532e-01 6.627857000000000399e-07
1.760000000000000000e+04 6.759817999999999660e-01 6.605180999999999779e-07
1.770000000000000000e+04 6.769825999999999899e-01 6.583395000000000434e-07
1.780000000000000000e+04 6.779834000000000138e-01 6.563074999999999627e-07
1.790000000000000000e+04 6.789842000000000377e-01 6.545056999999999684e-07
1.800000000000000000e+04 6.799849999999999506e-01 6.530493000000000428e-07
1.810000000000000000e+04 6.809859000000000329e-01 6.520858000000000223e-07
1.820000000000000000e+04 6.819866999999999457e-01 6.517753000000000275e-07
1.830000000000000000e+04 6.829874999999999696e-01 6.521851000000000316e-07
1.840000000000000000e+04 6.839882999999999935e-01 6.531911999999999999e-07
1.850000000000000000e+04 6.849891999999999648e-01 6.546333000000000389e-07
1.860000000000000000e+04 6.859899999999999887e-01 6.563750000000000260e-07
1.870000000000000000e+04 6.869908000000000126e-01 6.583129999999999472e-07
1.880000000000000000e+04 6.879916999999999838e-01 6.603739000000000421e-07
1.890000000000000000e+04 6.889925999999999551e-01 6.625080000000000188e-07
1.900000000000000000e+04 6.899935000000000374e-01 6.646833000000000528e-07
1.910000000000000000e+04 6.909944000000000086e-01 6.668798999999999549e-07
1.920000000000000000e+04 6.919952999999999799e-01 6.690863999999999819e-07
1.930000000000000000e+04 6.929961999999999511e-01 6.712963999999999997e-07
1.940000000000000000e+04 6.939971000000000334e-01 6.735069000000000313e-07
1.950000000000000000e+04 6.949980999999999520e-01 6.757166000000000197e-07
1.960000000000000000e+04 6.959990000000000343e-01 6.779250999999999961e-07
1.970000000000000000e+04 6.969999999999999529e-01 6.801325000000000057e-07
1.980000000000000000e+04 6.980009999999999826e-01 6.823392000000000171e-07
1.990000000000000000e+04 6.990020000000000122e-01 6.845452999999999696e-07
2.000000000000000000e+04 7.000030000000000419e-01 6.867512000000000436e-07
2.010000000000000000e+04 7.010041000000000189e-01 6.889569999999999666e-07
2.020000000000000000e+04 7.020051000000000485e-01 6.911629000000000407e-07
2.030000000000000000e+04 7.030062000000000255e-01 6.933686999999999637e-07
2.040000000000000000e+04 7.040073000000000025e-01 6.955746000000000378e-07
2.050000000000000000e+04 7.050083999999999795e-01 6.977803999999999608e-07
2.060000000000000000e+04 7.060094999999999565e-01 6.999863000000000348e-07
2.070000000000000000e+04 7.070106999999999919e-01 7.021920999999999579e-07
2.080000000000000000e+04 7.080117999999999689e-01 7.043978000000000476e-07
2.090000000000000000e+04 7.090130000000000043e-01 7.066035000000000314e-07
2.100000000000000000e+04 7.100142000000000397e-01 7.088090999999999701e-07
2.110000000000000000e+04 7.110153999999999641e-01 7.110147999999999539e-07
2.120000000000000000e+04 7.120165999999999995e-01 7.132207999999999672e-07
2.130000000000000000e+04 7.130178999999999823e-01 7.154272999999999942e-07
2.140000000000000000e+04 7.140191000000000177e-01 7.176343999999999743e-07
2.150000000000000000e+04 7.150204000000000004e-01 7.198422999999999977e-07
2.160000000000000000e+04 7.160216000000000358e-01 7.220507999999999741e-07
2.170000000000000000e+04 7.170229000000000186e-01 7.242590000000000269e-07
2.180000000000000000e+04 7.180242000000000013e-01 7.264645999999999656e-07
2.190000000000000000e+04 7.190254999999999841e-01 7.286632999999999680e-07
2.200000000000000000e+04 7.200267999999999669e-01 7.308466000000000111e-07
2.210000000000000000e+04 7.210282000000000080e-01 7.330001999999999967e-07
2.220000000000000000e+04 7.220294999999999908e-01 7.351006999999999565e-07
2.230000000000000000e+04 7.230307999999999735e-01 7.371116999999999869e-07
2.240000000000000000e+04 7.240322000000000147e-01 7.389789000000000501e-07
2.250000000000000000e+04 7.250334999999999974e-01 7.406258000000000461e-07
2.260000000000000000e+04 7.260349000000000386e-01 7.419507000000000476e-07
2.270000000000000000e+04 7.270362000000000213e-01 7.428320000000000438e-07
2.280000000000000000e+04 7.280375999999999515e-01 7.431676999999999718e-07
2.290000000000000000e+04 7.290389000000000452e-01 7.429953999999999590e-07
2.300000000000000000e+04 7.300402999999999754e-01 7.424360000000000182e-07
2.310000000000000000e+04 7.310415999999999581e-01 7.416036999999999983e-07
2.320000000000000000e+04 7.320429999999999993e-01 7.405889000000000228e-07
2.330000000000000000e+04 7.330442999999999820e-01 7.394574000000000236e-07
2.340000000000000000e+04 7.340455999999999648e-01 7.382545000000000016e-07
2.350000000000000000e+04 7.350470000000000059e-01 7.370104000000000282e-07
2.360000000000000000e+04 7.360482999999999887e-01 7.357437000000000239e-07
2.370000000000000000e+04 7.370495999999999714e-01 7.344658000000000492e-07
2.380000000000000000e+04 7.380508000000000068e-01 7.331829999999999816e-07
2.390000000000000000e+04 7.390520999999999896e-01 7.318986000000000393e-07
2.400000000000000000e+04 7.400533999999999724e-01 7.306140000000000067e-07
2.410000000000000000e+04 7.410546000000000078e-01 7.293297000000000036e-07
2.420000000000000000e+04 7.420558000000000431e-01 7.280457000000000300e-07
2.430000000000000000e+04 7.430569999999999675e-01 7.267616999999999505e-07
2.440000000000000000e+04 7.440582000000000029e-01 7.254776000000000376e-07
2.450000000000000000e+04 7.450594000000000383e-01 7.241930000000000050e-07
2.460000000000000000e+04 7.460605999999999627e-01 7.229078999999999587e-07
2.470000000000000000e+04 7.470617000000000507e-01 7.216221999999999593e-07
2.480000000000000000e+04 7.480628000000000277e-01 7.203355999999999774e-07
2.490000000000000000e+04 7.490639000000000047e-01 7.190481999999999522e-07
2.500000000000000000e+04 7.500649999999999817e-01 7.177599000000000505e-07
2.510000000000000000e+04 7.510660000000000114e-01 7.164709000000000447e-07
2.520000000000000000e+04 7.520670000000000410e-01 7.151810999999999957e-07
2.530000000000000000e+04 7.530679999999999596e-01 7.138905000000000092e-07
2.540000000000000000e+04 7.540689999999999893e-01 7.125990999999999795e-07
2.550000000000000000e+04 7.550700000000000189e-01 7.113069999999999517e-07
2.560000000000000000e+04 7.560708999999999902e-01 7.100142999999999709e-07
2.570000000000000000e+04 7.570717999999999615e-01 7.087207000000000075e-07
2.580000000000000000e+04 7.580725999999999853e-01 7.074264999999999852e-07
2.590000000000000000e+04 7.590734999999999566e-01 7.061313999999999805e-07
2.600000000000000000e+04 7.600742999999999805e-01 7.048355000000000383e-07
2.610000000000000000e+04 7.610751000000000044e-01 7.035390000000000373e-07
2.620000000000000000e+04 7.620757999999999699e-01 7.022418000000000381e-07
2.630000000000000000e+04 7.630765999999999938e-01 7.009444999999999938e-07
2.640000000000000000e+04 7.640772999999999593e-01 6.996476999999999632e-07
2.650000000000000000e+04 7.650780000000000358e-01 6.983530999999999723e-07
2.660000000000000000e+04 7.660786000000000540e-01 6.970633000000000291e-07
2.670000000000000000e+04 7.670791999999999611e-01 6.957827000000000011e-07
2.680000000000000000e+04 7.680797999999999792e-01 6.945186000000000050e-07
2.690000000000000000e+04 7.690803999999999974e-01 6.932815999999999523e-07
2.700000000000000000e+04 7.700808999999999571e-01 6.920871999999999532e-07
2.710000000000000000e+04 7.710814000000000279e-01 6.909566000000000423e-07
2.720000000000000000e+04 7.720818000000000403e-01 6.899168000000000121e-07
2.730000000000000000e+04 7.730823000000000000e-01 6.889959999999999844e-07
2.740000000000000000e+04 7.740827000000000124e-01 6.882031999999999960e-07
2.750000000000000000e+04 7.750831000000000248e-01 6.875144999999999589e-07
2.760000000000000000e+04 7.760833999999999788e-01 6.869014999999999785e-07
2.770000000000000000e+04 7.770837000000000439e-01 6.863402999999999668e-07
2.780000000000000000e+04 7.780839999999999979e-01 6.858128999999999564e-07
2.790000000000000000e+04 7.790842999999999519e-01 6.853066999999999806e-07
2.800000000000000000e+04 7.800844999999999585e-01 6.848132000000000166e-07
2.810000000000000000e+04 7.810846999999999651e-01 6.843269000000000184e-07
2.820000000000000000e+04 7.820848999999999718e-01 6.838444000000000404e-07
2.830000000000000000e+04 7.830850999999999784e-01 6.833639000000000117e-07
2.840000000000000000e+04 7.840852000000000377e-01 6.828842000000000262e-07
2.850000000000000000e+04 7.850852999999999859e-01 6.824049999999999487e-07
2.860000000000000000e+04 7.860852999999999868e-01 6.819259999999999615e-07
2.870000000000000000e+04 7.870854000000000461e-01 6.814471999999999585e-07
2.880000000000000000e+04 7.880854000000000470e-01 6.809686999999999850e-07
2.890000000000000000e+04 7.890854000000000479e-01 6.804905999999999803e-07
2.900000000000000000e+04 7.900852999999999904e-01 6.800129000000000500e-07
2.910000000000000000e+04 7.910852000000000439e-01 6.795357000000000277e-07
2.920000000000000000e+04 7.920850999999999864e-01 6.790592000000000036e-07
2.930000000000000000e+04 7.930850000000000399e-01 6.785833999999999776e-07
2.940000000000000000e+04 7.940848999999999824e-01 6.781082000000000105e-07
2.950000000000000000e+04 7.950846999999999776e-01 6.776337000000000415e-07
2.960000000000000000e+04 7.960844999999999727e-01 6.771600000000000100e-07
2.970000000000000000e+04 7.970842000000000205e-01 6.766869999999999766e-07
2.980000000000000000e+04 7.980840000000000156e-01 6.762149000000000315e-07
2.990000000000000000e+04 7.990836999999999524e-01 6.757436000000000238e-07
3.000000000000000000e+04 8.000834000000000001e-01 6.752730999999999536e-07
3.010000000000000000e+04 8.010831000000000479e-01 6.748034999999999716e-07
3.020000000000000000e+04 8.020827000000000373e-01 6.743347999999999722e-07
3.030000000000000000e+04 8.030823000000000267e-01 6.738669999999999553e-07
3.040000000000000000e+04 8.040819000000000161e-01 6.734001000000000267e-07
3.050000000000000000e+04 8.050815000000000055e-01 6.729342000000000199e-07
3.060000000000000000e+04 8.060810999999999948e-01 6.724693000000000406e-07
3.070000000000000000e+04 8.070806000000000369e-01 6.720053000000000439e-07
3.080000000000000000e+04 8.080800999999999679e-01 6.715424000000000140e-07
3.090000000000000000e+04 8.090796000000000099e-01 6.710805000000000117e-07
3.100000000000000000e+04 8.100791000000000519e-01 6.706194999999999919e-07
3.110000000000000000e+04 8.110785000000000355e-01 6.701594999999999997e-07
3.120000000000000000e+04 8.120779000000000192e-01 6.697003000000000507e-07
3.130000000000000000e+04 8.130773000000000028e-01 6.692417999999999940e-07
3.140000000000000000e+04 8.140766999999999864e-01 6.687835999999999668e-07
3.150000000000000000e+04 8.150760999999999701e-01 6.683254000000000455e-07
3.160000000000000000e+04 8.160754000000000064e-01 6.678665000000000201e-07
3.170000000000000000e+04 8.170747000000000426e-01 6.674060000000000141e-07
3.180000000000000000e+04 8.180741000000000263e-01 6.669430999999999842e-07
3.190000000000000000e+04 8.190733999999999515e-01 6.664768999999999479e-07
3.200000000000000000e+04 8.200726000000000404e-01 6.660077999999999798e-07
3.210000000000000000e+04 8.210718999999999657e-01 6.655369999999999859e-07
3.220000000000000000e+04 8.220711000000000546e-01 6.650653999999999488e-07
3.230000000000000000e+04 8.230703999999999798e-01 6.645936000000000332e-07
3.240000000000000000e+04 8.240695999999999577e-01 6.641221999999999804e-07
3.250000000000000000e+04 8.250688000000000466e-01 6.636515999999999709e-07
3.260000000000000000e+04 8.260680000000000245e-01 6.631819999999999890e-07
3.270000000000000000e+04 8.270671000000000550e-01 6.627136000000000190e-07
3.280000000000000000e+04 8.280663000000000329e-01 6.622466000000000453e-07
3.290000000000000000e+04 8.290655000000000108e-01 6.617809000000000228e-07
3.300000000000000000e+04 8.300646000000000413e-01 6.613167000000000417e-07
3.310000000000000000e+04 8.310636999999999608e-01 6.608539999999999962e-07
3.320000000000000000e+04 8.320629000000000497e-01 6.603927000000000528e-07
3.330000000000000000e+04 8.330619999999999692e-01 6.599329000000000449e-07
3.340000000000000000e+04 8.340610999999999997e-01 6.594747000000000177e-07
3.350000000000000000e+04 8.350602000000000302e-01 6.590180999999999711e-07
3.360000000000000000e+04 8.360592000000000024e-01 6.585629999999999659e-07
3.370000000000000000e+04 8.370583000000000329e-01 6.581094000000000022e-07
3.380000000000000000e+04 8.380573999999999524e-01 6.576576000000000034e-07
3.390000000000000000e+04 8.390564999999999829e-01 6.572073999999999852e-07
3.400000000000000000e+04 8.400554999999999550e-01 6.567587999999999477e-07
3.410000000000000000e+04 8.410545999999999855e-01 6.563117999999999967e-07
3.420000000000000000e+04 8.420537000000000161e-01 6.558666000000000107e-07
3.430000000000000000e+04 8.430526999999999882e-01 6.554230000000000053e-07
3.440000000000000000e+04 8.440518000000000187e-01 6.549809999999999806e-07
3.450000000000000000e+04 8.450507999999999909e-01 6.545406000000000424e-07
3.460000000000000000e+04 8.460499000000000214e-01 6.541017999999999789e-07
3.470000000000000000e+04 8.470488999999999935e-01 6.536642000000000333e-07
3.480000000000000000e+04 8.480480000000000240e-01 6.532279999999999781e-07
3.490000000000000000e+04 8.490469999999999962e-01 6.527927999999999504e-07
3.500000000000000000e+04 8.500461000000000267e-01 6.523583000000000268e-07
3.510000000000000000e+04 8.510451999999999462e-01 6.519243999999999504e-07
3.520000000000000000e+04 8.520442000000000293e-01 6.514911000000000388e-07
3.530000000000000000e+04 8.530432999999999488e-01 6.510590999999999724e-07
3.540000000000000000e+04 8.540423999999999793e-01 6.506293000000000515e-07
3.550000000000000000e+04 8.550415000000000099e-01 6.502052999999999943e-07
3.560000000000000000e+04 8.560406000000000404e-01 6.497925000000000132e-07
3.570000000000000000e+04 8.570396999999999599e-01 6.494013000000000355e-07
3.580000000000000000e+04 8.580387999999999904e-01 6.490488000000000461e-07
3.590000000000000000e+04 8.590379999999999683e-01 6.487622000000000334e-07
3.600000000000000000e+04 8.600370999999999988e-01 6.485820999999999960e-07
3.610000000000000000e+04 8.610362999999999767e-01 6.485671000000000054e-07
3.620000000000000000e+04 8.620354000000000072e-01 6.487974000000000310e-07
3.630000000000000000e+04 8.630345999999999851e-01 6.493731999999999586e-07
3.640000000000000000e+04 8.640337999999999630e-01 6.503969000000000315e-07
3.650000000000000000e+04 8.650330000000000519e-01 6.518884000000000155e-07
3.660000000000000000e+04 8.660322999999999771e-01 6.537543000000000216e-07
3.670000000000000000e+04 8.670314999999999550e-01 6.558906000000000379e-07
3.680000000000000000e+04 8.680307999999999913e-01 6.582111999999999747e-07
3.690000000000000000e+04 8.690301000000000275e-01 6.606518999999999867e-07
3.700000000000000000e+04 8.700293999999999528e-01 6.631671000000000435e-07
3.710000000000000000e+04 8.710288000000000475e-01 6.657265000000000287e-07
3.720000000000000000e+04 8.720282000000000311e-01 6.683104999999999942e-07
3.730000000000000000e+04 8.730274999999999563e-01 6.709069999999999870e-07
3.740000000000000000e+04 8.740269999999999984e-01 6.735090999999999650e-07
3.750000000000000000e+04 8.750263999999999820e-01 6.761130999999999531e-07
3.760000000000000000e+04 8.760259000000000240e-01 6.787171999999999864e-07
3.770000000000000000e+04 8.770253999999999550e-01 6.813206000000000214e-07
3.780000000000000000e+04 8.780248999999999970e-01 6.839232000000000133e-07
3.790000000000000000e+04 8.790244000000000391e-01 6.865247999999999775e-07
3.800000000000000000e+04 8.800240000000000284e-01 6.891257000000000494e-07
3.810000000000000000e+04 8.810236000000000178e-01 6.917261000000000017e-07
3.820000000000000000e+04 8.820232000000000072e-01 6.943260999999999853e-07
3.830000000000000000e+04 8.830229000000000550e-01 6.969257000000000001e-07
3.840000000000000000e+04 8.840225000000000444e-01 6.995249999999999856e-07
3.850000000000000000e+04 8.850221999999999811e-01 7.021237999999999572e-07
3.860000000000000000e+04 8.860219000000000289e-01 7.047221999999999601e-07
3.870000000000000000e+04 8.870217000000000240e-01 7.073201999999999944e-07
3.880000000000000000e+04 8.880215000000000192e-01 7.099177000000000148e-07
3.890000000000000000e+04 8.890213000000000143e-01 7.125147000000000215e-07
3.900000000000000000e+04 8.900211000000000094e-01 7.151112000000000143e-07
3.910000000000000000e+04 8.910209000000000046e-01 7.177075000000000228e-07
3.920000000000000000e+04 8.920207999999999471e-01 7.203036000000000470e-07
3.930000000000000000e+04 8.930207000000000006e-01 7.228996999999999653e-07
3.940000000000000000e+04 8.940206000000000541e-01 7.254963000000000032e-07
3.950000000000000000e+04 8.950204999999999966e-01 7.280938000000000237e-07
3.960000000000000000e+04 8.960204000000000502e-01 7.306927999999999796e-07
3.970000000000000000e+04 8.970204000000000510e-01 7.332930999999999927e-07
3.980000000000000000e+04 8.980204000000000519e-01 7.358944000000000333e-07
3.990000000000000000e+04 8.990202999999999944e-01 7.384947999999999856e-07
4.000000000000000000e+04 9.000204000000000537e-01 7.410898999999999821e-07
4.010000000000000000e+04 9.010204000000000546e-01 7.436703999999999568e-07
4.020000000000000000e+04 9.020204000000000555e-01 7.462197000000000444e-07
4.030000000000000000e+04 9.030203999999999454e-01 7.487092000000000482e-07
4.040000000000000000e+04 9.040205000000000046e-01 7.510930999999999535e-07
4.050000000000000000e+04 9.050205999999999529e-01 7.533002000000000395e-07
4.060000000000000000e+04 9.060205999999999538e-01 7.552262000000000529e-07
4.070000000000000000e+04 9.070207000000000130e-01 7.567249000000000027e-07
4.080000000000000000e+04 9.080207999999999613e-01 7.576048000000000025e-07
4.090000000000000000e+04 9.090207999999999622e-01 7.576448000000000479e-07
4.100000000000000000e+04 9.100209000000000215e-01 7.566893000000000364e-07
4.110000000000000000e+04 9.110209999999999697e-01 7.548548000000000077e-07
4.120000000000000000e+04 9.120209999999999706e-01 7.523625000000000112e-07
4.130000000000000000e+04 9.130211000000000299e-01 7.494112999999999894e-07
4.140000000000000000e+04 9.140211000000000308e-01 7.461558000000000169e-07
4.150000000000000000e+04 9.150211999999999790e-01 7.427076999999999796e-07
4.160000000000000000e+04 9.160211999999999799e-01 7.391431999999999479e-07
4.170000000000000000e+04 9.170211999999999808e-01 7.355121999999999864e-07
4.180000000000000000e+04 9.180211999999999817e-01 7.318460000000000273e-07
4.190000000000000000e+04 9.190211999999999826e-01 7.281631000000000519e-07
4.200000000000000000e+04 9.200211000000000361e-01 7.244738999999999874e-07
4.210000000000000000e+04 9.210211000000000370e-01 7.207835000000000168e-07
4.220000000000000000e+04 9.220209999999999795e-01 7.170943999999999973e-07
4.230000000000000000e+04 9.230209000000000330e-01 7.134073000000000331e-07
4.240000000000000000e+04 9.240207999999999755e-01 7.097220999999999730e-07
4.250000000000000000e+04 9.250207000000000290e-01 7.060381999999999701e-07
4.260000000000000000e+04 9.260205000000000242e-01 7.023556000000000242e-07
4.270000000000000000e+04 9.270203999999999667e-01 6.986738999999999549e-07
4.280000000000000000e+04 9.280201999999999618e-01 6.949927000000000053e-07
4.290000000000000000e+04 9.290199999999999569e-01 6.913121000000000087e-07
4.300000000000000000e+04 9.300197000000000047e-01 6.876316999999999965e-07
4.310000000000000000e+04 9.310194999999999999e-01 6.839516999999999529e-07
4.320000000000000000e+04 9.320192000000000476e-01 6.802720999999999840e-07
4.330000000000000000e+04 9.330188999999999844e-01 6.765928000000000444e-07
4.340000000000000000e+04 9.340186000000000321e-01 6.729140999999999521e-07
4.350000000000000000e+04 9.350182999999999689e-01 6.692360000000000245e-07
4.360000000000000000e+04 9.360178999999999583e-01 6.655587000000000343e-07
4.370000000000000000e+04 9.370176000000000061e-01 6.618809000000000303e-07
4.380000000000000000e+04 9.380171999999999954e-01 6.582034999999999950e-07
4.390000000000000000e+04 9.390167999999999848e-01 6.545251000000000380e-07
4.400000000000000000e+04 9.400163000000000268e-01 6.508449999999999494e-07
4.410000000000000000e+04 9.410159000000000162e-01 6.471629999999999565e-07
4.420000000000000000e+04 9.420153999999999472e-01 6.434781000000000318e-07
4.430000000000000000e+04 9.430150000000000476e-01 6.397914000000000363e-07
4.440000000000000000e+04 9.440144999999999786e-01 6.361038999999999974e-07
4.450000000000000000e+04 9.450140000000000207e-01 6.324212000000000064e-07
4.460000000000000000e+04 9.460134999999999517e-01 6.287566000000000280e-07
4.470000000000000000e+04 9.470129999999999937e-01 6.251326999999999872e-07
4.480000000000000000e+04 9.480125000000000357e-01 6.215895000000000352e-07
4.490000000000000000e+04 9.490119000000000193e-01 6.181933000000000118e-07
4.500000000000000000e+04 9.500113999999999503e-01 6.150497999999999545e-07
4.510000000000000000e+04 9.510108999999999924e-01 6.123161000000000073e-07
4.520000000000000000e+04 9.520102999999999760e-01 6.102177000000000419e-07
4.530000000000000000e+04 9.530098000000000180e-01 6.090604000000000505e-07
4.540000000000000000e+04 9.540092999999999490e-01 6.092235999999999814e-07
4.550000000000000000e+04 9.550087999999999910e-01 6.110805999999999960e-07
4.560000000000000000e+04 9.560083000000000331e-01 6.146568000000000118e-07
4.570000000000000000e+04 9.570077999999999641e-01 6.195882999999999789e-07
4.580000000000000000e+04 9.580073000000000061e-01 6.254921999999999581e-07
4.590000000000000000e+04 9.590068999999999955e-01 6.320547999999999933e-07
4.600000000000000000e+04 9.600064000000000375e-01 6.390436999999999587e-07
4.610000000000000000e+04 9.610060000000000269e-01 6.462950000000000310e-07
4.620000000000000000e+04 9.620056000000000163e-01 6.536996000000000152e-07
4.630000000000000000e+04 9.630052999999999530e-01 6.611888000000000476e-07
4.640000000000000000e+04 9.640049000000000534e-01 6.687189000000000020e-07
4.650000000000000000e+04 9.650045999999999902e-01 6.762653000000000040e-07
4.660000000000000000e+04 9.660043000000000379e-01 6.838158999999999948e-07
4.670000000000000000e+04 9.670039999999999747e-01 6.913638000000000382e-07
4.680000000000000000e+04 9.680037999999999698e-01 6.989059000000000062e-07
4.690000000000000000e+04 9.690035999999999650e-01 7.064422000000000047e-07
4.700000000000000000e+04 9.700033999999999601e-01 7.139741999999999691e-07
4.710000000000000000e+04 9.710031999999999552e-01 7.214996999999999660e-07
4.720000000000000000e+04 9.720031000000000088e-01 7.290239000000000116e-07
4.730000000000000000e+04 9.730029999999999513e-01 7.365466999999999550e-07
4.740000000000000000e+04 9.740029000000000048e-01 7.440681000000000081e-07
4.750000000000000000e+04 9.750027999999999473e-01 7.515887000000000179e-07
4.760000000000000000e+04 9.760027999999999482e-01 7.591152999999999815e-07
4.770000000000000000e+04 9.770027999999999491e-01 7.666501000000000445e-07
4.780000000000000000e+04 9.780027999999999500e-01 7.742047000000000399e-07
4.790000000000000000e+04 9.790027999999999508e-01 7.817882999999999887e-07
4.800000000000000000e+04 9.800027999999999517e-01 7.894136000000000087e-07
4.810000000000000000e+04 9.810027999999999526e-01 7.971044999999999760e-07
4.820000000000000000e+04 9.820027999999999535e-01 8.048756999999999576e-07
4.830000000000000000e+04 9.830029000000000128e-01 8.127476000000000508e-07
4.840000000000000000e+04 9.840029000000000137e-01 8.207234000000000050e-07
4.850000000000000000e+04 9.850029999999999619e-01 8.287752999999999846e-07
4.860000000000000000e+04 9.860029999999999628e-01 8.368180000000000490e-07
4.870000000000000000e+04 9.870031000000000221e-01 8.446352999999999691e-07
4.880000000000000000e+04 9.880031000000000230e-01 8.518051999999999544e-07
4.890000000000000000e+04 9.890031000000000239e-01 8.575995000000000423e-07
4.900000000000000000e+04 9.900031000000000247e-01 8.607398999999999716e-07
4.910000000000000000e+04 9.910031000000000256e-01 8.592184000000000065e-07
4.920000000000000000e+04 9.920031000000000265e-01 8.499662999999999524e-07
4.930000000000000000e+04 9.930029999999999690e-01 8.284945999999999866e-07
4.940000000000000000e+04 9.940029000000000226e-01 7.884790000000000024e-07
4.950000000000000000e+04 9.950027999999999651e-01 7.226532999999999823e-07
4.960000000000000000e+04 9.960025999999999602e-01 6.228027000000000451e-07
4.970000000000000000e+04 9.970023000000000080e-01 4.753003000000000040e-07
4.980000000000000000e+04 9.980018000000000500e-01 2.839797000000000028e-07
4.990000000000000000e+04 9.990010999999999752e-01 4.510034999999999926e-08
5.000000000000000000e+04 1.000000000000000000e+00 0.000000000000000000e+00
