-5.000000000000000000e+04 9.987367999999999412e-06
-4.990000000000000000e+04 9.991652000000003316e-06
-4.980000000000000000e+04 9.994300000000000178e-06
-4.970000000000000000e+04 9.995919999999996615e-06
-4.960000000000000000e+04 9.996950000000000907e-06
-4.950000000000000000e+04 9.997659999999999753e-06
-4.940000000000000000e+04 9.998189999999999560e-06
-4.930000000000000000e+04 9.998600000000007913e-06
-4.920000000000000000e+04 9.998929999999998811e-06
-4.910000000000000000e+04 9.999199999999995676e-06
-4.900000000000000000e+04 9.999429999999996519e-06
-4.890000000000000000e+04 9.999599999999993165e-06
-4.880000000000000000e+04 9.999800000000010544e-06
-4.870000000000000000e+04 9.999899999999992128e-06
-4.860000000000000000e+04 1.000000000000000929e-05
-4.850000000000000000e+04 9.999999999999992348e-06
-4.840000000000000000e+04 1.000009999999999087e-05
-4.830000000000000000e+04 1.000000000000000929e-05
-4.820000000000000000e+04 1.000000000000000929e-05
-4.810000000000000000e+04 1.000000000000000929e-05
-4.800000000000000000e+04 9.999899999999992128e-06
-4.790000000000000000e+04 9.999699999999993384e-06
-4.780000000000000000e+04 9.999600000000011799e-06
-4.770000000000000000e+04 9.999399999999977480e-06
-4.760000000000000000e+04 9.999299999999995895e-06
-4.750000000000000000e+04 9.999000000000015566e-06
-4.740000000000000000e+04 9.998800000000016822e-06
-4.730000000000000000e+04 9.998599999999982502e-06
-4.720000000000000000e+04 9.998300000000002173e-06
-4.710000000000000000e+04 9.997999999999986268e-06
-4.700000000000000000e+04 9.997700000000005939e-06
-4.690000000000000000e+04 9.997500000000041076e-06
-4.680000000000000000e+04 9.997099999999938555e-06
-4.670000000000000000e+04 9.996800000000027683e-06
-4.660000000000000000e+04 9.996499999999977897e-06
-4.650000000000000000e+04 9.996199999999997568e-06
-4.640000000000000000e+04 9.995799999999998385e-06
-4.630000000000000000e+04 9.995500000000018056e-06
-4.620000000000000000e+04 9.995200000000037727e-06
-4.610000000000000000e+04 9.994799999999970781e-06
-4.600000000000000000e+04 9.994499999999988758e-06
-4.590000000000000000e+04 9.994200000000008429e-06
-4.580000000000000000e+04 9.993800000000010940e-06
-4.570000000000000000e+04 9.993499999999961154e-06
-4.560000000000000000e+04 9.993300000000065748e-06
-4.550000000000000000e+04 9.992899999999998802e-06
-4.540000000000000000e+04 9.992699999999966177e-06
-4.530000000000000000e+04 9.992500000000001313e-06
-4.520000000000000000e+04 9.992200000000020984e-06
-4.510000000000000000e+04 9.991999999999986664e-06
-4.500000000000000000e+04 9.991800000000023495e-06
-4.490000000000000000e+04 9.991599999999989176e-06
-4.480000000000000000e+04 9.991399999999956550e-06
-4.470000000000000000e+04 9.991199999999991687e-06
-4.460000000000000000e+04 9.991100000000043983e-06
-4.450000000000000000e+04 9.990900000000011358e-06
-4.440000000000000000e+04 9.990699999999977038e-06
-4.430000000000000000e+04 9.990699999999977038e-06
-4.420000000000000000e+04 9.990500000000013869e-06
-4.410000000000000000e+04 9.990399999999996709e-06
-4.400000000000000000e+04 9.990299999999979549e-06
-4.390000000000000000e+04 9.990100000000016380e-06
-4.380000000000000000e+04 9.990199999999962389e-06
-4.370000000000000000e+04 9.989999999999999220e-06
-4.360000000000000000e+04 9.989900000000051516e-06
-4.350000000000000000e+04 9.989900000000051516e-06
-4.340000000000000000e+04 9.989899999999912603e-06
-4.330000000000000000e+04 9.989800000000103813e-06
-4.320000000000000000e+04 9.989799999999964900e-06
-4.310000000000000000e+04 9.989700000000017197e-06
-4.300000000000000000e+04 9.989799999999964900e-06
-4.290000000000000000e+04 9.989700000000017197e-06
-4.280000000000000000e+04 9.989799999999964900e-06
-4.270000000000000000e+04 9.989700000000017197e-06
-4.260000000000000000e+04 9.989799999999964900e-06
-4.250000000000000000e+04 9.989700000000017197e-06
-4.240000000000000000e+04 9.989900000000051516e-06
-4.230000000000000000e+04 9.989799999999964900e-06
-4.220000000000000000e+04 9.989900000000051516e-06
-4.210000000000000000e+04 9.989999999999999220e-06
-4.200000000000000000e+04 9.989999999999999220e-06
-4.190000000000000000e+04 9.990099999999946923e-06
-4.180000000000000000e+04 9.990099999999946923e-06
-4.170000000000000000e+04 9.990299999999979549e-06
-4.160000000000000000e+04 9.990300000000118462e-06
-4.150000000000000000e+04 9.990399999999927252e-06
-4.140000000000000000e+04 9.990500000000013869e-06
-4.130000000000000000e+04 9.990599999999959878e-06
-4.120000000000000000e+04 9.990700000000046494e-06
-4.110000000000000000e+04 9.990899999999941901e-06
-4.100000000000000000e+04 9.990900000000080814e-06
-4.090000000000000000e+04 9.991099999999974527e-06
-4.080000000000000000e+04 9.991300000000008846e-06
-4.070000000000000000e+04 9.991300000000008846e-06
-4.060000000000000000e+04 9.991500000000041472e-06
-4.050000000000000000e+04 9.991699999999936879e-06
-4.040000000000000000e+04 9.991800000000023495e-06
-4.030000000000000000e+04 9.991899999999969505e-06
-4.020000000000000000e+04 9.992100000000003824e-06
-4.010000000000000000e+04 9.992300000000036450e-06
-4.000000000000000000e+04 9.992300000000036450e-06
-3.990000000000000000e+04 9.992999999999946506e-06
-3.980000000000000000e+04 9.992999999999946506e-06
-3.970000000000000000e+04 9.993000000000085419e-06
-3.960000000000000000e+04 9.992999999999946506e-06
-3.950000000000000000e+04 9.992999999999946506e-06
-3.940000000000000000e+04 9.994000000000114717e-06
-3.930000000000000000e+04 9.992999999999946506e-06
-3.920000000000000000e+04 9.993999999999975803e-06
-3.910000000000000000e+04 9.993999999999975803e-06
-3.900000000000000000e+04 9.994000000000114717e-06
-3.890000000000000000e+04 9.995000000000003407e-06
-3.880000000000000000e+04 9.995000000000003407e-06
-3.870000000000000000e+04 9.993999999999975803e-06
-3.860000000000000000e+04 9.995999999999893791e-06
-3.850000000000000000e+04 9.995000000000003407e-06
-3.840000000000000000e+04 9.995000000000003407e-06
-3.830000000000000000e+04 9.996000000000032705e-06
-3.820000000000000000e+04 9.996000000000032705e-06
-3.810000000000000000e+04 9.996000000000032705e-06
-3.800000000000000000e+04 9.995999999999893791e-06
-3.790000000000000000e+04 9.997000000000062003e-06
-3.780000000000000000e+04 9.996000000000032705e-06
-3.770000000000000000e+04 9.996999999999923089e-06
-3.760000000000000000e+04 9.997000000000062003e-06
-3.750000000000000000e+04 9.997999999999950693e-06
-3.740000000000000000e+04 9.996999999999923089e-06
-3.730000000000000000e+04 9.998000000000228520e-06
-3.720000000000000000e+04 9.997999999999950693e-06
-3.710000000000000000e+04 9.997999999999950693e-06
-3.700000000000000000e+04 9.997999999999950693e-06
-3.690000000000000000e+04 9.998999999999979991e-06
-3.680000000000000000e+04 9.997999999999950693e-06
-3.670000000000000000e+04 9.998999999999979991e-06
-3.660000000000000000e+04 9.998999999999979991e-06
-3.650000000000000000e+04 9.999000000000257817e-06
-3.640000000000000000e+04 1.000000000000000929e-05
-3.630000000000000000e+04 9.998999999999979991e-06
-3.620000000000000000e+04 1.000000000000000929e-05
-3.610000000000000000e+04 1.000000000000000929e-05
-3.600000000000000000e+04 1.000000000000000929e-05
-3.590000000000000000e+04 9.999999999999731462e-06
-3.580000000000000000e+04 1.000100000000003689e-05
-3.570000000000000000e+04 1.000000000000000929e-05
-3.560000000000000000e+04 1.000100000000003689e-05
-3.550000000000000000e+04 1.000100000000003689e-05
-3.540000000000000000e+04 1.000100000000003689e-05
-3.530000000000000000e+04 1.000100000000003689e-05
-3.520000000000000000e+04 1.000100000000003689e-05
-3.510000000000000000e+04 1.000199999999978836e-05
-3.500000000000000000e+04 1.000100000000003689e-05
-3.490000000000000000e+04 1.000200000000006619e-05
-3.480000000000000000e+04 1.000200000000006619e-05
-3.470000000000000000e+04 1.000200000000006619e-05
-3.460000000000000000e+04 1.000199999999978836e-05
-3.450000000000000000e+04 1.000200000000006619e-05
-3.440000000000000000e+04 1.000200000000006619e-05
-3.430000000000000000e+04 1.000299999999981766e-05
-3.420000000000000000e+04 1.000200000000006619e-05
-3.410000000000000000e+04 1.000300000000009549e-05
-3.400000000000000000e+04 1.000300000000009549e-05
-3.390000000000000000e+04 1.000299999999981766e-05
-3.380000000000000000e+04 1.000300000000009549e-05
-3.370000000000000000e+04 1.000300000000009549e-05
-3.360000000000000000e+04 1.000299999999981766e-05
-3.350000000000000000e+04 1.000300000000009549e-05
-3.340000000000000000e+04 1.000299999999981766e-05
-3.330000000000000000e+04 1.000400000000012309e-05
-3.320000000000000000e+04 1.000300000000009549e-05
-3.310000000000000000e+04 1.000399999999984696e-05
-3.300000000000000000e+04 1.000300000000009549e-05
-3.290000000000000000e+04 1.000399999999984696e-05
-3.280000000000000000e+04 1.000400000000012309e-05
-3.270000000000000000e+04 1.000400000000012309e-05
-3.260000000000000000e+04 1.000299999999981766e-05
-3.250000000000000000e+04 1.000400000000012309e-05
-3.240000000000000000e+04 1.000399999999984696e-05
-3.230000000000000000e+04 1.000400000000012309e-05
-3.220000000000000000e+04 1.000399999999984696e-05
-3.210000000000000000e+04 1.000400000000012309e-05
-3.200000000000000000e+04 1.000499999999987456e-05
-3.190000000000000000e+04 1.000400000000012309e-05
-3.180000000000000000e+04 1.000400000000012309e-05
-3.170000000000000000e+04 1.000399999999984696e-05
-3.160000000000000000e+04 1.000500000000015239e-05
-3.150000000000000000e+04 1.000399999999984696e-05
-3.140000000000000000e+04 1.000400000000012309e-05
-3.130000000000000000e+04 1.000399999999984696e-05
-3.120000000000000000e+04 1.000500000000015239e-05
-3.110000000000000000e+04 1.000399999999984696e-05
-3.100000000000000000e+04 1.000400000000012309e-05
-3.090000000000000000e+04 1.000499999999987456e-05
-3.080000000000000000e+04 1.000400000000012309e-05
-3.070000000000000000e+04 1.000499999999987456e-05
-3.060000000000000000e+04 1.000400000000012309e-05
-3.050000000000000000e+04 1.000399999999984696e-05
-3.040000000000000000e+04 1.000500000000015239e-05
-3.030000000000000000e+04 1.000399999999984696e-05
-3.020000000000000000e+04 1.000400000000012309e-05
-3.010000000000000000e+04 1.000499999999987456e-05
-3.000000000000000000e+04 1.000400000000012309e-05
-2.990000000000000000e+04 1.000399999999984696e-05
-2.980000000000000000e+04 1.000500000000015239e-05
-2.970000000000000000e+04 1.000399999999984696e-05
-2.960000000000000000e+04 1.000400000000012309e-05
-2.950000000000000000e+04 1.000499999999987456e-05
-2.940000000000000000e+04 1.000400000000012309e-05
-2.930000000000000000e+04 1.000400000000012309e-05
-2.920000000000000000e+04 1.000499999999987456e-05
-2.910000000000000000e+04 1.000400000000012309e-05
-2.900000000000000000e+04 1.000399999999984696e-05
-2.890000000000000000e+04 1.000500000000015239e-05
-2.880000000000000000e+04 1.000399999999984696e-05
-2.870000000000000000e+04 1.000400000000012309e-05
-2.860000000000000000e+04 1.000399999999984696e-05
-2.850000000000000000e+04 1.000500000000015239e-05
-2.840000000000000000e+04 1.000399999999984696e-05
-2.830000000000000000e+04 1.000400000000012309e-05
-2.820000000000000000e+04 1.000499999999987456e-05
-2.810000000000000000e+04 1.000400000000012309e-05
-2.800000000000000000e+04 1.000499999999987456e-05
-2.790000000000000000e+04 1.000400000000012309e-05
-2.780000000000000000e+04 1.000399999999984696e-05
-2.770000000000000000e+04 1.000500000000015239e-05
-2.760000000000000000e+04 1.000399999999984696e-05
-2.750000000000000000e+04 1.000500000000015239e-05
-2.740000000000000000e+04 1.000399999999984696e-05
-2.730000000000000000e+04 1.000500000000015239e-05
-2.720000000000000000e+04 1.000399999999984696e-05
-2.710000000000000000e+04 1.000500000000015239e-05
-2.700000000000000000e+04 1.000499999999987456e-05
-2.690000000000000000e+04 1.000500000000015239e-05
-2.680000000000000000e+04 1.000499999999987456e-05
-2.670000000000000000e+04 1.000400000000012309e-05
-2.660000000000000000e+04 1.000499999999987456e-05
-2.650000000000000000e+04 1.000500000000015239e-05
-2.640000000000000000e+04 1.000599999999990386e-05
-2.630000000000000000e+04 1.000499999999987456e-05
-2.620000000000000000e+04 1.000500000000015239e-05
-2.610000000000000000e+04 1.000499999999987456e-05
-2.600000000000000000e+04 1.000600000000018169e-05
-2.590000000000000000e+04 1.000499999999987456e-05
-2.580000000000000000e+04 1.000599999999990386e-05
-2.570000000000000000e+04 1.000500000000015239e-05
-2.560000000000000000e+04 1.000599999999990386e-05
-2.550000000000000000e+04 1.000600000000018169e-05
-2.540000000000000000e+04 1.000499999999987456e-05
-2.530000000000000000e+04 1.000599999999990386e-05
-2.520000000000000000e+04 1.000600000000018169e-05
-2.510000000000000000e+04 1.000599999999990386e-05
-2.500000000000000000e+04 1.000599999999990386e-05
-2.490000000000000000e+04 1.000600000000018169e-05
-2.480000000000000000e+04 1.000600000000018169e-05
-2.470000000000000000e+04 1.000599999999962603e-05
-2.460000000000000000e+04 1.000600000000018169e-05
-2.450000000000000000e+04 1.000600000000018169e-05
-2.440000000000000000e+04 1.000599999999962603e-05
-2.430000000000000000e+04 1.000600000000018169e-05
-2.420000000000000000e+04 1.000600000000018169e-05
-2.410000000000000000e+04 1.000599999999962603e-05
-2.400000000000000000e+04 1.000700000000021098e-05
-2.390000000000000000e+04 1.000600000000018169e-05
-2.380000000000000000e+04 1.000599999999962603e-05
-2.370000000000000000e+04 1.000600000000018169e-05
-2.360000000000000000e+04 1.000600000000018169e-05
-2.350000000000000000e+04 1.000499999999959674e-05
-2.340000000000000000e+04 1.000600000000018169e-05
-2.330000000000000000e+04 1.000600000000018169e-05
-2.320000000000000000e+04 1.000599999999962603e-05
-2.310000000000000000e+04 1.000500000000015239e-05
-2.300000000000000000e+04 1.000600000000018169e-05
-2.290000000000000000e+04 1.000499999999959674e-05
-2.280000000000000000e+04 1.000500000000015239e-05
-2.270000000000000000e+04 1.000500000000015239e-05
-2.260000000000000000e+04 1.000500000000015239e-05
-2.250000000000000000e+04 1.000499999999959674e-05
-2.240000000000000000e+04 1.000400000000012309e-05
-2.230000000000000000e+04 1.000500000000015239e-05
-2.220000000000000000e+04 1.000400000000012309e-05
-2.210000000000000000e+04 1.000399999999956913e-05
-2.200000000000000000e+04 1.000300000000009549e-05
-2.190000000000000000e+04 1.000400000000012309e-05
-2.180000000000000000e+04 1.000300000000009549e-05
-2.170000000000000000e+04 1.000300000000009549e-05
-2.160000000000000000e+04 1.000200000000006619e-05
-2.150000000000000000e+04 1.000299999999953983e-05
-2.140000000000000000e+04 1.000200000000006619e-05
-2.130000000000000000e+04 1.000200000000006619e-05
-2.120000000000000000e+04 1.000200000000006619e-05
-2.110000000000000000e+04 1.000100000000003689e-05
-2.100000000000000000e+04 1.000100000000003689e-05
-2.090000000000000000e+04 1.000100000000003689e-05
-2.080000000000000000e+04 1.000000000000000929e-05
-2.070000000000000000e+04 1.000100000000003689e-05
-2.060000000000000000e+04 1.000000000000000929e-05
-2.050000000000000000e+04 9.998999999999979991e-06
-2.040000000000000000e+04 1.000000000000000929e-05
-2.030000000000000000e+04 9.998999999999979991e-06
-2.020000000000000000e+04 9.998999999999979991e-06
-2.010000000000000000e+04 9.997999999999950693e-06
-2.000000000000000000e+04 9.998999999999979991e-06
-1.990000000000000000e+04 9.997999999999950693e-06
-1.980000000000000000e+04 9.997999999999950693e-06
-1.970000000000000000e+04 9.996999999999923089e-06
-1.960000000000000000e+04 9.997999999999950693e-06
-1.950000000000000000e+04 9.996999999999923089e-06
-1.940000000000000000e+04 9.997000000000477049e-06
-1.930000000000000000e+04 9.995999999999893791e-06
-1.920000000000000000e+04 9.996999999999923089e-06
-1.910000000000000000e+04 9.995999999999893791e-06
-1.900000000000000000e+04 9.995999999999893791e-06
-1.890000000000000000e+04 9.996000000000449445e-06
-1.880000000000000000e+04 9.995999999999893791e-06
-1.870000000000000000e+04 9.994999999999864494e-06
-1.860000000000000000e+04 9.995999999999893791e-06
-1.850000000000000000e+04 9.994999999999864494e-06
-1.840000000000000000e+04 9.995000000000420147e-06
-1.830000000000000000e+04 9.994999999999864494e-06
-1.820000000000000000e+04 9.994999999999864494e-06
-1.810000000000000000e+04 9.994999999999864494e-06
-1.800000000000000000e+04 9.995000000000420147e-06
-1.790000000000000000e+04 9.994999999999864494e-06
-1.780000000000000000e+04 9.994999999999864494e-06
-1.770000000000000000e+04 9.993999999999836890e-06
-1.760000000000000000e+04 9.995000000000420147e-06
-1.750000000000000000e+04 9.994999999999864494e-06
-1.740000000000000000e+04 9.994999999999864494e-06
-1.730000000000000000e+04 9.994999999999864494e-06
-1.720000000000000000e+04 9.995000000000420147e-06
-1.710000000000000000e+04 9.994999999999864494e-06
-1.700000000000000000e+04 9.994999999999864494e-06
-1.690000000000000000e+04 9.994999999999864494e-06
-1.680000000000000000e+04 9.995000000000420147e-06
-1.670000000000000000e+04 9.994999999999864494e-06
-1.660000000000000000e+04 9.995999999999893791e-06
-1.650000000000000000e+04 9.994999999999864494e-06
-1.640000000000000000e+04 9.995999999999893791e-06
-1.630000000000000000e+04 9.996000000000449445e-06
-1.620000000000000000e+04 9.995999999999893791e-06
-1.610000000000000000e+04 9.995999999999893791e-06
-1.600000000000000000e+04 9.995999999999893791e-06
-1.590000000000000000e+04 9.996999999999923089e-06
-1.580000000000000000e+04 9.996000000000449445e-06
-1.570000000000000000e+04 9.996999999999923089e-06
-1.560000000000000000e+04 9.996999999999923089e-06
-1.550000000000000000e+04 9.996999999999923089e-06
-1.540000000000000000e+04 9.997999999999950693e-06
-1.530000000000000000e+04 9.996999999999923089e-06
-1.520000000000000000e+04 9.997999999999950693e-06
-1.510000000000000000e+04 9.997999999999950693e-06
-1.500000000000000000e+04 9.997999999999950693e-06
-1.490000000000000000e+04 9.998999999999979991e-06
-1.480000000000000000e+04 9.998000000000506346e-06
-1.470000000000000000e+04 9.998999999999979991e-06
-1.460000000000000000e+04 9.998999999999979991e-06
-1.450000000000000000e+04 1.000000000000000929e-05
-1.440000000000000000e+04 9.998999999999979991e-06
-1.430000000000000000e+04 1.000000000000000929e-05
-1.420000000000000000e+04 1.000000000000000929e-05
-1.410000000000000000e+04 1.000000000000000929e-05
-1.400000000000000000e+04 1.000100000000003689e-05
-1.390000000000000000e+04 1.000000000000000929e-05
-1.380000000000000000e+04 1.000099999999948293e-05
-1.370000000000000000e+04 1.000200000000006619e-05
-1.360000000000000000e+04 1.000100000000003689e-05
-1.350000000000000000e+04 1.000200000000006619e-05
-1.340000000000000000e+04 1.000200000000006619e-05
-1.330000000000000000e+04 1.000200000000006619e-05
-1.320000000000000000e+04 1.000200000000006619e-05
-1.310000000000000000e+04 1.000300000000009549e-05
-1.300000000000000000e+04 1.000200000000006619e-05
-1.290000000000000000e+04 1.000299999999953983e-05
-1.280000000000000000e+04 1.000400000000012309e-05
-1.270000000000000000e+04 1.000300000000009549e-05
-1.260000000000000000e+04 1.000400000000012309e-05
-1.250000000000000000e+04 1.000300000000009549e-05
-1.240000000000000000e+04 1.000399999999956913e-05
-1.230000000000000000e+04 1.000500000000015239e-05
-1.220000000000000000e+04 1.000400000000012309e-05
-1.210000000000000000e+04 1.000500000000015239e-05
-1.200000000000000000e+04 1.000399999999956913e-05
-1.190000000000000000e+04 1.000500000000015239e-05
-1.180000000000000000e+04 1.000500000000015239e-05
-1.170000000000000000e+04 1.000599999999962603e-05
-1.160000000000000000e+04 1.000500000000015239e-05
-1.150000000000000000e+04 1.000500000000015239e-05
-1.140000000000000000e+04 1.000600000000018169e-05
-1.130000000000000000e+04 1.000599999999962603e-05
-1.120000000000000000e+04 1.000600000000018169e-05
-1.110000000000000000e+04 1.000600000000018169e-05
-1.100000000000000000e+04 1.000599999999962603e-05
-1.090000000000000000e+04 1.000600000000018169e-05
-1.080000000000000000e+04 1.000600000000018169e-05
-1.070000000000000000e+04 1.000599999999962603e-05
-1.060000000000000000e+04 1.000700000000021098e-05
-1.050000000000000000e+04 1.000600000000018169e-05
-1.040000000000000000e+04 1.000699999999965533e-05
-1.030000000000000000e+04 1.000600000000018169e-05
-1.020000000000000000e+04 1.000600000000018169e-05
-1.010000000000000000e+04 1.000699999999965533e-05
-1.000000000000000000e+04 1.000600000000018169e-05
-9.900000000000000000e+03 1.000699999999965533e-05
-9.800000000000000000e+03 1.000600000000018169e-05
-9.700000000000000000e+03 1.000700000000021098e-05
-9.600000000000000000e+03 1.000599999999962603e-05
-9.500000000000000000e+03 1.000600000000018169e-05
-9.400000000000000000e+03 1.000600000000018169e-05
-9.300000000000000000e+03 1.000599999999962603e-05
-9.200000000000000000e+03 1.000600000000018169e-05
-9.100000000000000000e+03 1.000500000000015239e-05
-9.000000000000000000e+03 1.000600000000018169e-05
-8.900000000000000000e+03 1.000499999999959674e-05
-8.800000000000000000e+03 1.000500000000015239e-05
-8.700000000000000000e+03 1.000500000000015239e-05
-8.600000000000000000e+03 1.000499999999959674e-05
-8.500000000000000000e+03 1.000500000000015239e-05
-8.400000000000000000e+03 1.000400000000012309e-05
-8.300000000000000000e+03 1.000400000000012309e-05
-8.200000000000000000e+03 1.000300000000009549e-05
-8.100000000000000000e+03 1.000399999999956913e-05
-8.000000000000000000e+03 1.000300000000009549e-05
-7.900000000000000000e+03 1.000300000000009549e-05
-7.800000000000000000e+03 1.000200000000006619e-05
-7.700000000000000000e+03 1.000200000000006619e-05
-7.600000000000000000e+03 1.000200000000006619e-05
-7.500000000000000000e+03 1.000199999999951054e-05
-7.400000000000000000e+03 1.000100000000003689e-05
-7.300000000000000000e+03 1.000100000000003689e-05
-7.200000000000000000e+03 1.000100000000003689e-05
-7.100000000000000000e+03 1.000000000000000929e-05
-7.000000000000000000e+03 1.000000000000000929e-05
-6.900000000000000000e+03 9.998999999999979991e-06
-6.800000000000000000e+03 1.000000000000000929e-05
-6.700000000000000000e+03 9.998999999999979991e-06
-6.600000000000000000e+03 9.997999999999950693e-06
-6.500000000000000000e+03 9.998999999999979991e-06
-6.400000000000000000e+03 9.998000000000506346e-06
-6.300000000000000000e+03 9.996999999999923089e-06
-6.200000000000000000e+03 9.997999999999950693e-06
-6.100000000000000000e+03 9.996999999999923089e-06
-6.000000000000000000e+03 9.995999999999893791e-06
-5.900000000000000000e+03 9.996999999999923089e-06
-5.800000000000000000e+03 9.995999999999893791e-06
-5.700000000000000000e+03 9.996000000000449445e-06
-5.600000000000000000e+03 9.994999999999864494e-06
-5.500000000000000000e+03 9.994999999999864494e-06
-5.400000000000000000e+03 9.995999999999893791e-06
-5.300000000000000000e+03 9.994000000000390849e-06
-5.200000000000000000e+03 9.994999999999864494e-06
-5.100000000000000000e+03 9.993999999999836890e-06
-5.000000000000000000e+03 9.993999999999836890e-06
-4.900000000000000000e+03 9.994000000000390849e-06
-4.800000000000000000e+03 9.993999999999836890e-06
-4.700000000000000000e+03 9.992999999999807592e-06
-4.600000000000000000e+03 9.994000000000390849e-06
-4.500000000000000000e+03 9.992999999999807592e-06
-4.400000000000000000e+03 9.992999999999807592e-06
-4.300000000000000000e+03 9.993000000000363246e-06
-4.200000000000000000e+03 9.992999999999807592e-06
-4.100000000000000000e+03 9.992999999999807592e-06
-4.000000000000000000e+03 9.993000000000363246e-06
-3.900000000000000000e+03 9.992999999999807592e-06
-3.800000000000000000e+03 9.992999999999807592e-06
-3.700000000000000000e+03 9.993000000000363246e-06
-3.600000000000000000e+03 9.991999999999778294e-06
-3.500000000000000000e+03 9.992999999999807592e-06
-3.400000000000000000e+03 9.993000000000363246e-06
-3.300000000000000000e+03 9.992999999999807592e-06
-3.200000000000000000e+03 9.993000000000363246e-06
-3.100000000000000000e+03 9.992999999999807592e-06
-3.000000000000000000e+03 9.992999999999807592e-06
-2.900000000000000000e+03 9.993000000000363246e-06
-2.800000000000000000e+03 9.992999999999807592e-06
-2.700000000000000000e+03 9.992999999999807592e-06
-2.600000000000000000e+03 9.994000000000390849e-06
-2.500000000000000000e+03 9.992999999999807592e-06
-2.400000000000000000e+03 9.992999999999807592e-06
-2.300000000000000000e+03 9.994000000000390849e-06
-2.200000000000000000e+03 9.993999999999836890e-06
-2.100000000000000000e+03 9.993999999999836890e-06
-2.000000000000000000e+03 9.993999999999836890e-06
-1.900000000000000000e+03 9.994000000000390849e-06
-1.800000000000000000e+03 9.993999999999836890e-06
-1.700000000000000000e+03 9.993999999999836890e-06
-1.600000000000000000e+03 9.995000000000420147e-06
-1.500000000000000000e+03 9.993999999999836890e-06
-1.400000000000000000e+03 9.994999999999864494e-06
-1.300000000000000000e+03 9.994999999999864494e-06
-1.200000000000000000e+03 9.995000000000420147e-06
-1.100000000000000000e+03 9.994999999999864494e-06
-1.000000000000000000e+03 9.994999999999864494e-06
-9.000000000000000000e+02 9.995999999999893791e-06
-8.000000000000000000e+02 9.995000000000420147e-06
-7.000000000000000000e+02 9.995999999999893791e-06
-6.000000000000000000e+02 9.994999999999864494e-06
-5.000000000000000000e+02 9.995999999999893791e-06
-4.000000000000000000e+02 9.995999999999893791e-06
-3.000000000000000000e+02 9.996000000000449445e-06
-2.000000000000000000e+02 9.995999999999893791e-06
-1.000000000000000000e+02 9.996999999999923089e-06
0.000000000000000000e+00 9.995999999999893791e-06
1.000000000000000000e+02 9.995999999999893791e-06
2.000000000000000000e+02 9.997000000000477049e-06
3.000000000000000000e+02 9.995999999999893791e-06
4.000000000000000000e+02 9.996999999999367436e-06
5.000000000000000000e+02 9.995999999999893791e-06
6.000000000000000000e+02 9.997000000000477049e-06
7.000000000000000000e+02 9.997000000000477049e-06
8.000000000000000000e+02 9.996999999999367436e-06
9.000000000000000000e+02 9.995999999999893791e-06
1.000000000000000000e+03 9.997000000000477049e-06
1.100000000000000000e+03 9.996999999999367436e-06
1.200000000000000000e+03 9.997000000000477049e-06
1.300000000000000000e+03 9.997000000000477049e-06
1.400000000000000000e+03 9.996999999999367436e-06
1.500000000000000000e+03 9.995999999999893791e-06
1.600000000000000000e+03 9.997000000000477049e-06
1.700000000000000000e+03 9.996999999999367436e-06
1.800000000000000000e+03 9.997000000000477049e-06
1.900000000000000000e+03 9.996999999999367436e-06
2.000000000000000000e+03 9.997000000000477049e-06
2.100000000000000000e+03 9.995999999999893791e-06
2.200000000000000000e+03 9.997000000000477049e-06
2.300000000000000000e+03 9.996999999999367436e-06
2.400000000000000000e+03 9.997000000000477049e-06
2.500000000000000000e+03 9.995999999999893791e-06
2.600000000000000000e+03 9.997000000000477049e-06
2.700000000000000000e+03 9.996999999999367436e-06
2.800000000000000000e+03 9.995999999999893791e-06
2.900000000000000000e+03 9.997000000000477049e-06
3.000000000000000000e+03 9.995999999999893791e-06
3.100000000000000000e+03 9.996999999999367436e-06
3.200000000000000000e+03 9.996000000001003405e-06
3.300000000000000000e+03 9.996999999999367436e-06
3.400000000000000000e+03 9.995999999999893791e-06
3.500000000000000000e+03 9.997000000000477049e-06
3.600000000000000000e+03 9.995999999999893791e-06
3.700000000000000000e+03 9.995999999999893791e-06
3.800000000000000000e+03 9.995999999999893791e-06
3.900000000000000000e+03 9.997000000000477049e-06
4.000000000000000000e+03 9.995999999999893791e-06
4.100000000000000000e+03 9.995999999999893791e-06
4.200000000000000000e+03 9.995999999999893791e-06
4.300000000000000000e+03 9.995999999999893791e-06
4.400000000000000000e+03 9.995999999999893791e-06
4.500000000000000000e+03 9.995999999999893791e-06
4.600000000000000000e+03 9.995999999999893791e-06
4.700000000000000000e+03 9.995999999999893791e-06
4.800000000000000000e+03 9.995999999999893791e-06
4.900000000000000000e+03 9.996000000001003405e-06
5.000000000000000000e+03 9.995999999999893791e-06
5.100000000000000000e+03 9.994999999999310534e-06
5.200000000000000000e+03 9.995999999999893791e-06
5.300000000000000000e+03 9.995999999999893791e-06
5.400000000000000000e+03 9.996000000001003405e-06
5.500000000000000000e+03 9.994999999999310534e-06
5.600000000000000000e+03 9.995999999999893791e-06
5.700000000000000000e+03 9.995999999999893791e-06
5.800000000000000000e+03 9.995999999999893791e-06
5.900000000000000000e+03 9.995000000000420147e-06
6.000000000000000000e+03 9.995999999999893791e-06
6.100000000000000000e+03 9.995999999999893791e-06
6.200000000000000000e+03 9.995999999999893791e-06
6.300000000000000000e+03 9.995000000000420147e-06
6.400000000000000000e+03 9.995999999999893791e-06
6.500000000000000000e+03 9.995999999999893791e-06
6.600000000000000000e+03 9.995999999999893791e-06
6.700000000000000000e+03 9.995999999999893791e-06
6.800000000000000000e+03 9.995999999999893791e-06
6.900000000000000000e+03 9.996000000001003405e-06
7.000000000000000000e+03 9.995999999999893791e-06
7.100000000000000000e+03 9.995999999999893791e-06
7.200000000000000000e+03 9.995999999999893791e-06
7.300000000000000000e+03 9.995999999999893791e-06
7.400000000000000000e+03 9.995999999999893791e-06
7.500000000000000000e+03 9.997000000000477049e-06
7.600000000000000000e+03 9.995999999999893791e-06
7.700000000000000000e+03 9.996999999999367436e-06
7.800000000000000000e+03 9.995999999999893791e-06
7.900000000000000000e+03 9.997000000000477049e-06
8.000000000000000000e+03 9.997000000000477049e-06
8.100000000000000000e+03 9.996999999999367436e-06
8.200000000000000000e+03 9.997000000000477049e-06
8.300000000000000000e+03 9.996999999999367436e-06
8.400000000000000000e+03 9.997999999999950693e-06
8.500000000000000000e+03 9.997000000000477049e-06
8.600000000000000000e+03 9.997999999999950693e-06
8.700000000000000000e+03 9.997999999999950693e-06
8.800000000000000000e+03 9.997999999999950693e-06
8.900000000000000000e+03 9.997999999999950693e-06
9.000000000000000000e+03 9.999000000000535644e-06
9.100000000000000000e+03 9.997999999999950693e-06
9.200000000000000000e+03 9.998999999999424337e-06
9.300000000000000000e+03 9.999000000000535644e-06
9.400000000000000000e+03 1.000000000000000929e-05
9.500000000000000000e+03 9.998999999999424337e-06
9.600000000000000000e+03 1.000000000000000929e-05
9.700000000000000000e+03 1.000000000000000929e-05
9.800000000000000000e+03 1.000100000000059255e-05
9.900000000000000000e+03 1.000000000000000929e-05
1.000000000000000000e+04 1.000099999999948293e-05
1.010000000000000000e+04 1.000099999999948293e-05
1.020000000000000000e+04 1.000200000000006619e-05
1.030000000000000000e+04 1.000200000000006619e-05
1.040000000000000000e+04 1.000200000000006619e-05
1.050000000000000000e+04 1.000200000000006619e-05
1.060000000000000000e+04 1.000300000000064945e-05
1.070000000000000000e+04 1.000299999999953983e-05
1.080000000000000000e+04 1.000300000000064945e-05
1.090000000000000000e+04 1.000399999999901348e-05
1.100000000000000000e+04 1.000400000000012309e-05
1.110000000000000000e+04 1.000400000000012309e-05
1.120000000000000000e+04 1.000400000000012309e-05
1.130000000000000000e+04 1.000499999999959674e-05
1.140000000000000000e+04 1.000500000000070804e-05
1.150000000000000000e+04 1.000499999999959674e-05
1.160000000000000000e+04 1.000600000000018169e-05
1.170000000000000000e+04 1.000600000000018169e-05
1.180000000000000000e+04 1.000600000000018169e-05
1.190000000000000000e+04 1.000699999999965533e-05
1.200000000000000000e+04 1.000600000000018169e-05
1.210000000000000000e+04 1.000699999999965533e-05
1.220000000000000000e+04 1.000800000000023859e-05
1.230000000000000000e+04 1.000699999999965533e-05
1.240000000000000000e+04 1.000800000000023859e-05
1.250000000000000000e+04 1.000800000000023859e-05
1.260000000000000000e+04 1.000800000000023859e-05
1.270000000000000000e+04 1.000799999999912898e-05
1.280000000000000000e+04 1.000900000000082354e-05
1.290000000000000000e+04 1.000899999999971223e-05
1.300000000000000000e+04 1.000899999999971223e-05
1.310000000000000000e+04 1.000899999999971223e-05
1.320000000000000000e+04 1.000900000000082354e-05
1.330000000000000000e+04 1.000999999999918588e-05
1.340000000000000000e+04 1.000900000000082354e-05
1.350000000000000000e+04 1.000999999999918588e-05
1.360000000000000000e+04 1.001000000000029718e-05
1.370000000000000000e+04 1.001000000000029718e-05
1.380000000000000000e+04 1.001000000000029718e-05
1.390000000000000000e+04 1.000999999999918588e-05
1.400000000000000000e+04 1.001000000000029718e-05
1.410000000000000000e+04 1.001000000000029718e-05
1.420000000000000000e+04 1.000999999999918588e-05
1.430000000000000000e+04 1.001000000000029718e-05
1.440000000000000000e+04 1.001099999999977083e-05
1.450000000000000000e+04 1.001000000000029718e-05
1.460000000000000000e+04 1.001000000000029718e-05
1.470000000000000000e+04 1.001000000000029718e-05
1.480000000000000000e+04 1.000999999999918588e-05
1.490000000000000000e+04 1.001000000000029718e-05
1.500000000000000000e+04 1.001000000000029718e-05
1.510000000000000000e+04 1.001000000000029718e-05
1.520000000000000000e+04 1.000999999999918588e-05
1.530000000000000000e+04 1.000900000000082354e-05
1.540000000000000000e+04 1.000999999999918588e-05
1.550000000000000000e+04 1.001000000000029718e-05
1.560000000000000000e+04 1.000899999999971223e-05
1.570000000000000000e+04 1.001000000000029718e-05
1.580000000000000000e+04 1.000899999999971223e-05
1.590000000000000000e+04 1.001000000000029718e-05
1.600000000000000000e+04 1.000899999999971223e-05
1.610000000000000000e+04 1.000900000000082354e-05
1.620000000000000000e+04 1.000899999999971223e-05
1.630000000000000000e+04 1.000899999999971223e-05
1.640000000000000000e+04 1.000899999999971223e-05
1.650000000000000000e+04 1.000900000000082354e-05
1.660000000000000000e+04 1.000799999999912898e-05
1.670000000000000000e+04 1.000900000000082354e-05
1.680000000000000000e+04 1.000899999999971223e-05
1.690000000000000000e+04 1.000800000000023859e-05
1.700000000000000000e+04 1.000799999999912898e-05
1.710000000000000000e+04 1.000900000000082354e-05
1.720000000000000000e+04 1.000799999999912898e-05
1.730000000000000000e+04 1.000800000000023859e-05
1.740000000000000000e+04 1.000900000000082354e-05
1.750000000000000000e+04 1.000799999999912898e-05
1.760000000000000000e+04 1.000800000000023859e-05
1.770000000000000000e+04 1.000800000000023859e-05
1.780000000000000000e+04 1.000800000000023859e-05
1.790000000000000000e+04 1.000799999999912898e-05
1.800000000000000000e+04 1.000900000000082354e-05
1.810000000000000000e+04 1.000799999999912898e-05
1.820000000000000000e+04 1.000800000000023859e-05
1.830000000000000000e+04 1.000800000000023859e-05
1.840000000000000000e+04 1.000899999999971223e-05
1.850000000000000000e+04 1.000800000000023859e-05
1.860000000000000000e+04 1.000800000000023859e-05
1.870000000000000000e+04 1.000899999999971223e-05
1.880000000000000000e+04 1.000899999999971223e-05
1.890000000000000000e+04 1.000900000000082354e-05
1.900000000000000000e+04 1.000899999999971223e-05
1.910000000000000000e+04 1.000899999999971223e-05
1.920000000000000000e+04 1.000899999999971223e-05
1.930000000000000000e+04 1.000900000000082354e-05
1.940000000000000000e+04 1.000999999999918588e-05
1.950000000000000000e+04 1.000900000000082354e-05
1.960000000000000000e+04 1.000999999999918588e-05
1.970000000000000000e+04 1.001000000000029718e-05
1.980000000000000000e+04 1.001000000000029718e-05
1.990000000000000000e+04 1.001000000000029718e-05
2.000000000000000000e+04 1.001099999999977083e-05
2.010000000000000000e+04 1.001000000000029718e-05
2.020000000000000000e+04 1.001099999999977083e-05
2.030000000000000000e+04 1.001099999999977083e-05
2.040000000000000000e+04 1.001099999999977083e-05
2.050000000000000000e+04 1.001099999999977083e-05
2.060000000000000000e+04 1.001200000000035409e-05
2.070000000000000000e+04 1.001099999999977083e-05
2.080000000000000000e+04 1.001200000000035409e-05
2.090000000000000000e+04 1.001200000000035409e-05
2.100000000000000000e+04 1.001199999999924447e-05
2.110000000000000000e+04 1.001200000000035409e-05
2.120000000000000000e+04 1.001299999999982773e-05
2.130000000000000000e+04 1.001200000000035409e-05
2.140000000000000000e+04 1.001299999999982773e-05
2.150000000000000000e+04 1.001200000000035409e-05
2.160000000000000000e+04 1.001299999999982773e-05
2.170000000000000000e+04 1.001299999999982773e-05
2.180000000000000000e+04 1.001299999999982773e-05
2.190000000000000000e+04 1.001299999999982773e-05
2.200000000000000000e+04 1.001400000000041099e-05
2.210000000000000000e+04 1.001299999999982773e-05
2.220000000000000000e+04 1.001299999999982773e-05
2.230000000000000000e+04 1.001400000000041099e-05
2.240000000000000000e+04 1.001299999999982773e-05
2.250000000000000000e+04 1.001400000000041099e-05
2.260000000000000000e+04 1.001299999999982773e-05
2.270000000000000000e+04 1.001399999999930137e-05
2.280000000000000000e+04 1.001300000000093734e-05
2.290000000000000000e+04 1.001399999999930137e-05
2.300000000000000000e+04 1.001299999999982773e-05
2.310000000000000000e+04 1.001400000000041099e-05
2.320000000000000000e+04 1.001299999999982773e-05
2.330000000000000000e+04 1.001299999999982773e-05
2.340000000000000000e+04 1.001400000000041099e-05
2.350000000000000000e+04 1.001299999999982773e-05
2.360000000000000000e+04 1.001299999999982773e-05
2.370000000000000000e+04 1.001200000000035409e-05
2.380000000000000000e+04 1.001299999999982773e-05
2.390000000000000000e+04 1.001299999999982773e-05
2.400000000000000000e+04 1.001200000000035409e-05
2.410000000000000000e+04 1.001200000000035409e-05
2.420000000000000000e+04 1.001199999999924447e-05
2.430000000000000000e+04 1.001200000000035409e-05
2.440000000000000000e+04 1.001200000000035409e-05
2.450000000000000000e+04 1.001199999999924447e-05
2.460000000000000000e+04 1.001100000000088044e-05
2.470000000000000000e+04 1.001099999999977083e-05
2.480000000000000000e+04 1.001099999999977083e-05
2.490000000000000000e+04 1.001099999999977083e-05
2.500000000000000000e+04 1.001000000000029718e-05
2.510000000000000000e+04 1.001000000000029718e-05
2.520000000000000000e+04 1.000999999999918588e-05
2.530000000000000000e+04 1.001000000000029718e-05
2.540000000000000000e+04 1.001000000000029718e-05
2.550000000000000000e+04 1.000899999999971223e-05
2.560000000000000000e+04 1.000899999999971223e-05
2.570000000000000000e+04 1.000800000000023859e-05
2.580000000000000000e+04 1.000899999999971223e-05
2.590000000000000000e+04 1.000800000000023859e-05
2.600000000000000000e+04 1.000800000000023859e-05
2.610000000000000000e+04 1.000699999999965533e-05
2.620000000000000000e+04 1.000800000000023859e-05
2.630000000000000000e+04 1.000699999999965533e-05
2.640000000000000000e+04 1.000700000000076494e-05
2.650000000000000000e+04 1.000600000000018169e-05
2.660000000000000000e+04 1.000599999999907038e-05
2.670000000000000000e+04 1.000600000000018169e-05
2.680000000000000000e+04 1.000600000000018169e-05
2.690000000000000000e+04 1.000499999999959674e-05
2.700000000000000000e+04 1.000500000000070804e-05
2.710000000000000000e+04 1.000400000000012309e-05
2.720000000000000000e+04 1.000499999999959674e-05
2.730000000000000000e+04 1.000400000000012309e-05
2.740000000000000000e+04 1.000400000000012309e-05
2.750000000000000000e+04 1.000299999999953983e-05
2.760000000000000000e+04 1.000300000000064945e-05
2.770000000000000000e+04 1.000299999999953983e-05
2.780000000000000000e+04 1.000299999999953983e-05
2.790000000000000000e+04 1.000200000000006619e-05
2.800000000000000000e+04 1.000200000000006619e-05
2.810000000000000000e+04 1.000200000000006619e-05
2.820000000000000000e+04 1.000200000000006619e-05
2.830000000000000000e+04 1.000100000000059255e-05
2.840000000000000000e+04 1.000099999999948293e-05
2.850000000000000000e+04 1.000000000000000929e-05
2.860000000000000000e+04 1.000100000000059255e-05
2.870000000000000000e+04 1.000000000000000929e-05
2.880000000000000000e+04 1.000000000000000929e-05
2.890000000000000000e+04 9.998999999999424337e-06
2.900000000000000000e+04 9.999000000000535644e-06
2.910000000000000000e+04 9.998999999999424337e-06
2.920000000000000000e+04 9.999000000000535644e-06
2.930000000000000000e+04 9.998999999999424337e-06
2.940000000000000000e+04 9.997999999999950693e-06
2.950000000000000000e+04 9.997999999999950693e-06
2.960000000000000000e+04 9.997000000000477049e-06
2.970000000000000000e+04 9.997999999999950693e-06
2.980000000000000000e+04 9.996999999999367436e-06
2.990000000000000000e+04 9.997000000000477049e-06
3.000000000000000000e+04 9.997000000000477049e-06
3.010000000000000000e+04 9.995999999999893791e-06
3.020000000000000000e+04 9.995999999999893791e-06
3.030000000000000000e+04 9.995999999999893791e-06
3.040000000000000000e+04 9.995999999999893791e-06
3.050000000000000000e+04 9.995999999999893791e-06
3.060000000000000000e+04 9.995000000000420147e-06
3.070000000000000000e+04 9.994999999999310534e-06
3.080000000000000000e+04 9.995000000000420147e-06
3.090000000000000000e+04 9.995000000000420147e-06
3.100000000000000000e+04 9.993999999999836890e-06
3.110000000000000000e+04 9.993999999999836890e-06
3.120000000000000000e+04 9.993999999999836890e-06
3.130000000000000000e+04 9.993999999999836890e-06
3.140000000000000000e+04 9.993999999999836890e-06
3.150000000000000000e+04 9.993000000000363246e-06
3.160000000000000000e+04 9.993000000000363246e-06
3.170000000000000000e+04 9.993999999999836890e-06
3.180000000000000000e+04 9.992999999999251939e-06
3.190000000000000000e+04 9.992000000000889602e-06
3.200000000000000000e+04 9.992999999999251939e-06
3.210000000000000000e+04 9.992000000000889602e-06
3.220000000000000000e+04 9.992999999999251939e-06
3.230000000000000000e+04 9.991999999999778294e-06
3.240000000000000000e+04 9.992000000000889602e-06
3.250000000000000000e+04 9.991999999999778294e-06
3.260000000000000000e+04 9.991000000000304650e-06
3.270000000000000000e+04 9.991999999999778294e-06
3.280000000000000000e+04 9.991999999999778294e-06
3.290000000000000000e+04 9.991000000000304650e-06
3.300000000000000000e+04 9.990999999999195037e-06
3.310000000000000000e+04 9.992000000000889602e-06
3.320000000000000000e+04 9.990999999999195037e-06
3.330000000000000000e+04 9.991000000000304650e-06
3.340000000000000000e+04 9.991000000000304650e-06
3.350000000000000000e+04 9.989999999999721393e-06
3.360000000000000000e+04 9.991000000000304650e-06
3.370000000000000000e+04 9.990999999999195037e-06
3.380000000000000000e+04 9.991000000000304650e-06
3.390000000000000000e+04 9.989999999999721393e-06
3.400000000000000000e+04 9.991000000000304650e-06
3.410000000000000000e+04 9.991000000000304650e-06
3.420000000000000000e+04 9.989999999999721393e-06
3.430000000000000000e+04 9.991000000000304650e-06
3.440000000000000000e+04 9.989999999999721393e-06
3.450000000000000000e+04 9.991000000000304650e-06
3.460000000000000000e+04 9.989999999999721393e-06
3.470000000000000000e+04 9.991000000000304650e-06
3.480000000000000000e+04 9.989999999999721393e-06
3.490000000000000000e+04 9.991000000000304650e-06
3.500000000000000000e+04 9.990999999999195037e-06
3.510000000000000000e+04 9.990000000000831006e-06
3.520000000000000000e+04 9.990999999999195037e-06
3.530000000000000000e+04 9.991000000000304650e-06
3.540000000000000000e+04 9.991000000000304650e-06
3.550000000000000000e+04 9.991000000000304650e-06
3.560000000000000000e+04 9.990999999999195037e-06
3.570000000000000000e+04 9.991000000000304650e-06
3.580000000000000000e+04 9.991999999999778294e-06
3.590000000000000000e+04 9.991000000000304650e-06
3.600000000000000000e+04 9.991999999999778294e-06
3.610000000000000000e+04 9.991000000000304650e-06
3.620000000000000000e+04 9.991999999999778294e-06
3.630000000000000000e+04 9.991999999999778294e-06
3.640000000000000000e+04 9.992000000000889602e-06
3.650000000000000000e+04 9.992999999999251939e-06
3.660000000000000000e+04 9.991999999999778294e-06
3.670000000000000000e+04 9.993000000000363246e-06
3.680000000000000000e+04 9.993000000000363246e-06
3.690000000000000000e+04 9.992999999999251939e-06
3.700000000000000000e+04 9.994000000000946503e-06
3.710000000000000000e+04 9.993999999999836890e-06
3.720000000000000000e+04 9.992999999999251939e-06
3.730000000000000000e+04 9.995000000000420147e-06
3.740000000000000000e+04 9.993999999999836890e-06
3.750000000000000000e+04 9.995000000000420147e-06
3.760000000000000000e+04 9.994999999999310534e-06
3.770000000000000000e+04 9.995000000000420147e-06
3.780000000000000000e+04 9.995000000000420147e-06
3.790000000000000000e+04 9.995999999999893791e-06
3.800000000000000000e+04 9.995999999999893791e-06
3.810000000000000000e+04 9.995999999999893791e-06
3.820000000000000000e+04 9.997000000000477049e-06
3.830000000000000000e+04 9.995999999999893791e-06
3.840000000000000000e+04 9.996999999999367436e-06
3.850000000000000000e+04 9.997000000000477049e-06
3.860000000000000000e+04 9.997999999999950693e-06
3.870000000000000000e+04 9.997999999999950693e-06
3.880000000000000000e+04 9.997999999999950693e-06
3.890000000000000000e+04 9.997999999999950693e-06
3.900000000000000000e+04 9.997999999999950693e-06
3.910000000000000000e+04 9.998999999999424337e-06
3.920000000000000000e+04 9.999000000000535644e-06
3.930000000000000000e+04 9.999000000000535644e-06
3.940000000000000000e+04 9.998999999999424337e-06
3.950000000000000000e+04 9.999000000000535644e-06
3.960000000000000000e+04 1.000000000000000929e-05
3.970000000000000000e+04 1.000000000000000929e-05
3.980000000000000000e+04 9.998999999999424337e-06
3.990000000000000000e+04 1.000100000000059255e-05
4.000000000000000000e+04 1.000000000000000929e-05
4.010000000000000000e+04 1.000000000000000929e-05
4.020000000000000000e+04 9.999999999998897981e-06
4.030000000000000000e+04 1.000100000000059255e-05
4.040000000000000000e+04 1.000099999999948293e-05
4.050000000000000000e+04 1.000000000000000929e-05
4.060000000000000000e+04 1.000100000000059255e-05
4.070000000000000000e+04 1.000099999999948293e-05
4.080000000000000000e+04 1.000000000000000929e-05
4.090000000000000000e+04 1.000100000000059255e-05
4.100000000000000000e+04 1.000099999999948293e-05
4.110000000000000000e+04 1.000000000000000929e-05
4.120000000000000000e+04 1.000100000000059255e-05
4.130000000000000000e+04 1.000000000000000929e-05
4.140000000000000000e+04 1.000099999999948293e-05
4.150000000000000000e+04 1.000000000000000929e-05
4.160000000000000000e+04 1.000000000000000929e-05
4.170000000000000000e+04 1.000000000000000929e-05
4.180000000000000000e+04 1.000000000000000929e-05
4.190000000000000000e+04 9.999000000000535644e-06
4.200000000000000000e+04 1.000000000000000929e-05
4.210000000000000000e+04 9.998999999999424337e-06
4.220000000000000000e+04 9.999000000000535644e-06
4.230000000000000000e+04 9.998999999999424337e-06
4.240000000000000000e+04 9.999000000000535644e-06
4.250000000000000000e+04 9.997999999999950693e-06
4.260000000000000000e+04 9.998999999999424337e-06
4.270000000000000000e+04 9.997999999999950693e-06
4.280000000000000000e+04 9.997999999999950693e-06
4.290000000000000000e+04 9.997000000000477049e-06
4.300000000000000000e+04 9.997999999999950693e-06
4.310000000000000000e+04 9.997000000000477049e-06
4.320000000000000000e+04 9.996999999999367436e-06
4.330000000000000000e+04 9.997000000000477049e-06
4.340000000000000000e+04 9.996999999999367436e-06
4.350000000000000000e+04 9.995999999999893791e-06
4.360000000000000000e+04 9.997000000000477049e-06
4.370000000000000000e+04 9.995999999999893791e-06
4.380000000000000000e+04 9.995999999999893791e-06
4.390000000000000000e+04 9.995000000000420147e-06
4.400000000000000000e+04 9.995999999999893791e-06
4.410000000000000000e+04 9.994999999999310534e-06
4.420000000000000000e+04 9.996000000001003405e-06
4.430000000000000000e+04 9.994999999999310534e-06
4.440000000000000000e+04 9.995000000000420147e-06
4.450000000000000000e+04 9.994999999999310534e-06
4.460000000000000000e+04 9.995000000000420147e-06
4.470000000000000000e+04 9.995000000000420147e-06
4.480000000000000000e+04 9.993999999999836890e-06
4.490000000000000000e+04 9.994999999999310534e-06
4.500000000000000000e+04 9.995000000000420147e-06
4.510000000000000000e+04 9.993999999999836890e-06
4.520000000000000000e+04 9.995000000000420147e-06
4.530000000000000000e+04 9.994999999999310534e-06
4.540000000000000000e+04 9.995000000000420147e-06
4.550000000000000000e+04 9.995000000000420147e-06
4.560000000000000000e+04 9.994999999999310534e-06
4.570000000000000000e+04 9.995000000000420147e-06
4.580000000000000000e+04 9.995999999999893791e-06
4.590000000000000000e+04 9.995000000000420147e-06
4.600000000000000000e+04 9.995999999999893791e-06
4.610000000000000000e+04 9.995999999999893791e-06
4.620000000000000000e+04 9.996999999999367436e-06
4.630000000000000000e+04 9.996000000001003405e-06
4.640000000000000000e+04 9.996999999999367436e-06
4.650000000000000000e+04 9.997000000000477049e-06
4.660000000000000000e+04 9.996999999999367436e-06
4.670000000000000000e+04 9.997999999999950693e-06
4.680000000000000000e+04 9.997999999999950693e-06
4.690000000000000000e+04 9.997999999999950693e-06
4.700000000000000000e+04 9.997999999999950693e-06
4.710000000000000000e+04 9.999000000000535644e-06
4.720000000000000000e+04 9.998999999999424337e-06
4.730000000000000000e+04 9.999000000000535644e-06
4.740000000000000000e+04 9.998999999999424337e-06
4.750000000000000000e+04 1.000000000000000929e-05
4.760000000000000000e+04 1.000000000000000929e-05
4.770000000000000000e+04 1.000000000000000929e-05
4.780000000000000000e+04 1.000000000000000929e-05
4.790000000000000000e+04 1.000000000000000929e-05
4.800000000000000000e+04 1.000000000000000929e-05
4.810000000000000000e+04 1.000000000000000929e-05
4.820000000000000000e+04 1.000100000000059255e-05
4.830000000000000000e+04 1.000000000000000929e-05
4.840000000000000000e+04 1.000099999999948293e-05
4.850000000000000000e+04 1.000000000000000929e-05
4.860000000000000000e+04 1.000100000000059255e-05
4.870000000000000000e+04 1.000000000000000929e-05
4.880000000000000000e+04 1.000000000000000929e-05
4.890000000000000000e+04 1.000000000000000929e-05
4.900000000000000000e+04 1.000000000000000929e-05
4.910000000000000000e+04 1.000000000000000929e-05
4.920000000000000000e+04 9.998999999999424337e-06
4.930000000000000000e+04 9.999000000000535644e-06
4.940000000000000000e+04 9.998999999999424337e-06
4.950000000000000000e+04 9.997999999999950693e-06
4.960000000000000000e+04 9.997000000000477049e-06
4.970000000000000000e+04 9.995000000000420147e-06
4.980000000000000000e+04 9.992999999999251939e-06
4.990000000000000000e+04 9.989000000000247749e-06
5.000000000000000000e+04 0.000000000000000000e+00
