2.774032902257833610e-19
1.000000000028874249e-09
-2.774032902257833610e-19
-9.999999997514709589e-10
0.000000000000000000e+00
0.000000000000000000e+00
1.000000000028874249e-09
0.000000000000000000e+00
-1.000000000028874249e-09
-2.774032902257833610e-19
2.774032902257833610e-19
1.000000000028874249e-09
-2.774032902257833610e-19
-9.999999997514709589e-10
0.000000000000000000e+00
-2.774032902257833610e-19
2.774032902257833610e-19
0.000000000000000000e+00
0.000000000000000000e+00
-2.774032902257833610e-19
-9.999999997514709589e-10
0.000000000000000000e+00
-2.774032902257833610e-19
2.774032902257833610e-19
0.000000000000000000e+00
1.000000000028450733e-09
-1.000000000028874249e-09
0.000000000000000000e+00
0.000000000000000000e+00
0.000000000000000000e+00
-1.000000000028874249e-09
0.000000000000000000e+00
1.000000000028450733e-09
-1.000000000028450733e-09
0.000000000000000000e+00
0.000000000000000000e+00
0.000000000000000000e+00
0.000000000000000000e+00
0.000000000000000000e+00
0.000000000000000000e+00
0.000000000000000000e+00
-1.000000000028450733e-09
1.000000000306277539e-09
-2.778268066994105112e-19
0.000000000000000000e+00
0.000000000000000000e+00
0.000000000000000000e+00
0.000000000000000000e+00
0.000000000000000000e+00
-1.000000000028874249e-09
0.000000000000000000e+00
0.000000000000000000e+00
0.000000000000000000e+00
0.000000000000000000e+00
2.774032902257833610e-19
-2.778268066994105112e-19
0.000000000000000000e+00
0.000000000000000000e+00
0.000000000000000000e+00
0.000000000000000000e+00
0.000000000000000000e+00
0.000000000000000000e+00
0.000000000000000000e+00
2.774032902257833610e-19
0.000000000000000000e+00
-2.774032902257833610e-19
0.000000000000000000e+00
0.000000000000000000e+00
0.000000000000000000e+00
1.000000000028874249e-09
-1.000000000028874249e-09
0.000000000000000000e+00
1.000000000028874249e-09
-1.000000000028874249e-09
0.000000000000000000e+00
0.000000000000000000e+00
0.000000000000000000e+00
0.000000000000000000e+00
0.000000000000000000e+00
1.000000000028874249e-09
0.000000000000000000e+00
0.000000000000000000e+00
-9.999999997510474424e-10
1.000000000028874249e-09
-2.778268066994105112e-19
0.000000000000000000e+00
1.000000000028874249e-09
-1.000000000028874249e-09
0.000000000000000000e+00
1.000000000028874249e-09
0.000000000000000000e+00
0.000000000000000000e+00
0.000000000000000000e+00
9.999999997510474424e-10
0.000000000000000000e+00
2.778268066994105112e-19
0.000000000000000000e+00
1.000000000028450733e-09
0.000000000000000000e+00
-1.000000000028450733e-09
9.999999997510474424e-10
0.000000000000000000e+00
2.778268066994105112e-19
1.000000000028450733e-09
-1.000000000028450733e-09
1.000000000028450733e-09
-2.778268066994105112e-19
0.000000000000000000e+00
1.000000000306277539e-09
-1.000000000028450733e-09
1.000000000028450733e-09
-2.778268066994105112e-19
0.000000000000000000e+00
1.000000000028450733e-09
2.778268066994105112e-19
0.000000000000000000e+00
-1.389134033497052556e-19
0.000000000000000000e+00
-1.389134033497052556e-19
1.000000000167364136e-09
-1.000000000028450733e-09
9.999999998899608458e-10
1.389134033497052556e-19
1.000000000028450733e-09
-1.389134033497052556e-19
1.000000000028450733e-09
-9.999999998899608458e-10
-1.389134033497052556e-19
0.000000000000000000e+00
1.000000000167364136e-09
-1.389134033497052556e-19
1.000000000028874249e-09
0.000000000000000000e+00
0.000000000000000000e+00
0.000000000000000000e+00
0.000000000000000000e+00
0.000000000000000000e+00
0.000000000000000000e+00
1.000000000028874249e-09
-1.389134033497052556e-19
1.389134033497052556e-19
0.000000000000000000e+00
0.000000000000000000e+00
1.000000000028874249e-09
-1.000000000028874249e-09
0.000000000000000000e+00
0.000000000000000000e+00
9.999999998899608458e-10
0.000000000000000000e+00
0.000000000000000000e+00
0.000000000000000000e+00
0.000000000000000000e+00
0.000000000000000000e+00
0.000000000000000000e+00
-9.999999998899608458e-10
0.000000000000000000e+00
9.999999998899608458e-10
-1.000000000028874249e-09
1.000000000028874249e-09
0.000000000000000000e+00
-1.000000000028874249e-09
1.000000000028874249e-09
1.389134033497052556e-19
0.000000000000000000e+00
0.000000000000000000e+00
0.000000000000000000e+00
0.000000000000000000e+00
0.000000000000000000e+00
-1.389134033497052556e-19
0.000000000000000000e+00
0.000000000000000000e+00
1.389134033497052556e-19
1.000000000028874249e-09
0.000000000000000000e+00
9.999999998899608458e-10
0.000000000000000000e+00
-1.000000000028874249e-09
1.389134033497052556e-19
9.999999998899608458e-10
0.000000000000000000e+00
1.000000000028874249e-09
-1.000000000028874249e-09
1.000000000028874249e-09
0.000000000000000000e+00
0.000000000000000000e+00
9.999999998899608458e-10
1.389134033497052556e-19
0.000000000000000000e+00
1.000000000028874249e-09
-1.389134033497052556e-19
1.389134033497052556e-19
0.000000000000000000e+00
-1.389134033497052556e-19
7.000000000481217100e-10
3.000000001196659425e-10
3.999999999284557675e-10
1.999999998945594239e-10
2.000000000334728272e-10
2.999999999807525391e-10
3.000000001196659425e-10
2.999999999807525391e-10
2.999999999807525391e-10
2.000000000334728272e-10
2.999999999807525391e-10
2.999999999807525391e-10
2.000000000334728272e-10
2.999999999807525391e-10
2.000000000334728272e-10
2.999999999807525391e-10
2.000000000334728272e-10
2.999999999807525391e-10
1.999999998945594239e-10
2.000000000334728272e-10
2.999999999807525391e-10
2.000000000334728272e-10
2.000000000334728272e-10
2.999999999807525391e-10
2.000000000334728272e-10
1.999999998945594239e-10
2.000000001723862306e-10
1.999999998945594239e-10
2.999999999807525391e-10
2.000000000334728272e-10
2.000000000334728272e-10
2.999999998418391358e-10
2.000000000334728272e-10
3.000000001196659425e-10
2.000000000334728272e-10
2.999999999807525391e-10
2.999999999807525391e-10
1.999999998945594239e-10
2.000000001723862306e-10
2.999999998422626523e-10
3.000000001196659425e-10
2.000000000334728272e-10
3.999999999280322511e-10
2.999999999807525391e-10
2.000000000334728272e-10
2.999999999807525391e-10
2.999999999811760556e-10
2.999999999811760556e-10
2.999999999811760556e-10
2.000000000338963437e-10
3.999999999284557675e-10
3.000000001196659425e-10
2.999999999811760556e-10
2.000000000334728272e-10
3.999999999284557675e-10
1.999999998945594239e-10
3.000000001196659425e-10
1.999999998949829403e-10
3.000000001196659425e-10
2.999999999807525391e-10
2.999999999807525391e-10
2.000000000334728272e-10
2.000000000334728272e-10
2.999999999807525391e-10
2.999999999807525391e-10
1.999999998945594239e-10
2.000000001723862306e-10
1.999999998945594239e-10
2.000000000334728272e-10
2.000000000334728272e-10
2.000000000334728272e-10
1.999999998945594239e-10
2.999999999807525391e-10
1.000000000861931153e-10
2.999999999807525391e-10
1.999999998945594239e-10
2.000000000334728272e-10
1.000000000861931153e-10
2.000000000334728272e-10
1.999999998949829403e-10
2.000000000334728272e-10
9.999999994727971193e-11
2.000000000334728272e-10
1.999999998949829403e-10
2.000000001723862306e-10
1.999999998945594239e-10
2.000000001723862306e-10
9.999999980878982505e-11
2.000000001723862306e-10
1.999999998945594239e-10
9.999999994770322840e-11
2.000000000334728272e-10
1.000000000861931153e-10
9.999999994727971193e-11
1.000000000861931153e-10
9.999999980878982505e-11
1.000000000861931153e-10
1.000000000857695988e-10
9.999999994727971193e-11
0.000000000000000000e+00
1.000000000857695988e-10
9.999999994727971193e-11
0.000000000000000000e+00
0.000000000000000000e+00
9.999999994727971193e-11
0.000000000000000000e+00
-9.999999994727971193e-11
9.999999994727971193e-11
0.000000000000000000e+00
0.000000000000000000e+00
1.384898868760781054e-19
0.000000000000000000e+00
-1.384898868760781054e-19
0.000000000000000000e+00
0.000000000000000000e+00
0.000000000000000000e+00
-1.000000000167364136e-10
0.000000000000000000e+00
0.000000000000000000e+00
0.000000000000000000e+00
1.000000000167364136e-10
0.000000000000000000e+00
1.000000000167364136e-10
0.000000000000000000e+00
0.000000000000000000e+00
1.999999999640161255e-10
1.000000000861931153e-10
9.999999994727971193e-11
2.000000000334728272e-10
9.999999994727971193e-11
1.000000000167364136e-10
2.999999999807525391e-10
3.000000000502092408e-10
1.999999999640161255e-10
1.999999999640161255e-10
3.000000000502092408e-10
2.999999999807525391e-10
4.000000000669456544e-10
1.999999998945594239e-10
3.999999999979124692e-10
4.000000000669456544e-10
2.999999999811760556e-10
5.000000000146488828e-10
3.999999999979124692e-10
3.999999999979124692e-10
4.999999999451921811e-10
5.000000000142253663e-10
3.999999999974889527e-10
5.000000000142253663e-10
6.000000000309617799e-10
3.999999999974889527e-10
4.999999999447686647e-10
5.000000000142253663e-10
4.000000000669456544e-10
5.999999999615050783e-10
5.000000000142253663e-10
5.000000000142253663e-10
3.999999999974889527e-10
5.000000000142253663e-10
3.999999999974889527e-10
5.000000000142253663e-10
3.999999999974889527e-10
3.999999999974889527e-10
4.999999999447686647e-10
3.999999999974889527e-10
3.999999999974889527e-10
2.999999999807525391e-10
3.000000000502092408e-10
3.999999999280322511e-10
3.000000000502092408e-10
2.999999999807525391e-10
3.000000000502092408e-10
2.999999999807525391e-10
2.000000000334728272e-10
1.999999999640161255e-10
1.999999999644396420e-10
2.000000000338963437e-10
1.000000000171599301e-10
9.999999994727971193e-11
1.000000000167364136e-10
1.000000000167364136e-10
0.000000000000000000e+00
0.000000000000000000e+00
0.000000000000000000e+00
1.000000000167364136e-10
-1.000000000167364136e-10
0.000000000000000000e+00
-1.000000000167364136e-10
-9.999999994727971193e-11
-2.000000000334728272e-10
-1.000000000167364136e-10
-9.999999994727971193e-11
-2.000000000334728272e-10
-1.000000000167364136e-10
-2.000000000334728272e-10
-1.999999999644396420e-10
-1.999999999640161255e-10
-2.000000000334728272e-10
-2.999999999811760556e-10
-1.000000000167364136e-10
-2.999999999811760556e-10
-2.000000000338963437e-10
-1.999999999644396420e-10
-3.000000000506327573e-10
-9.999999994770322840e-11
-2.000000000338963437e-10
-2.000000000334728272e-10
-1.999999999644396420e-10
-1.000000000167364136e-10
-2.999999999807525391e-10
-1.000000000167364136e-10
-1.999999999644396420e-10
-9.999999998200806276e-11
-1.000000000167364136e-10
-1.999999999987444764e-10
-1.000000000167364136e-10
-9.999999998200806276e-11
-1.000000000167364136e-10
-1.000000000167364136e-10
0.000000000000000000e+00
3.472835083742631390e-20
0.000000000000000000e+00
-1.000000000167364136e-10
0.000000000000000000e+00
-9.999999998200806276e-11
0.000000000000000000e+00
9.999999998200806276e-11
3.472835083742631390e-20
-3.472835083742631390e-20
0.000000000000000000e+00
1.000000000167364136e-10
9.999999998200806276e-11
1.000000000171599301e-10
-3.430483436379916373e-20
1.000000000167364136e-10
9.999999998200806276e-11
1.000000000167364136e-10
2.000000000334728272e-10
9.999999998200806276e-11
1.999999999644396420e-10
1.000000000514647644e-10
2.999999999811760556e-10
9.999999998200806276e-11
3.000000000154808900e-10
1.999999999987444764e-10
1.999999999987444764e-10
3.000000000154808900e-10
2.999999999811760556e-10
4.000000000326408200e-10
1.999999999644396420e-10
3.999999999979124692e-10
3.000000000159044064e-10
4.999999999799205320e-10
3.999999999979124692e-10
5.000000000146488828e-10
3.000000000159044064e-10
4.999999999799205320e-10
5.000000000146488828e-10
3.999999999979124692e-10
5.999999999966569456e-10
4.999999999972847074e-10
5.999999999962334291e-10
6.000000000135976045e-10
5.999999999788692537e-10
6.000000000135976045e-10
4.999999999794970155e-10
6.000000000135976045e-10
7.000000000129698427e-10
6.999999999782414919e-10
6.000000000135976045e-10
6.999999999956056673e-10
6.000000000135976045e-10
5.999999999788692537e-10
7.000000000129698427e-10
6.999999999956056673e-10
7.000000000129698427e-10
6.999999999782414919e-10
6.299999999983320895e-10
6.500000000221775695e-10
6.299999999805443976e-10
6.100000000083679273e-10
6.200000000031382502e-10
6.200000000031382502e-10
5.799999999982224539e-10
5.699999999949818016e-10
5.599999999997879623e-10
5.299999999985363348e-10
4.900000000025143845e-10
4.699999999956095634e-10
4.400000000028282655e-10
3.799999999994779776e-10
3.499999999978028336e-10
3.400000000030325108e-10
2.800000000001057394e-10
2.499999999988541119e-10
2.000000000034031576e-10
1.499999999948231925e-10
1.000000000040309194e-10
6.000000000335028788e-11
9.999999994770322840e-12
-4.999999999545095435e-11
-1.000000000019133370e-10
-1.400000000021704521e-10
-1.999999999987444764e-10
-2.609999999997930273e-10
-3.020000000002895043e-10
-3.500000000007674490e-10
-4.019199999997950595e-10
-4.590800000000430452e-10
-5.160000000011144984e-10
-5.619999999998431697e-10
-6.080000000015364564e-10
-6.499999999980371305e-10
-7.100000000035050008e-10
-7.599999999989559551e-10
-7.899999999959724179e-10
-8.399999999998937017e-10
-8.800000000005743332e-10
-9.200000000012549647e-10
-9.599999999977004315e-10
-9.800000000046052526e-10
-1.029999999995821042e-09
-1.050000000002302347e-09
-1.079999999995083645e-09
-1.130000000003663610e-09
-1.130000000003663610e-09
-1.150000000001674585e-09
-1.179999999994455883e-09
-1.189999999998120052e-09
-1.210000000004601356e-09
-1.219999999999795196e-09
-1.239999999997806171e-09
-1.230000000003459365e-09
-1.250000000001046823e-09
-1.229999999994142002e-09
-1.230000000011506178e-09
-1.239999999988912325e-09
-1.229999999994565519e-09
-1.159999999996444908e-09
-1.200000000010254550e-09
-1.199999999992890375e-09
-1.200000000010254550e-09
-1.099999999993518136e-09
-1.099999999993518136e-09
-9.999999999941458983e-10
-1.100000000010882312e-09
-1.000000000011510074e-09
-9.999999999941458983e-10
-9.000000000121378355e-10
-9.999999999767817229e-10
-8.000000000127655973e-10
-7.999999999954014219e-10
-8.000000000127655973e-10
-6.999999999786650083e-10
-6.000000000140211210e-10
-5.999999999966569456e-10
-5.999999999792927701e-10
-5.000000000146488828e-10
-5.999999999966569456e-10
-3.999999999979124692e-10
-3.000000000159044064e-10
-3.999999999979124692e-10
-1.999999999991679928e-10
-1.999999999991679928e-10
-1.999999999991679928e-10
-1.999999999991679928e-10
-1.000000000167364136e-10
0.000000000000000000e+00
3.430483436379916373e-20
9.999999998243157924e-11
1.999999999991679928e-10
9.999999998243157924e-11
3.000000000159044064e-10
3.000000000159044064e-10
2.999999999811760556e-10
1.999999999991679928e-10
3.999999999979124692e-10
4.000000000326408200e-10
5.999999999619285947e-10
5.000000000146488828e-10
5.000000000146488828e-10
5.000000000146488828e-10
5.999999999619285947e-10
7.000000000133933592e-10
5.999999999966569456e-10
7.000000000133933592e-10
7.999999999954014219e-10
7.000000000133933592e-10
8.999999999774094847e-10
7.000000000129698427e-10
9.000000000121378355e-10
7.999999999954014219e-10
9.999999999941458983e-10
7.999999999954014219e-10
9.999999999941458983e-10
7.999999999949779055e-10
9.999999999941458983e-10
1.100000000010458795e-09
9.000000000117143191e-10
1.099999999976153961e-09
1.000000000028450733e-09
1.100000000010458795e-09
9.999999999589940310e-10
1.100000000010458795e-09
1.100000000010458795e-09
1.099999999975730445e-09
1.200000000061923560e-09
1.099999999906697259e-09
1.200000000061923560e-09
1.099999999975730445e-09
1.099999999975730445e-09
1.200000000061923560e-09
1.199999999992890375e-09
1.099999999975730445e-09
1.199999999992890375e-09
1.100000000045187146e-09
1.199999999992890375e-09
1.099999999976153961e-09
1.199999999992890375e-09
1.099999999976153961e-09
1.199999999992890375e-09
1.000000000028874249e-09
1.199999999992890375e-09
1.099999999976153961e-09
1.099999999976153961e-09
1.100000000045610663e-09
1.099999999976153961e-09
1.100000000045610663e-09
1.100000000045610663e-09
1.199999999923433673e-09
1.000000000028874249e-09
1.199999999992890375e-09
1.099999999976153961e-09
1.199999999992890375e-09
1.000000000028450733e-09
1.200000000062347076e-09
1.099999999906697259e-09
1.100000000045610663e-09
1.199999999923433673e-09
1.100000000115067364e-09
1.299999999940170087e-09
1.199999999992890375e-09
1.100000000045610663e-09
1.300000000009626788e-09
1.099999999976153961e-09
1.199999999923433673e-09
1.300000000079083490e-09
1.099999999975730445e-09
1.300000000009626788e-09
1.099999999976153961e-09
1.199999999992890375e-09
1.200000000062347076e-09
1.099999999976153961e-09
1.099999999976153961e-09
1.199999999992890375e-09
1.100000000045610663e-09
1.199999999992890375e-09
1.099999999976153961e-09
1.099999999976153961e-09
1.100000000045610663e-09
1.099999999976153961e-09
1.000000000028450733e-09
1.099999999975730445e-09
1.100000000045187146e-09
1.099999999975730445e-09
9.999999999594175475e-10
9.999999999589940310e-10
1.000000000028874249e-09
1.200000000062347076e-09
9.999999999594175475e-10
1.000000000028874249e-09
1.000000000028874249e-09
9.999999999594175475e-10
1.000000000028874249e-09
1.099999999976153961e-09
9.000000000121378355e-10
9.999999999594175475e-10
1.100000000045610663e-09
9.999999999594175475e-10
9.000000000117143191e-10
1.099999999976153961e-09
9.000000000117143191e-10
1.000000000028450733e-09
8.999999999422576174e-10
1.000000000097907434e-09
9.999999998899608458e-10
1.000000000028874249e-09
9.000000000121378355e-10
8.000000000648581236e-10
8.999999999426811339e-10
7.999999999954014219e-10
8.000000000648581236e-10
7.999999999259447203e-10
6.999999999782414919e-10
6.000000000309617799e-10
6.000000000309617799e-10
6.999999999782414919e-10
5.000000000142253663e-10
4.999999999451921811e-10
4.000000000673691709e-10
2.999999999811760556e-10
2.000000000334728272e-10
9.999999994727971193e-11
9.999999994727971193e-11
9.999999994727971193e-11
-9.999999980878982505e-11
-2.000000001719627141e-10
-2.999999998422626523e-10
-3.999999999280322511e-10
-5.000000001531387697e-10
-5.999999999615050783e-10
-7.000000000481217100e-10
-8.999999999426811339e-10
-9.000000000815945372e-10
-1.099999999837240558e-09
-1.300000000148540192e-09
-1.200000000061923560e-09
-1.599999999851889441e-09
-1.599999999990379327e-09
-1.800000000023852155e-09
-1.900000000110045270e-09
-2.199999999952307922e-09
-2.199999999952307922e-09
-2.400000000124694153e-09
-2.599999999880340173e-09
-2.800000000052726404e-09
-2.900000000000006116e-09
-3.099999999894989056e-09
-3.300000000067375287e-09
-3.499999999961511194e-09
-3.600000000047704309e-09
-3.699999999995407538e-09
-4.100000000062353192e-09
-4.199999999870719501e-09
-4.400000000043105731e-09
-4.599999999937665155e-09
-4.700000000023858270e-09
-5.000000000143947729e-09
-5.199999999899593750e-09
-5.200000000038507153e-09
-5.599999999966539404e-09
-5.800000000000435748e-09
-5.900000000086205347e-09
-6.099999999842274884e-09
-6.300000000014661114e-09
-6.500000000048133941e-09
-6.699999999942693365e-09
-6.900000000115079596e-09
-7.099999999871149133e-09
-7.300000000043111847e-09
-7.399999999990815075e-09
-7.600000000024287902e-09
-7.800000000057760730e-09
-7.999999999952320153e-09
-8.199999999985792981e-09
-8.300000000071986096e-09
-8.599999999914248748e-09
-8.700000000138931750e-09
-8.799999999808808172e-09
-9.000000000120107806e-09
-9.200000000014667230e-09
-9.400000000048140057e-09
-9.399999999909226654e-09
-9.700000000028892596e-09
-9.700000000028892596e-09
-1.000000000001006865e-08
-1.000000000001006865e-08
-1.019999999990462808e-08
-1.029999999999082119e-08
-1.039999999993810090e-08
-1.060000000011048713e-08
-1.070000000005776685e-08
-1.079999999986613315e-08
-1.090000000009123967e-08
-1.100000000003851938e-08
-1.109999999984730921e-08
-1.120000000007199221e-08
-1.130000000001927192e-08
-1.139999999996697515e-08
-1.139999999996697515e-08
-1.150000000005316827e-08
-1.169999999994815121e-08
-1.160000000000087150e-08
-1.180000000003392081e-08
-1.180000000003392081e-08
-1.189999999998120052e-08
-1.189999999998162403e-08
-1.210000000001509686e-08
-1.199999999992890375e-08
-1.200000000006739363e-08
-1.229999999990965629e-08
-1.210000000001509686e-08
-1.230000000018705958e-08
-1.219999999982346317e-08
-1.220000000010086646e-08
-1.229999999990923277e-08
-1.230000000004814617e-08
-1.220000000010086646e-08
-1.219999999996195306e-08
-1.199999999992848023e-08
-1.210000000001509686e-08
-1.170000000008664109e-08
-1.160000000000044798e-08
-1.119999999993350232e-08
-1.109999999998622261e-08
-1.049999999988538061e-08
-1.010000000023517517e-08
-9.499999999856506365e-09
-8.700000000000441863e-09
-8.100000000038936785e-09
-7.300000000043111847e-09
-6.299999999875747711e-09
-5.099999999952314038e-09
-4.100000000201266595e-09
-2.599999999880340173e-09
-1.200000000062347076e-09
1.000000000028874249e-09
1.000000000028874249e-09
3.999999999976160077e-09
5.000000000005034326e-09
6.000000000033908575e-09
1.000000000001006865e-08
1.000000000001006865e-08
1.299999999981844108e-08
1.500000000001510298e-08
1.600000000004355371e-08
1.799999999996238881e-08
2.000000000002013730e-08
2.200000000007746229e-08
2.299999999996742313e-08
2.500000000016366152e-08
2.499999999988583471e-08
2.599999999991470896e-08
2.700000000008249661e-08
2.800000000011137086e-08
2.799999999983354405e-08
2.900000000000090819e-08
2.799999999997245746e-08
2.800000000011094734e-08
2.699999999994400672e-08
2.700000000008249661e-08
2.599999999991513247e-08
2.500000000002474811e-08
2.299999999996742313e-08
2.299999999996742313e-08
2.100000000004858804e-08
1.800000000010130221e-08
1.699999999993393807e-08
1.600000000004355371e-08
1.399999999984731532e-08
1.100000000003894290e-08
1.000000000001006865e-08
7.999999999952320153e-09
6.000000000033908575e-09
4.000000000115073480e-09
1.999999999918835095e-09
1.999999999918835095e-09
-1.999999999918835095e-09
-1.999999999918411578e-09
-3.999999999976160077e-09
-5.000000000005034326e-09
-5.000000000143947729e-09
-7.999999999952320153e-09
-7.999999999952320153e-09
-8.999999999981194403e-09
-8.999999999981194403e-09
-1.100000000003894290e-08
-1.000000000014898205e-08
-1.099999999990002950e-08
-1.300000000009626788e-08
-1.099999999990002950e-08
-1.200000000006739363e-08
-1.299999999995735448e-08
-1.299999999995777800e-08
-1.200000000006739363e-08
-1.199999999992890375e-08
-1.399999999998622873e-08
-1.199999999992890375e-08
-1.400000000012514213e-08
-1.199999999992890375e-08
-1.299999999995777800e-08
-1.300000000009626788e-08
-1.299999999995777800e-08
-1.199999999992890375e-08
-1.300000000009626788e-08
-1.199999999992890375e-08
-1.300000000009626788e-08
-1.200000000006781715e-08
-1.299999999981886459e-08
-1.200000000020630704e-08
-1.299999999981886459e-08
-1.200000000006781715e-08
-1.199999999992848023e-08
-1.200000000006739363e-08
-1.199999999978999034e-08
-1.300000000037367117e-08
-1.099999999976111609e-08
-1.200000000006781715e-08
-1.199999999978999034e-08
-1.100000000031634619e-08
-1.200000000006781715e-08
-1.099999999976111609e-08
-1.100000000003894290e-08
-1.100000000003851938e-08
-1.100000000003894290e-08
-1.099999999976111609e-08
-1.100000000031634619e-08
-1.100000000003894290e-08
-1.099999999976111609e-08
-1.000000000028747194e-08
-9.999999999732241845e-09
-1.100000000003894290e-08
-9.000000000258597693e-09
-9.999999999732665361e-09
-1.000000000001006865e-08
-8.999999999981194403e-09
-8.999999999981194403e-09
-9.000000000258597693e-09
-8.999999999703791112e-09
-8.999999999981194403e-09
-9.000000000258597693e-09
-8.999999999703791112e-09
-9.000000000258597693e-09
-6.999999999923445904e-09
-8.999999999981194403e-09
-6.999999999923869421e-09
-7.999999999952320153e-09
-7.000000000201272711e-09
-6.999999999923445904e-09
-6.999999999923869421e-09
-6.999999999923445904e-09
-7.000000000201272711e-09
-5.999999999894995172e-09
-7.000000000201272711e-09
-4.999999999866120922e-09
-6.999999999923445904e-09
-5.000000000143947729e-09
-4.999999999866544439e-09
-5.000000000143947729e-09
-5.999999999894995172e-09
-5.000000000143947729e-09
-4.999999999866120922e-09
-3.999999999837670190e-09
-4.000000000115073480e-09
-4.000000000115073480e-09
-4.999999999866544439e-09
-4.000000000115073480e-09
-2.999999999808795941e-09
-4.000000000115073480e-09
-3.000000000086199231e-09
-3.999999999837670190e-09
-2.000000000057324982e-09
-3.000000000086199231e-09
-3.999999999837670190e-09
-2.000000000057324982e-09
-2.000000000057324982e-09
-2.000000000057324982e-09
-1.999999999779921692e-09
-3.000000000086199231e-09
-2.000000000334728272e-09
-1.999999999779921692e-09
-2.000000000057324982e-09
-1.000000000028450733e-09
-1.999999999779921692e-09
-1.000000000028450733e-09
-1.000000000028450733e-09
-2.000000000057324982e-09
-1.000000000028874249e-09
-1.000000000028450733e-09
-1.000000000028450733e-09
-9.999999997510474424e-10
-1.000000000028450733e-09
-2.774032902257833610e-19
-1.999999999779921692e-09
-1.000000000028450733e-09
0.000000000000000000e+00
-1.000000000028450733e-09
0.000000000000000000e+00
0.000000000000000000e+00
-1.000000000028450733e-09
0.000000000000000000e+00
0.000000000000000000e+00
0.000000000000000000e+00
0.000000000000000000e+00
-1.000000000028874249e-09
-1.000000000028450733e-09
0.000000000000000000e+00
2.774032902257833610e-19
9.999999997514709589e-10
0.000000000000000000e+00
-9.999999997514709589e-10
-2.774032902257833610e-19
0.000000000000000000e+00
2.774032902257833610e-19
-2.774032902257833610e-19
-1.000000000028874249e-09
1.000000000306277539e-09
-2.774032902257833610e-19
0.000000000000000000e+00
0.000000000000000000e+00
-9.999999997514709589e-10
9.999999997514709589e-10
0.000000000000000000e+00
2.774032902257833610e-19
-2.774032902257833610e-19
-1.000000000028874249e-09
1.000000000306277539e-09
0.000000000000000000e+00
