0.000000000000000000e+00
1.000000000306277539e-09
-1.000000000306277539e-09
0.000000000000000000e+00
2.774032902257833610e-19
0.000000000000000000e+00
-2.774032902257833610e-19
2.774032902257833610e-19
-1.000000000028874249e-09
-2.774032902257833610e-19
-9.999999997514709589e-10
1.000000000028874249e-09
-1.000000000306277539e-09
2.774032902257833610e-19
-1.000000000028874249e-09
-1.000000000306277539e-09
2.774032902257833610e-19
-1.000000000028874249e-09
-1.000000000028874249e-09
-1.000000000028874249e-09
-1.000000000028874249e-09
2.774032902257833610e-19
-1.000000000306277539e-09
-1.000000000028874249e-09
-9.999999997514709589e-10
-1.000000000028874249e-09
-2.000000000057748498e-09
-1.000000000028874249e-09
0.000000000000000000e+00
-9.999999997514709589e-10
-2.000000000335151788e-09
-1.000000000028874249e-09
2.774032902257833610e-19
-2.000000000057324982e-09
-2.774032902257833610e-19
-1.999999999779921692e-09
0.000000000000000000e+00
-2.000000000057324982e-09
0.000000000000000000e+00
-1.000000000028450733e-09
-2.000000000057324982e-09
-9.999999997510474424e-10
0.000000000000000000e+00
-1.000000000306277539e-09
0.000000000000000000e+00
-9.999999997510474424e-10
-1.000000000028450733e-09
0.000000000000000000e+00
-1.000000000028874249e-09
-1.000000000028874249e-09
-1.000000000028450733e-09
0.000000000000000000e+00
-1.000000000028874249e-09
2.778268066994105112e-19
-1.000000000028874249e-09
-2.778268066994105112e-19
-1.000000000028874249e-09
1.000000000028874249e-09
-1.000000000028874249e-09
0.000000000000000000e+00
-9.999999997510474424e-10
0.000000000000000000e+00
0.000000000000000000e+00
-1.000000000028874249e-09
0.000000000000000000e+00
-2.774032902257833610e-19
0.000000000000000000e+00
-1.000000000028874249e-09
0.000000000000000000e+00
0.000000000000000000e+00
0.000000000000000000e+00
-9.999999997514709589e-10
0.000000000000000000e+00
0.000000000000000000e+00
-1.000000000028874249e-09
-1.000000000028874249e-09
0.000000000000000000e+00
-1.000000000028874249e-09
0.000000000000000000e+00
-1.000000000028874249e-09
0.000000000000000000e+00
-1.000000000028874249e-09
-9.999999997510474424e-10
-1.000000000028874249e-09
0.000000000000000000e+00
-2.000000000057748498e-09
0.000000000000000000e+00
-2.000000000057748498e-09
-1.000000000028874249e-09
-1.000000000028874249e-09
-2.000000000057748498e-09
-1.000000000028874249e-09
-2.000000000057748498e-09
0.000000000000000000e+00
-2.000000000057748498e-09
-1.999999999779921692e-09
-1.000000000028874249e-09
-1.999999999780345208e-09
-1.000000000028874249e-09
-3.000000000086199231e-09
-1.000000000028874249e-09
-2.000000000057748498e-09
-9.999999997510474424e-10
-2.000000000057748498e-09
-3.000000000086199231e-09
-1.000000000028874249e-09
-1.000000000028874249e-09
-3.000000000086199231e-09
-9.999999997510474424e-10
-3.000000000086199231e-09
-1.000000000028874249e-09
-1.000000000028874249e-09
-2.000000000057324982e-09
-2.000000000057748498e-09
-9.999999997510474424e-10
-2.000000000057324982e-09
-1.000000000028874249e-09
-2.000000000057324982e-09
-1.000000000028874249e-09
-9.999999998899608458e-10
-2.000000000057324982e-09
-1.000000000028874249e-09
-9.999999998899608458e-10
-1.000000000167787652e-09
-1.000000000028874249e-09
-1.000000000028874249e-09
-9.999999998899608458e-10
-1.000000000028874249e-09
-1.000000000028874249e-09
-9.999999998899608458e-10
0.000000000000000000e+00
0.000000000000000000e+00
-1.000000000028874249e-09
-1.389134033497052556e-19
-9.999999998899608458e-10
0.000000000000000000e+00
0.000000000000000000e+00
-1.000000000028874249e-09
1.000000000028874249e-09
-1.000000000028874249e-09
1.000000000028874249e-09
-1.000000000028874249e-09
1.000000000028874249e-09
1.000000000028874249e-09
-1.000000000028874249e-09
1.000000000028874249e-09
0.000000000000000000e+00
9.999999998899608458e-10
1.000000000028874249e-09
0.000000000000000000e+00
1.000000000028874249e-09
1.000000000028874249e-09
9.999999998899608458e-10
1.000000000028874249e-09
1.389134033497052556e-19
1.000000000028874249e-09
1.999999999918835095e-09
9.999999998899608458e-10
2.000000000057748498e-09
1.000000000028874249e-09
1.000000000028874249e-09
1.999999999918835095e-09
1.000000000028874249e-09
1.000000000028874249e-09
2.000000000057748498e-09
1.999999999918835095e-09
1.000000000028874249e-09
2.000000000057748498e-09
1.999999999918835095e-09
2.000000000057748498e-09
1.999999999918835095e-09
1.000000000028874249e-09
2.000000000057748498e-09
2.000000000057748498e-09
1.999999999918835095e-09
1.999999999918835095e-09
1.000000000028874249e-09
2.000000000057748498e-09
1.999999999918835095e-09
1.000000000028874249e-09
2.000000000057748498e-09
1.000000000028874249e-09
1.999999999918835095e-09
1.000000000028874249e-09
2.000000000057748498e-09
1.999999999918835095e-09
0.000000000000000000e+00
1.000000000028874249e-09
2.000000000057748498e-09
9.999999998899608458e-10
1.389134033497052556e-19
0.000000000000000000e+00
9.999999998899608458e-10
5.000000000142253663e-10
3.000000001196659425e-10
1.999999998949829403e-10
0.000000000000000000e+00
-1.000000000861931153e-10
-2.999999999807525391e-10
-2.999999998418391358e-10
-5.000000001531387697e-10
-5.999999999619285947e-10
-7.999999999949779055e-10
-7.999999999954014219e-10
-9.000000000815945372e-10
-1.099999999976153961e-09
-1.199999999923433673e-09
-1.399999999956906500e-09
-1.399999999956906500e-09
-1.500000000043099615e-09
-1.600000000129292731e-09
-1.699999999938082556e-09
-1.800000000023852155e-09
-1.799999999885362268e-09
-2.000000000057748498e-09
-1.899999999971555383e-09
-2.100000000005028210e-09
-2.100000000005028210e-09
-2.200000000091221325e-09
-2.199999999952307922e-09
-2.300000000038501037e-09
-2.199999999952307922e-09
-2.399999999985780749e-09
-2.299999999899587634e-09
-2.300000000177414441e-09
-2.300000000038501037e-09
-2.299999999899587634e-09
-2.299999999899587634e-09
-2.300000000038501037e-09
-2.300000000038501037e-09
-2.200000000091221325e-09
-2.299999999899587634e-09
-2.100000000143518097e-09
-2.099999999866114807e-09
-2.100000000005028210e-09
-1.999999999918835095e-09
-1.900000000110468786e-09
-1.999999999918835095e-09
-1.800000000024275671e-09
-1.800000000023852155e-09
-1.599999999990379327e-09
-1.700000000076572443e-09
-1.500000000043099615e-09
-1.399999999956906500e-09
-1.299999999871136901e-09
-1.200000000062347076e-09
-1.300000000009626788e-09
-8.999999999426811339e-10
-1.000000000167364136e-09
-7.999999999949779055e-10
-7.999999999949779055e-10
-5.999999998230151914e-10
-5.000000001531387697e-10
-3.999999999280322511e-10
-3.000000001196659425e-10
-1.999999998945594239e-10
0.000000000000000000e+00
9.999999994727971193e-11
9.999999994727971193e-11
4.000000002058590578e-10
3.999999999280322511e-10
5.000000000142253663e-10
5.999999999615050783e-10
7.999999999949779055e-10
9.000000000811710207e-10
1.099999999976153961e-09
1.099999999976153961e-09
1.300000000009626788e-09
1.399999999956906500e-09
1.499999999904186212e-09
1.600000000129292731e-09
1.699999999937659039e-09
1.899999999971555383e-09
2.000000000057324982e-09
2.100000000004604694e-09
2.199999999952307922e-09
2.300000000038501037e-09
2.399999999985780749e-09
2.699999999966533288e-09
2.600000000157743463e-09
2.699999999828043402e-09
2.800000000052726404e-09
3.000000000086199231e-09
2.999999999808795941e-09
3.200000000119672058e-09
3.100000000033478943e-09
3.299999999928038367e-09
3.300000000066951770e-09
3.499999999961934710e-09
3.400000000014231482e-09
3.600000000047704309e-09
3.599999999909214422e-09
3.600000000047704309e-09
3.800000000081177136e-09
3.799999999942687249e-09
3.699999999995407538e-09
3.899999999889966961e-09
3.900000000028880365e-09
3.999999999976160077e-09
3.800000000081600653e-09
3.999999999976160077e-09
4.000000000114649964e-09
3.999999999976160077e-09
3.999999999976160077e-09
3.999999999976160077e-09
3.999999999837670190e-09
4.000000000114649964e-09
3.900000000028880365e-09
3.999999999976160077e-09
3.800000000012143951e-09
3.800000000012143951e-09
3.900000000028880365e-09
3.699999999925950836e-09
3.700000000064440723e-09
3.599999999978247607e-09
3.499999999961511194e-09
3.500000000030967896e-09
3.299999999997495068e-09
3.400000000014231482e-09
3.100000000033478943e-09
2.999999999947285828e-09
3.000000000016742529e-09
2.899999999930549414e-09
2.600000000019253577e-09
2.700000000035989990e-09
2.399999999985780749e-09
2.300000000038501037e-09
2.099999999935571509e-09
2.000000000057748498e-09
1.799999999954818969e-09
1.700000000076572443e-09
1.499999999904186212e-09
1.300000000009626788e-09
1.300000000009626788e-09
9.000000000815945372e-10
8.999999999426811339e-10
5.999999999619285947e-10
5.000000000841055845e-10
3.999999999284557675e-10
2.000000000334728272e-10
-1.000000000167364136e-10
-1.000000000167364136e-10
-2.999999999117193539e-10
-6.000000000313852964e-10
-6.000000000313852964e-10
-7.999999999954014219e-10
-9.999999999594175475e-10
-1.100000000045610663e-09
-1.199999999992890375e-09
-1.400000000026363202e-09
-1.499999999973642914e-09
-1.599999999990379327e-09
-1.800000000023852155e-09
-1.699999999938082556e-09
-2.000000000057748498e-09
-2.100000000005028210e-09
-1.999999999988291797e-09
-2.200000000021764624e-09
-2.200000000021764624e-09
-2.399999999985780749e-09
-2.399999999985780749e-09
-2.399999999985780749e-09
-2.500000000002517163e-09
-2.500000000002517163e-09
-2.499999999933060461e-09
-2.600000000019253577e-09
-2.600000000019253577e-09
-2.600000000019253577e-09
-2.700000000035989990e-09
-2.599999999949796875e-09
-2.799999999983269702e-09
-2.700000000035989990e-09
-2.700000000035989990e-09
-2.699999999966533288e-09
-2.799999999983269702e-09
-2.799999999983269702e-09
-2.799999999983269702e-09
-2.700000000035989990e-09
-2.900000000069462817e-09
-2.799999999913813000e-09
-2.799999999983269702e-09
-2.900000000000006116e-09
-2.900000000000006116e-09
-2.900000000069462817e-09
-2.999999999947709344e-09
-3.000000000017166046e-09
-3.000000000017166046e-09
-3.100000000033902459e-09
-3.099999999964445758e-09
-3.099999999964445758e-09
-3.299999999997918585e-09
-3.299999999997918585e-09
-3.299999999997918585e-09
-3.500000000031391412e-09
-3.500000000031391412e-09
-3.599999999978671124e-09
-3.699999999995407538e-09
-3.699999999995407538e-09
-3.900000000028880365e-09
-3.999999999976583593e-09
-4.099999999993320007e-09
-4.099999999993320007e-09
-4.300000000026792834e-09
-4.399999999974072546e-09
-4.600000000007545373e-09
-4.599999999972817022e-09
-4.800000000006289849e-09
-5.000000000005034326e-09
-5.000000000039762677e-09
-5.299999999985786865e-09
-5.299999999985786865e-09
-5.600000000001267755e-09
-5.600000000035996106e-09
-5.799999999965707397e-09
-5.999999999999180224e-09
-6.099999999981188287e-09
-6.300000000014661114e-09
-6.500000000013405590e-09
-6.599999999995413653e-09
-6.599999999995413653e-09
-6.899999999976166192e-09
-7.100000000044367370e-09
-7.199999999991647082e-09
-7.299999999973655145e-09
-7.400000000025119909e-09
-7.599999999989559551e-09
-7.900000000005040441e-09
-7.800000000023032379e-09
-7.999999999987472021e-09
-8.199999999986216497e-09
-8.199999999986216497e-09
-8.400000000019689324e-09
-8.500000000001273871e-09
-8.599999999983705450e-09
-8.700000000034746698e-09
-8.799999999982449926e-09
-8.799999999982449926e-09
-9.000000000016346270e-09
-9.099999999998354333e-09
-9.099999999998354333e-09
-9.200000000014667230e-09
-9.199999999979938879e-09
-9.400000000013411706e-09
-9.299999999996675292e-09
-9.499999999995419769e-09
-9.400000000013411706e-09
-9.499999999995419769e-09
-9.400000000013411706e-09
-9.699999999959435894e-09
-9.499999999995419769e-09
-9.700000000028892596e-09
-9.599999999977427832e-09
-9.600000000012156182e-09
-9.699999999994587762e-09
-9.700000000011951937e-09
-9.699999999994587762e-09
-9.700000000011951937e-09
-9.699999999977223586e-09
-9.800000000011324175e-09
-9.799999999993960000e-09
-9.699999999994587762e-09
-9.800000000011324175e-09
-9.900000000010696413e-09
-9.799999999993960000e-09
-9.899999999993332238e-09
-9.900000000010696413e-09
-9.899999999993332238e-09
-9.899999999993332238e-09
-9.999999999992704476e-09
-1.000000000001006865e-08
-9.980000000003163831e-09
-9.999999999992704476e-09
-9.980000000003163831e-09
-9.920000000000237059e-09
-9.820000000000864821e-09
-9.689999999999817439e-09
-9.529999999997094913e-09
-9.320000000003580114e-09
-9.030000000000233722e-09
-8.689999999997201211e-09
-8.259999999997613598e-09
-7.780000000007657228e-09
-7.190000000005770605e-09
-6.540000000000957211e-09
-5.759999999995519951e-09
-4.849999999997505639e-09
-3.880000000004611368e-09
-2.779999999993729056e-09
-1.570000000001833194e-09
-2.500000000026657602e-10
1.170000000004344241e-09
2.679999999999015499e-09
4.290000000001529325e-09
5.959999999998499593e-09
7.679999999999391144e-09
9.439999999999269261e-09
1.123000000000251659e-08
1.299699999999983507e-08
1.478999999999956532e-08
1.651699999999916779e-08
1.817427999999997128e-08
1.974972000000036222e-08
2.123599999999919833e-08
2.261500000000105318e-08
2.386099999999987200e-08
2.494000000000022200e-08
2.583999999999711324e-08
2.655999999999962373e-08
2.711000000000294731e-08
2.742000000000049302e-08
2.751999999999986526e-08
2.737999999999981239e-08
2.704000000000525021e-08
2.649999999999881454e-08
2.572999999999619442e-08
2.476999999999891750e-08
2.364000000000372422e-08
2.234999999999733809e-08
2.094999999999680939e-08
1.941000000000088651e-08
1.776000000000235073e-08
1.603999999999680050e-08
1.425000000000244702e-08
1.244000000000076520e-08
1.056999999999615661e-08
8.720000000006923168e-09
6.869999999992278740e-09
5.079999999997501743e-09
3.329999999999593729e-09
1.649999999998959292e-09
5.000000000857996504e-11
-1.389999999996864528e-09
-2.900000000000006116e-09
-4.100000000010260666e-09
-5.400000000002523279e-09
-6.299999999997296939e-09
-7.299999999991442837e-09
-8.099999999986844259e-09
-8.900000000016550515e-09
-9.499999999995843285e-09
-1.000000000001006865e-08
-1.050000000000692984e-08
-1.089999999997011396e-08
-1.110000000002095096e-08
-1.150000000000107574e-08
-1.160000000000044798e-08
-1.169999999998245604e-08
-1.179999999999961597e-08
-1.179999999999961597e-08
-1.189999999999898821e-08
-1.190000000001635239e-08
-1.189999999998162403e-08
-1.179999999999961597e-08
-1.170000000001760791e-08
-1.169999999998287956e-08
-1.160000000000087150e-08
-1.150000000001843992e-08
-1.150000000001843992e-08
-1.139999999996697515e-08
-1.120000000000253551e-08
-1.120000000000295903e-08
-1.109999999998622261e-08
-1.100000000000379103e-08
-1.090000000002178297e-08
-1.080000000000504656e-08
-1.069999999998831014e-08
-1.049999999998956567e-08
-1.050000000002429402e-08
-1.039999999997282925e-08
-1.020000000000881313e-08
-1.009999999999207671e-08
-9.900000000028060589e-09
-9.899999999993332238e-09
-9.699999999994164245e-09
-9.599999999977427832e-09
-9.400000000013411706e-09
-9.199999999979938879e-09
-9.200000000014667230e-09
-8.899999999999186340e-09
-8.800000000017178277e-09
-8.700000000000441863e-09
-8.399999999984960973e-09
-8.300000000002952911e-09
-8.100000000003784918e-09
-7.999999999987048504e-09
-7.800000000023032379e-09
-7.699999999971567614e-09
-7.399999999990815075e-09
-7.300000000008807012e-09
-7.100000000010062536e-09
-6.800000000029309997e-09
-6.799999999994581646e-09
-6.500000000013405590e-09
-6.399999999961940826e-09
-6.199999999997924700e-09
-5.999999999999180224e-09
-5.800000000000435748e-09
-5.600000000001691271e-09
-5.500000000019683209e-09
-5.199999999969473968e-09
-5.100000000021770739e-09
-4.899999999988297912e-09
-4.800000000041018200e-09
-4.600000000007545373e-09
-4.299999999957336132e-09
-4.200000000010056420e-09
-3.999999999976583593e-09
-3.899999999959847180e-09
-3.700000000064864239e-09
-3.599999999978671124e-09
-3.299999999997918585e-09
-3.299999999997918585e-09
-3.100000000033902459e-09
-2.800000000052726404e-09
-2.899999999930972930e-09
-2.500000000002517163e-09
-2.600000000019253577e-09
-2.399999999985780749e-09
-2.299999999969044336e-09
-2.000000000057324982e-09
-1.999999999987868280e-09
-1.999999999987868280e-09
-1.700000000007115741e-09
-1.700000000007115741e-09
-1.599999999990379327e-09
-1.499999999973642914e-09
-1.300000000079083490e-09
-1.399999999957330017e-09
-1.199999999923433673e-09
-1.200000000062347076e-09
-1.199999999992890375e-09
-1.000000000028874249e-09
-1.099999999976153961e-09
-8.999999999426811339e-10
-1.000000000098330951e-09
-9.999999999594175475e-10
-8.999999999426811339e-10
-9.000000000811710207e-10
-1.000000000028450733e-09
-8.999999999422576174e-10
-1.000000000028874249e-09
-8.999999999426811339e-10
-1.100000000045610663e-09
-9.999999999594175475e-10
-1.099999999976153961e-09
-1.100000000045610663e-09
-1.200000000062347076e-09
-1.199999999923433673e-09
-1.300000000009626788e-09
-1.300000000009626788e-09
-1.399999999956906500e-09
-1.400000000026363202e-09
-1.599999999990379327e-09
-1.500000000043099615e-09
-1.599999999921346142e-09
-1.700000000007539257e-09
-1.600000000060259546e-09
-1.800000000024275671e-09
-1.799999999954818969e-09
-1.800000000024275671e-09
-1.900000000041012085e-09
-1.799999999954818969e-09
-1.899999999971555383e-09
-1.999999999988291797e-09
-1.900000000041012085e-09
-1.899999999971555383e-09
-1.999999999988291797e-09
-1.800000000024275671e-09
-1.999999999988291797e-09
-1.900000000041012085e-09
-1.799999999954818969e-09
-1.800000000093732373e-09
-1.799999999954818969e-09
-1.599999999990802844e-09
-1.600000000060259546e-09
-1.599999999921346142e-09
-1.500000000043523132e-09
-1.299999999940170087e-09
-1.300000000079083490e-09
-1.099999999975730445e-09
-1.099999999975730445e-09
-9.999999999589940310e-10
-9.000000000117143191e-10
-6.000000000309617799e-10
-6.999999999782414919e-10
-3.999999999974889527e-10
-3.000000000502092408e-10
-2.999999999807525391e-10
0.000000000000000000e+00
1.999999999640161255e-10
2.000000001029295289e-10
3.999999999284557675e-10
5.000000000146488828e-10
7.000000001175784117e-10
7.999999999954014219e-10
8.999999998037677305e-10
1.099999999976153961e-09
1.300000000009626788e-09
1.400000000095819904e-09
1.499999999904609729e-09
1.700000000076572443e-09
1.700000000076995959e-09
1.800000000024275671e-09
1.999999999918835095e-09
2.199999999952307922e-09
2.100000000005028210e-09
2.300000000038077521e-09
2.399999999985780749e-09
2.300000000038077521e-09
2.600000000019253577e-09
2.500000000071550348e-09
2.699999999966533288e-09
2.699999999966533288e-09
2.699999999966533288e-09
2.699999999966533288e-09
2.800000000052726404e-09
2.699999999966533288e-09
2.800000000052726404e-09
2.699999999966533288e-09
2.900000000000429632e-09
2.699999999966533288e-09
2.600000000019253577e-09
2.699999999966956805e-09
2.700000000105446692e-09
2.600000000019253577e-09
2.399999999846867346e-09
2.500000000071973865e-09
2.399999999985780749e-09
2.200000000091221325e-09
2.199999999952307922e-09
2.199999999952307922e-09
1.899999999971555383e-09
2.000000000057324982e-09
1.800000000024275671e-09
1.699999999937659039e-09
1.599999999990379327e-09
1.600000000129292731e-09
1.399999999956906500e-09
1.200000000062347076e-09
1.199999999923433673e-09
1.099999999976153961e-09
9.000000000815945372e-10
7.999999999954014219e-10
8.999999999426811339e-10
7.000000000481217100e-10
5.999999998230151914e-10
5.000000000146488828e-10
4.000000002058590578e-10
3.999999997895423642e-10
2.000000001723862306e-10
2.999999998422626523e-10
1.000000000861931153e-10
2.000000000334728272e-10
9.999999994727971193e-11
0.000000000000000000e+00
9.999999994770322840e-11
0.000000000000000000e+00
-9.999999994727971193e-11
0.000000000000000000e+00
0.000000000000000000e+00
0.000000000000000000e+00
0.000000000000000000e+00
1.000000000861931153e-10
-1.389134033497052556e-19
1.000000000861931153e-10
9.999999994770322840e-11
1.999999998949829403e-10
3.000000001196659425e-10
4.000000000673691709e-10
3.999999999284557675e-10
3.999999999284557675e-10
6.000000001004184816e-10
5.999999999619285947e-10
7.000000000476981935e-10
7.999999999949779055e-10
9.000000000811710207e-10
9.999999998899608458e-10
1.100000000114643848e-09
1.199999999923857189e-09
1.299999999870713385e-09
1.300000000148540192e-09
1.499999999904186212e-09
1.700000000076572443e-09
1.599999999990379327e-09
1.800000000023852155e-09
1.899999999971131867e-09
2.100000000005028210e-09
2.100000000005028210e-09
2.200000000091221325e-09
2.299999999899587634e-09
2.399999999985780749e-09
2.499999999933483978e-09
2.600000000019253577e-09
2.600000000019253577e-09
2.699999999966956805e-09
2.800000000052726404e-09
2.999999999947285828e-09
2.800000000052726404e-09
3.100000000033478943e-09
3.099999999894989056e-09
3.100000000033902459e-09
3.300000000067375287e-09
3.199999999980758655e-09
3.299999999928461883e-09
3.300000000066951770e-09
3.400000000014231482e-09
3.400000000014231482e-09
3.499999999961934710e-09
3.699999999995407538e-09
3.999999999976583593e-09
2.000000000057748498e-09
3.999999999976160077e-09
2.999999999947709344e-09
4.000000000115073480e-09
3.999999999976583593e-09
3.000000000086199231e-09
2.999999999808795941e-09
3.999999999976160077e-09
3.000000000086199231e-09
2.999999999947285828e-09
3.999999999976160077e-09
3.000000000086199231e-09
2.999999999947285828e-09
4.000000000115073480e-09
2.999999999947285828e-09
1.999999999918411578e-09
3.000000000086199231e-09
3.000000000086199231e-09
2.999999999947285828e-09
2.999999999947285828e-09
2.999999999947285828e-09
2.000000000057324982e-09
1.999999999918835095e-09
3.000000000086199231e-09
1.999999999918835095e-09
2.000000000196238385e-09
1.999999999918835095e-09
1.999999999918835095e-09
2.000000000057324982e-09
1.000000000028874249e-09
9.999999998899608458e-10
2.000000000057324982e-09
9.999999998899608458e-10
1.000000000167787652e-09
1.000000000028874249e-09
9.999999998899608458e-10
0.000000000000000000e+00
0.000000000000000000e+00
1.389134033497052556e-19
-1.389134033497052556e-19
0.000000000000000000e+00
0.000000000000000000e+00
-9.999999998899608458e-10
-1.000000000028874249e-09
-1.000000000028874249e-09
-1.000000000028874249e-09
-1.000000000028874249e-09
-1.999999999918835095e-09
-2.000000000057324982e-09
-1.999999999918835095e-09
-2.000000000196238385e-09
-1.999999999918835095e-09
-2.999999999947709344e-09
-2.000000000057324982e-09
-2.999999999947285828e-09
-2.000000000057324982e-09
-3.999999999976160077e-09
-2.999999999947285828e-09
-2.999999999947285828e-09
-4.000000000115073480e-09
-2.999999999947285828e-09
-3.999999999976160077e-09
-2.999999999947285828e-09
-5.000000000005034326e-09
-3.000000000086199231e-09
-5.000000000005034326e-09
-3.999999999976160077e-09
-5.000000000005034326e-09
-3.999999999976160077e-09
-5.000000000005034326e-09
-4.000000000115073480e-09
-4.999999999866120922e-09
-4.000000000115073480e-09
-4.999999999866120922e-09
-4.000000000115073480e-09
-4.999999999727207519e-09
-5.000000000143524213e-09
-3.999999999837246673e-09
-6.000000000172398462e-09
-3.999999999837246673e-09
-5.000000000143947729e-09
-5.999999999894995172e-09
-4.000000000115073480e-09
-5.000000000143947729e-09
-3.999999999837246673e-09
-5.000000000143947729e-09
-4.999999999866120922e-09
-4.000000000115073480e-09
-4.999999999866120922e-09
-5.000000000143947729e-09
-4.000000000115073480e-09
-4.999999999866120922e-09
-4.000000000115073480e-09
-4.999999999866120922e-09
-4.000000000115073480e-09
-4.000000000115073480e-09
-3.999999999837670190e-09
-4.000000000115073480e-09
-3.999999999560266900e-09
-3.000000000364026038e-09
-3.999999999837670190e-09
-3.999999999837670190e-09
-3.000000000086199231e-09
-4.000000000115073480e-09
-2.999999999808795941e-09
-4.000000000115073480e-09
-2.000000000057324982e-09
-4.000000000115073480e-09
-1.999999999779921692e-09
-3.000000000086199231e-09
-3.000000000086199231e-09
-2.000000000057324982e-09
-1.999999999779921692e-09
-3.000000000086199231e-09
-2.000000000057324982e-09
-1.000000000028874249e-09
-2.000000000057324982e-09
-9.999999997510474424e-10
-3.000000000086199231e-09
-1.000000000028874249e-09
-1.000000000028874249e-09
-1.000000000028874249e-09
-1.000000000028874249e-09
-1.000000000028874249e-09
-9.999999997510474424e-10
-1.000000000028874249e-09
-1.000000000028874249e-09
0.000000000000000000e+00
-1.000000000028874249e-09
0.000000000000000000e+00
0.000000000000000000e+00
0.000000000000000000e+00
-1.000000000028874249e-09
0.000000000000000000e+00
1.000000000028874249e-09
0.000000000000000000e+00
-1.000000000028874249e-09
1.000000000028874249e-09
0.000000000000000000e+00
1.000000000028874249e-09
0.000000000000000000e+00
1.000000000028874249e-09
-2.774032902257833610e-19
0.000000000000000000e+00
1.000000000028874249e-09
1.000000000028874249e-09
0.000000000000000000e+00
1.000000000028874249e-09
1.000000000028874249e-09
2.774032902257833610e-19
9.999999997510474424e-10
0.000000000000000000e+00
1.000000000028874249e-09
1.000000000028874249e-09
0.000000000000000000e+00
1.999999999779921692e-09
0.000000000000000000e+00
2.778268066994105112e-19
1.000000000028450733e-09
1.000000000028874249e-09
9.999999997510474424e-10
1.000000000028450733e-09
0.000000000000000000e+00
0.000000000000000000e+00
1.000000000028450733e-09
1.000000000028450733e-09
0.000000000000000000e+00
1.000000000028874249e-09
0.000000000000000000e+00
0.000000000000000000e+00
0.000000000000000000e+00
1.999999999779921692e-09
2.774032902257833610e-19
0.000000000000000000e+00
-2.774032902257833610e-19
1.000000000306277539e-09
0.000000000000000000e+00
-2.774032902257833610e-19
0.000000000000000000e+00
1.000000000306277539e-09
-2.774032902257833610e-19
0.000000000000000000e+00
-9.999999997514709589e-10
0.000000000000000000e+00
9.999999997514709589e-10
2.774032902257833610e-19
0.000000000000000000e+00
-2.774032902257833610e-19
-9.999999997514709589e-10
1.000000000028874249e-09
0.000000000000000000e+00
