0.000000000000000000e+00
0.000000000000000000e+00
0.000000000000000000e+00
0.000000000000000000e+00
0.000000000000000000e+00
-9.999999997514709589e-10
9.999999997514709589e-10
0.000000000000000000e+00
2.774032902257833610e-19
-2.774032902257833610e-19
-1.000000000028874249e-09
1.000000000306277539e-09
-2.774032902257833610e-19
0.000000000000000000e+00
0.000000000000000000e+00
-1.000000000028874249e-09
0.000000000000000000e+00
0.000000000000000000e+00
2.774032902257833610e-19
-2.774032902257833610e-19
0.000000000000000000e+00
2.774032902257833610e-19
-2.774032902257833610e-19
0.000000000000000000e+00
0.000000000000000000e+00
1.000000000306277539e-09
-1.000000000306277539e-09
0.000000000000000000e+00
0.000000000000000000e+00
1.000000000306277539e-09
-1.000000000306277539e-09
0.000000000000000000e+00
1.000000000028450733e-09
-9.999999997510474424e-10
9.999999997510474424e-10
-1.000000000028450733e-09
1.000000000028450733e-09
2.778268066994105112e-19
-2.774032902257833610e-19
0.000000000000000000e+00
0.000000000000000000e+00
0.000000000000000000e+00
1.000000000306277539e-09
-2.778268066994105112e-19
0.000000000000000000e+00
0.000000000000000000e+00
0.000000000000000000e+00
2.778268066994105112e-19
-2.778268066994105112e-19
-1.000000000028874249e-09
1.000000000028874249e-09
0.000000000000000000e+00
0.000000000000000000e+00
0.000000000000000000e+00
0.000000000000000000e+00
0.000000000000000000e+00
0.000000000000000000e+00
1.000000000028874249e-09
0.000000000000000000e+00
-1.000000000028874249e-09
0.000000000000000000e+00
0.000000000000000000e+00
1.000000000028874249e-09
0.000000000000000000e+00
0.000000000000000000e+00
0.000000000000000000e+00
9.999999997510474424e-10
-9.999999997514709589e-10
1.000000000028874249e-09
0.000000000000000000e+00
0.000000000000000000e+00
0.000000000000000000e+00
0.000000000000000000e+00
0.000000000000000000e+00
0.000000000000000000e+00
0.000000000000000000e+00
0.000000000000000000e+00
9.999999997510474424e-10
0.000000000000000000e+00
0.000000000000000000e+00
1.000000000028874249e-09
0.000000000000000000e+00
2.778268066994105112e-19
0.000000000000000000e+00
1.000000000028874249e-09
-1.000000000028874249e-09
1.000000000028874249e-09
0.000000000000000000e+00
0.000000000000000000e+00
0.000000000000000000e+00
-2.778268066994105112e-19
0.000000000000000000e+00
0.000000000000000000e+00
1.000000000028874249e-09
0.000000000000000000e+00
1.000000000306277539e-09
0.000000000000000000e+00
-2.778268066994105112e-19
0.000000000000000000e+00
-1.000000000028450733e-09
0.000000000000000000e+00
1.000000000028450733e-09
2.778268066994105112e-19
0.000000000000000000e+00
-2.774032902257833610e-19
0.000000000000000000e+00
0.000000000000000000e+00
-1.000000000028450733e-09
1.000000000306277539e-09
-1.000000000028450733e-09
0.000000000000000000e+00
9.999999997510474424e-10
-1.000000000028450733e-09
0.000000000000000000e+00
2.778268066994105112e-19
0.000000000000000000e+00
-1.389134033497052556e-19
-1.000000000028450733e-09
0.000000000000000000e+00
0.000000000000000000e+00
-1.000000000028450733e-09
1.000000000028450733e-09
0.000000000000000000e+00
0.000000000000000000e+00
0.000000000000000000e+00
0.000000000000000000e+00
-1.000000000028874249e-09
0.000000000000000000e+00
0.000000000000000000e+00
1.389134033497052556e-19
-1.389134033497052556e-19
1.000000000028874249e-09
-1.000000000028874249e-09
0.000000000000000000e+00
1.389134033497052556e-19
-1.389134033497052556e-19
0.000000000000000000e+00
0.000000000000000000e+00
1.000000000028874249e-09
-1.000000000028874249e-09
1.000000000167787652e-09
-1.000000000028874249e-09
0.000000000000000000e+00
9.999999998899608458e-10
-1.000000000028874249e-09
0.000000000000000000e+00
0.000000000000000000e+00
0.000000000000000000e+00
0.000000000000000000e+00
0.000000000000000000e+00
0.000000000000000000e+00
0.000000000000000000e+00
-1.000000000028874249e-09
0.000000000000000000e+00
-9.999999998899608458e-10
0.000000000000000000e+00
-1.389134033497052556e-19
0.000000000000000000e+00
0.000000000000000000e+00
0.000000000000000000e+00
-9.999999998899608458e-10
0.000000000000000000e+00
0.000000000000000000e+00
-1.000000000028874249e-09
1.000000000028874249e-09
0.000000000000000000e+00
-1.000000000028874249e-09
1.389134033497052556e-19
-1.000000000167787652e-09
0.000000000000000000e+00
0.000000000000000000e+00
0.000000000000000000e+00
-9.999999998899608458e-10
0.000000000000000000e+00
9.999999998899608458e-10
-1.000000000028874249e-09
1.389134033497052556e-19
-1.000000000028874249e-09
-1.389134033497052556e-19
1.389134033497052556e-19
0.000000000000000000e+00
-1.000000000028874249e-09
0.000000000000000000e+00
-1.000000000028874249e-09
0.000000000000000000e+00
0.000000000000000000e+00
-1.000000000028874249e-09
-9.999999998899608458e-10
0.000000000000000000e+00
-1.389134033497052556e-19
-9.999999998899608458e-10
-1.000000000028874249e-09
-1.000000000028874249e-09
2.000000000334728272e-10
-5.999999999615050783e-10
-5.000000000142253663e-10
-6.000000001004184816e-10
-5.000000000142253663e-10
-5.999999999615050783e-10
-3.999999999280322511e-10
-5.000000000142253663e-10
-5.000000000142253663e-10
-5.000000000142253663e-10
-3.999999999280322511e-10
-4.000000000669456544e-10
-4.000000000669456544e-10
-3.999999999280322511e-10
-3.999999999280322511e-10
-2.999999999807525391e-10
-3.000000001196659425e-10
-2.999999999807525391e-10
-2.999999999807525391e-10
-2.999999999807525391e-10
-9.999999994727971193e-11
-3.000000001196659425e-10
-9.999999994727971193e-11
-9.999999994727971193e-11
-2.000000000334728272e-10
-1.000000000861931153e-10
-9.999999994727971193e-11
-9.999999994727971193e-11
0.000000000000000000e+00
-9.999999994727971193e-11
0.000000000000000000e+00
-1.389134033497052556e-19
0.000000000000000000e+00
1.000000000861931153e-10
0.000000000000000000e+00
0.000000000000000000e+00
9.999999994727971193e-11
0.000000000000000000e+00
0.000000000000000000e+00
0.000000000000000000e+00
0.000000000000000000e+00
0.000000000000000000e+00
0.000000000000000000e+00
0.000000000000000000e+00
-9.999999994770322840e-11
-9.999999994770322840e-11
-1.000000000861931153e-10
0.000000000000000000e+00
-2.000000000334728272e-10
-2.000000000334728272e-10
-2.000000000334728272e-10
-1.999999998949829403e-10
-2.999999999807525391e-10
-4.000000000669456544e-10
-1.999999998945594239e-10
-5.000000001531387697e-10
-3.999999999280322511e-10
-5.000000000142253663e-10
-3.999999999280322511e-10
-6.000000001004184816e-10
-4.999999998757354795e-10
-6.000000001004184816e-10
-6.999999999092083067e-10
-6.000000001004184816e-10
-7.000000000481217100e-10
-7.999999999954014219e-10
-6.999999999092083067e-10
-7.000000000481217100e-10
-7.999999998564880186e-10
-9.000000000815945372e-10
-7.000000000481217100e-10
-7.999999999954014219e-10
-6.999999999092083067e-10
-9.000000000815945372e-10
-7.000000000481217100e-10
-7.999999999954014219e-10
-7.000000000481217100e-10
-6.999999999092083067e-10
-6.999999999092083067e-10
-6.000000001004184816e-10
-5.999999999619285947e-10
-7.000000000481217100e-10
-5.000000000146488828e-10
-5.000000000142253663e-10
-3.999999999284557675e-10
-2.999999999811760556e-10
-3.999999999284557675e-10
-3.000000001196659425e-10
-2.999999999811760556e-10
-2.000000000338963437e-10
-2.000000000334728272e-10
0.000000000000000000e+00
-1.999999998949829403e-10
0.000000000000000000e+00
0.000000000000000000e+00
9.999999994727971193e-11
0.000000000000000000e+00
9.999999994727971193e-11
2.000000000334728272e-10
1.000000000861931153e-10
9.999999994727971193e-11
2.000000000334728272e-10
1.999999998949829403e-10
2.000000000334728272e-10
2.000000000334728272e-10
2.000000000334728272e-10
1.000000000861931153e-10
1.999999998945594239e-10
2.000000000334728272e-10
2.000000000334728272e-10
2.000000000334728272e-10
1.999999998945594239e-10
9.999999994727971193e-11
2.000000000334728272e-10
9.999999994727971193e-11
1.000000000861931153e-10
9.999999994727971193e-11
1.000000000167364136e-10
1.000000000167364136e-10
0.000000000000000000e+00
1.000000000167364136e-10
9.999999994727971193e-11
0.000000000000000000e+00
1.000000000861931153e-10
-1.000000000167364136e-10
9.999999994727971193e-11
6.945670167485262780e-20
-1.000000000861931153e-10
1.000000000861931153e-10
-6.945670167485262780e-20
-1.000000000167364136e-10
6.945670167485262780e-20
0.000000000000000000e+00
-6.945670167485262780e-20
-1.000000000167364136e-10
6.945670167485262780e-20
-1.000000000167364136e-10
0.000000000000000000e+00
-1.000000000167364136e-10
-1.000000000167364136e-10
0.000000000000000000e+00
-1.999999999640161255e-10
0.000000000000000000e+00
-1.000000000167364136e-10
-9.999999994727971193e-11
-6.945670167485262780e-20
-1.000000000171599301e-10
-9.999999994770322840e-11
-1.000000000167364136e-10
6.945670167485262780e-20
-1.000000000861931153e-10
0.000000000000000000e+00
0.000000000000000000e+00
-9.999999994727971193e-11
-6.945670167485262780e-20
0.000000000000000000e+00
6.945670167485262780e-20
-1.000000000167364136e-10
1.000000000167364136e-10
0.000000000000000000e+00
1.000000000167364136e-10
9.999999994727971193e-11
0.000000000000000000e+00
1.000000000167364136e-10
1.999999999640161255e-10
1.000000000167364136e-10
1.000000000167364136e-10
0.000000000000000000e+00
1.999999999640161255e-10
1.000000000167364136e-10
1.000000000167364136e-10
1.000000000167364136e-10
2.000000000334728272e-10
-6.945670167485262780e-20
2.000000000334728272e-10
-6.903318520122547763e-20
6.945670167485262780e-20
0.000000000000000000e+00
0.000000000000000000e+00
0.000000000000000000e+00
-1.000000000167364136e-10
-1.000000000167364136e-10
-1.999999999640161255e-10
-1.999999999640161255e-10
-2.000000000334728272e-10
-3.000000000502092408e-10
-2.999999999112958375e-10
-4.000000000669456544e-10
-3.999999999974889527e-10
-4.999999999451921811e-10
-5.000000000841055845e-10
-5.999999999619285947e-10
-6.000000000313852964e-10
-5.999999999619285947e-10
-7.999999999954014219e-10
-7.000000000481217100e-10
-7.999999999259447203e-10
-7.999999999954014219e-10
-9.000000000121378355e-10
-9.000000000121378355e-10
-1.000000000028874249e-09
-9.000000000121378355e-10
-9.999999999594175475e-10
-1.100000000045610663e-09
-9.999999999594175475e-10
-1.000000000028874249e-09
-1.199999999992890375e-09
-1.100000000045610663e-09
-1.099999999976153961e-09
-1.199999999992890375e-09
-1.099999999976153961e-09
-1.199999999992890375e-09
-1.199999999992890375e-09
-1.100000000010882312e-09
-1.199999999992890375e-09
-1.200000000027618725e-09
-1.199999999992890375e-09
-1.199999999992890375e-09
-1.199999999992890375e-09
-1.100000000010882312e-09
-1.099999999976153961e-09
-1.100000000010882312e-09
-1.199999999992890375e-09
-1.100000000010882312e-09
-1.100000000010882312e-09
-1.099999999976153961e-09
-1.000000000028874249e-09
-9.999999999594175475e-10
-1.000000000028450733e-09
-9.999999999937223818e-10
-9.000000000117143191e-10
-7.999999999949779055e-10
-7.999999999949779055e-10
-8.000000000297062563e-10
-6.999999999782414919e-10
-7.000000000133933592e-10
-6.999999999786650083e-10
-4.999999999799205320e-10
-6.000000000313852964e-10
-3.999999999974889527e-10
-3.999999999979124692e-10
-3.000000000154808900e-10
-3.000000000159044064e-10
-1.999999999644396420e-10
-9.999999998243157924e-11
-1.000000000167364136e-10
0.000000000000000000e+00
-3.430483436379916373e-20
2.000000000338963437e-10
9.999999998243157924e-11
3.000000000159044064e-10
3.000000000159044064e-10
3.999999999631841184e-10
4.000000000326408200e-10
5.999999999619285947e-10
5.000000000146488828e-10
7.000000000133933592e-10
5.999999999966569456e-10
7.000000000133933592e-10
7.999999999954014219e-10
7.999999999954014219e-10
9.999999999941458983e-10
9.000000000121378355e-10
9.999999999941458983e-10
1.099999999993518136e-09
9.999999999941458983e-10
1.100000000010882312e-09
1.300000000009626788e-09
1.199999999975526199e-09
1.300000000009626788e-09
1.300000000009626788e-09
1.400000000008999026e-09
1.399999999974270676e-09
1.400000000008999026e-09
1.600000000007743503e-09
1.500000000008371265e-09
1.699999999972387390e-09
1.580000000001262198e-09
1.670000000022804772e-09
1.709999999984521888e-09
1.750000000015695706e-09
1.789999999994776997e-09
1.830000000008163123e-09
1.849999999988809923e-09
1.909999999992160211e-09
1.940000000002305684e-09
1.960000000000316659e-09
1.990000000001991803e-09
1.999999999996762126e-09
2.040000000002101439e-09
2.039999999993207593e-09
2.070000000003353066e-09
2.100000000004604694e-09
2.120000000003039185e-09
2.139999999992579831e-09
2.150000000004714329e-09
2.169999999998490140e-09
2.180000000001730792e-09
2.200000000000165284e-09
2.209999999999170771e-09
2.220000000002411424e-09
2.219999999997752742e-09
2.249999999997733820e-09
2.270000000002097543e-09
2.264000000000237855e-09
2.286999999998966915e-09
2.294000000000642449e-09
2.299379999999406058e-09
2.301619999999908347e-09
2.304999999999463782e-09
2.307000000001636572e-09
2.321999999998027221e-09
2.310000000000660592e-09
2.299999999996996423e-09
2.290000000000108518e-09
2.300000000003772687e-09
2.290000000000532034e-09
2.269999999997862378e-09
2.249999999999851403e-09
2.230000000006075592e-09
2.219999999993941094e-09
2.190000000000736280e-09
2.159999999999484652e-09
2.129999999997809508e-09
2.070000000003353066e-09
2.040000000001677922e-09
1.989999999993521474e-09
1.950000000005969853e-09
1.899999999997389888e-09
1.840000000003356962e-09
1.799999999998017650e-09
1.730000000000320555e-09
1.659999999993306099e-09
1.589999999996032521e-09
1.510000000003141587e-09
1.440000000005444493e-09
1.370000000007747399e-09
1.299999999992262613e-09
1.230000000011929694e-09
1.099999999993518136e-09
9.999999999941458983e-10
9.999999999941458983e-10
9.000000000121378355e-10
7.000000000133933592e-10
7.999999999954014219e-10
4.999999999968611909e-10
4.999999999968611909e-10
3.999999999974889527e-10
2.999999999981167145e-10
9.999999999937223818e-11
9.999999999937223818e-11
-9.999999999937223818e-11
-9.999999999937223818e-11
-2.999999999981167145e-10
-2.999999999985402310e-10
-5.000000000146488828e-10
-5.999999999792927701e-10
-7.000000000133933592e-10
-9.000000000121378355e-10
-8.999999999774094847e-10
-1.200000000027618725e-09
-1.199999999992890375e-09
-1.299999999975321954e-09
-1.500000000008794781e-09
-1.600000000025531195e-09
-1.799999999954818969e-09
-1.800000000023852155e-09
-1.999999999988291797e-09
-2.199999999987036273e-09
-2.200000000021341107e-09
-2.400000000020085584e-09
-2.599999999984525226e-09
-2.599999999984525226e-09
-2.800000000017998053e-09
-2.900000000000006116e-09
-3.099999999998750592e-09
-3.200000000015487006e-09
-3.299999999962766718e-09
-3.300000000032223419e-09
-3.599999999978671124e-09
-3.699999999995407538e-09
-3.800000000012143951e-09
-3.899999999994152014e-09
-3.999999999976160077e-09
-4.200000000009632904e-09
-4.299999999991640967e-09
-4.300000000026369317e-09
-4.499999999990808959e-09
-4.499999999990808959e-09
-4.800000000006289849e-09
-4.800000000006289849e-09
-4.899999999988297912e-09
-5.000000000005034326e-09
-5.200000000003778802e-09
-5.099999999987042389e-09
-5.400000000002523279e-09
-5.400000000002946795e-09
-5.400000000037675146e-09
-5.699999999983699334e-09
-5.700000000018427685e-09
-5.799999999965707397e-09
-5.899999999982443811e-09
-6.100000000015916638e-09
-6.100000000015916638e-09
-6.199999999963196350e-09
-6.300000000014661114e-09
-6.399999999962364342e-09
-6.600000000064870355e-09
-6.599999999995837170e-09
-6.800000000029309997e-09
-6.899999999976589709e-09
-6.899999999976589709e-09
-7.100000000010062536e-09
-7.199999999957342248e-09
-7.300000000043535363e-09
-7.500000000007551489e-09
-7.600000000024287902e-09
-7.699999999971991131e-09
-7.900000000005040441e-09
-8.000000000022200372e-09
-8.100000000038936785e-09
-8.299999999933496209e-09
-8.400000000019689324e-09
-8.599999999983705450e-09
-8.700000000000441863e-09
-8.799999999947721575e-09
-9.000000000050651104e-09
-9.099999999997930816e-09
-9.199999999945210528e-09
-9.400000000117596759e-09
-9.599999999942699481e-09
-9.600000000012156182e-09
-9.899999999992908722e-09
-9.800000000045629010e-09
-1.019999999997450829e-08
-1.009999999995734836e-08
-1.050000000002471753e-08
-1.049999999995526083e-08
-1.060000000004145395e-08
-1.079999999993601337e-08
-1.080000000000547007e-08
-1.110000000005567931e-08
-1.120000000000295903e-08
-1.129999999995023874e-08
-1.150000000005316827e-08
-1.170000000001718439e-08
-1.160000000000044798e-08
-1.189999999998162403e-08
-1.189999999998162403e-08
-1.210000000001509686e-08
-1.210000000001509686e-08
-1.209999999994564016e-08
-1.210000000001509686e-08
-1.210000000001509686e-08
-1.179999999996446410e-08
-1.180000000003392081e-08
-1.139999999996697515e-08
-1.110000000005525580e-08
-1.069999999998831014e-08
-1.019999999997408478e-08
-9.500000000064876471e-09
-8.999999999912161217e-09
-8.000000000022200372e-09
-7.100000000010062536e-09
-6.000000000033908575e-09
-4.899999999988297912e-09
-3.500000000031391412e-09
-2.199999999952307922e-09
-5.999999999619285947e-10
9.999999999594175475e-10
2.700000000035989990e-09
4.499999999990385443e-09
6.300000000014661114e-09
8.099999999969056567e-09
1.000000000001006865e-08
1.179999999996446410e-08
1.360000000005777296e-08
1.539999999994313523e-08
1.719999999996698738e-08
1.859999999999335058e-08
2.030000000007034654e-08
2.149999999992432352e-08
2.280000000007286371e-08
2.379999999996240104e-08
2.470000000004399557e-08
2.549999999996994029e-08
2.579999999995111635e-08
2.600000000005404588e-08
2.600000000005404588e-08
2.589999999996785276e-08
2.540000000002266058e-08
2.469999999997496239e-08
2.389999999997956097e-08
2.289999999995068672e-08
2.160000000001051663e-08
2.030000000000088984e-08
1.890000000004355983e-08
1.730000000005318050e-08
1.559999999990757487e-08
1.380000000002221260e-08
1.200000000013727385e-08
1.009999999995734836e-08
8.399999999880775921e-09
6.499999999909220538e-09
4.700000000023858270e-09
3.000000000086199231e-09
1.199999999923857189e-09
-2.999999998422626523e-10
-1.899999999971131867e-09
-3.400000000014231482e-09
-4.600000000076578558e-09
-5.700000000053156036e-09
-6.899999999976166192e-09
-7.800000000057760730e-09
-8.599999999914248748e-09
-9.499999999995843285e-09
-1.000000000000964514e-08
-1.059999999997199725e-08
-1.089999999995232627e-08
-1.140000000010588856e-08
-1.169999999994772769e-08
-1.190000000012011392e-08
-1.199999999992890375e-08
-1.219999999996237657e-08
-1.210000000001509686e-08
-1.229999999990965629e-08
-1.210000000015358675e-08
-1.219999999996237657e-08
-1.199999999992890375e-08
-1.189999999998120052e-08
-1.180000000003392081e-08
-1.160000000000044798e-08
-1.170000000008664109e-08
-1.129999999988078204e-08
-1.130000000015818533e-08
-1.109999999984730921e-08
-1.089999999995232627e-08
-1.080000000014395996e-08
-1.069999999991885344e-08
-1.040000000007701431e-08
-1.039999999993810090e-08
-1.010000000009626177e-08
-1.000000000001006865e-08
-9.799999999837682421e-09
-9.700000000029316113e-09
-9.499999999995419769e-09
-9.299999999961946942e-09
-9.100000000067387518e-09
-8.999999999981194403e-09
-8.799999999947721575e-09
-8.500000000105458923e-09
-8.499999999966969036e-09
-8.200000000124706384e-09
-8.099999999899599865e-09
-7.899999999866127038e-09
-7.700000000110481018e-09
-7.600000000024287902e-09
-7.399999999990815075e-09
-7.199999999956918731e-09
-7.000000000062359308e-09
-6.899999999976166192e-09
-6.800000000028886480e-09
-6.499999999909220538e-09
-6.400000000100854229e-09
-6.300000000014661114e-09
-6.099999999981188287e-09
-5.899999999947291943e-09
-5.800000000000012231e-09
-5.800000000000012231e-09
-5.500000000019259692e-09
-5.500000000019259692e-09
-5.299999999985786865e-09
-5.200000000038507153e-09
-5.000000000005034326e-09
-5.000000000004610809e-09
-4.799999999971137982e-09
-4.799999999971137982e-09
-4.700000000023858270e-09
-4.499999999990808959e-09
-4.400000000043105731e-09
-4.399999999904615844e-09
-4.299999999957336132e-09
-4.200000000010056420e-09
-4.100000000062353192e-09
-4.099999999923863305e-09
-3.900000000167370252e-09
-3.900000000028880365e-09
-3.799999999942687249e-09
-3.799999999942687249e-09
-3.599999999909214422e-09
-3.600000000048127826e-09
-3.499999999961934710e-09
-3.500000000100848114e-09
-3.299999999928461883e-09
-3.200000000119672058e-09
-3.299999999928038367e-09
-3.199999999980758655e-09
-3.000000000086199231e-09
-2.999999999947285828e-09
-2.900000000000006116e-09
-2.900000000000429632e-09
-2.700000000105023175e-09
-2.699999999966533288e-09
-2.499999999933060461e-09
-2.600000000019253577e-09
-2.299999999899587634e-09
-2.400000000124694153e-09
-2.199999999951884406e-09
-2.100000000004604694e-09
-1.999999999918835095e-09
-2.000000000057324982e-09
-1.899999999971555383e-09
-1.699999999938082556e-09
-1.800000000162765558e-09
-1.499999999904186212e-09
-9.000000000815945372e-10
-1.999999999918411578e-09
-2.000000000057324982e-09
0.000000000000000000e+00
-2.000000000057324982e-09
-9.999999998899608458e-10
0.000000000000000000e+00
-1.999999999918835095e-09
-1.389134033497052556e-19
-1.000000000028874249e-09
0.000000000000000000e+00
-1.000000000028874249e-09
-1.000000000028874249e-09
0.000000000000000000e+00
0.000000000000000000e+00
1.000000000167787652e-09
-1.000000000028874249e-09
0.000000000000000000e+00
-1.389134033497052556e-19
1.000000000167364136e-09
0.000000000000000000e+00
9.999999998899608458e-10
1.000000000028450733e-09
0.000000000000000000e+00
1.000000000028874249e-09
1.000000000028450733e-09
9.999999998899608458e-10
1.000000000167364136e-09
9.999999998899608458e-10
1.999999999918835095e-09
1.000000000167364136e-09
1.000000000028874249e-09
9.999999998899608458e-10
3.000000000086199231e-09
9.999999998899608458e-10
2.000000000057748498e-09
1.000000000028874249e-09
1.999999999918835095e-09
2.000000000057748498e-09
1.000000000028874249e-09
2.000000000057748498e-09
2.999999999808795941e-09
1.000000000028874249e-09
3.000000000086199231e-09
1.000000000028874249e-09
2.000000000057324982e-09
2.999999999808795941e-09
1.000000000028874249e-09
2.000000000057324982e-09
2.000000000057324982e-09
1.999999999918835095e-09
2.000000000057324982e-09
1.999999999918411578e-09
2.999999999947709344e-09
1.000000000028450733e-09
2.000000000057324982e-09
1.999999999918835095e-09
2.000000000057324982e-09
2.000000000057324982e-09
1.999999999918835095e-09
3.000000000086199231e-09
1.000000000028450733e-09
1.999999999918835095e-09
2.000000000057324982e-09
2.000000000057324982e-09
1.999999999918835095e-09
2.000000000057324982e-09
1.999999999918835095e-09
2.000000000057324982e-09
1.999999999918835095e-09
2.000000000057324982e-09
1.000000000028450733e-09
2.999999999808795941e-09
1.000000000167364136e-09
2.999999999947285828e-09
1.000000000028874249e-09
2.999999999947285828e-09
2.000000000196238385e-09
9.999999997514709589e-10
2.000000000335151788e-09
1.999999999780345208e-09
2.000000000057748498e-09
1.999999999779921692e-09
1.000000000306277539e-09
1.999999999779921692e-09
2.000000000057324982e-09
2.000000000057748498e-09
1.999999999779921692e-09
2.000000000335151788e-09
1.999999999779921692e-09
1.000000000028874249e-09
2.000000000057324982e-09
9.999999997510474424e-10
2.000000000335151788e-09
1.999999999779921692e-09
1.000000000306277539e-09
1.999999999779921692e-09
1.999999999779921692e-09
2.000000000334728272e-09
9.999999997510474424e-10
1.000000000306277539e-09
1.999999999779921692e-09
2.000000000057324982e-09
1.000000000028450733e-09
2.000000000057324982e-09
9.999999997510474424e-10
1.000000000306277539e-09
9.999999997510474424e-10
2.000000000057748498e-09
1.000000000028874249e-09
2.000000000057324982e-09
1.000000000028874249e-09
9.999999997514709589e-10
2.000000000057748498e-09
1.000000000306277539e-09
9.999999997514709589e-10
1.000000000028874249e-09
2.000000000057324982e-09
9.999999997514709589e-10
2.000000000335151788e-09
0.000000000000000000e+00
1.999999999779921692e-09
1.000000000028450733e-09
1.000000000028450733e-09
1.000000000028450733e-09
1.000000000028450733e-09
1.000000000028874249e-09
2.000000000057324982e-09
0.000000000000000000e+00
2.000000000057324982e-09
0.000000000000000000e+00
9.999999997510474424e-10
1.000000000028874249e-09
0.000000000000000000e+00
1.000000000028874249e-09
0.000000000000000000e+00
2.000000000057748498e-09
0.000000000000000000e+00
0.000000000000000000e+00
1.000000000028874249e-09
1.000000000028874249e-09
0.000000000000000000e+00
1.000000000028874249e-09
0.000000000000000000e+00
-2.774032902257833610e-19
0.000000000000000000e+00
0.000000000000000000e+00
1.000000000028874249e-09
-9.999999997510474424e-10
1.000000000028874249e-09
0.000000000000000000e+00
0.000000000000000000e+00
-2.778268066994105112e-19
0.000000000000000000e+00
2.778268066994105112e-19
0.000000000000000000e+00
-1.000000000028450733e-09
9.999999997510474424e-10
-1.000000000028450733e-09
2.778268066994105112e-19
0.000000000000000000e+00
0.000000000000000000e+00
-2.774032902257833610e-19
2.774032902257833610e-19
-1.000000000028450733e-09
-2.774032902257833610e-19
2.774032902257833610e-19
0.000000000000000000e+00
0.000000000000000000e+00
-2.774032902257833610e-19
-9.999999997510474424e-10
0.000000000000000000e+00
0.000000000000000000e+00
0.000000000000000000e+00
0.000000000000000000e+00
0.000000000000000000e+00
0.000000000000000000e+00
-1.000000000028874249e-09
0.000000000000000000e+00
0.000000000000000000e+00
-1.000000000028874249e-09
1.000000000028874249e-09
0.000000000000000000e+00
0.000000000000000000e+00
-1.000000000028874249e-09
0.000000000000000000e+00
1.000000000028874249e-09
0.000000000000000000e+00
0.000000000000000000e+00
-1.000000000028874249e-09
0.000000000000000000e+00
1.000000000028874249e-09
0.000000000000000000e+00
