2.774032902257833610e-19
1.000000000028874249e-09
-1.000000000306277539e-09
2.774032902257833610e-19
0.000000000000000000e+00
0.000000000000000000e+00
1.000000000028874249e-09
-1.000000000028874249e-09
0.000000000000000000e+00
0.000000000000000000e+00
0.000000000000000000e+00
1.000000000028874249e-09
-2.774032902257833610e-19
2.774032902257833610e-19
0.000000000000000000e+00
-2.774032902257833610e-19
2.774032902257833610e-19
-1.000000000028874249e-09
0.000000000000000000e+00
0.000000000000000000e+00
1.000000000028450733e-09
0.000000000000000000e+00
-2.774032902257833610e-19
2.774032902257833610e-19
0.000000000000000000e+00
0.000000000000000000e+00
-1.000000000306277539e-09
1.000000000306277539e-09
0.000000000000000000e+00
0.000000000000000000e+00
-1.000000000028874249e-09
1.000000000028450733e-09
0.000000000000000000e+00
0.000000000000000000e+00
0.000000000000000000e+00
0.000000000000000000e+00
0.000000000000000000e+00
0.000000000000000000e+00
-2.774032902257833610e-19
2.778268066994105112e-19
0.000000000000000000e+00
-1.000000000028450733e-09
1.000000000028450733e-09
-2.778268066994105112e-19
2.778268066994105112e-19
0.000000000000000000e+00
0.000000000000000000e+00
0.000000000000000000e+00
-2.778268066994105112e-19
-9.999999997510474424e-10
0.000000000000000000e+00
0.000000000000000000e+00
0.000000000000000000e+00
0.000000000000000000e+00
-1.000000000028874249e-09
1.000000000028450733e-09
0.000000000000000000e+00
0.000000000000000000e+00
0.000000000000000000e+00
0.000000000000000000e+00
0.000000000000000000e+00
0.000000000000000000e+00
0.000000000000000000e+00
0.000000000000000000e+00
0.000000000000000000e+00
-2.774032902257833610e-19
2.774032902257833610e-19
-2.778268066994105112e-19
2.774032902257833610e-19
1.000000000028874249e-09
-1.000000000028874249e-09
0.000000000000000000e+00
0.000000000000000000e+00
0.000000000000000000e+00
0.000000000000000000e+00
0.000000000000000000e+00
0.000000000000000000e+00
-1.000000000028874249e-09
0.000000000000000000e+00
1.000000000028874249e-09
0.000000000000000000e+00
0.000000000000000000e+00
-1.000000000028874249e-09
0.000000000000000000e+00
1.000000000028874249e-09
-1.000000000028874249e-09
1.000000000028874249e-09
-1.000000000028874249e-09
0.000000000000000000e+00
0.000000000000000000e+00
0.000000000000000000e+00
0.000000000000000000e+00
0.000000000000000000e+00
1.000000000028874249e-09
-1.000000000028874249e-09
0.000000000000000000e+00
0.000000000000000000e+00
0.000000000000000000e+00
1.000000000028450733e-09
-1.000000000028450733e-09
0.000000000000000000e+00
0.000000000000000000e+00
0.000000000000000000e+00
0.000000000000000000e+00
-1.000000000028450733e-09
1.000000000028450733e-09
0.000000000000000000e+00
-1.000000000028450733e-09
2.778268066994105112e-19
-2.774032902257833610e-19
0.000000000000000000e+00
0.000000000000000000e+00
-1.000000000028450733e-09
1.000000000028450733e-09
2.778268066994105112e-19
-1.000000000306277539e-09
1.384898868760781054e-19
-1.000000000167364136e-09
1.000000000028450733e-09
1.389134033497052556e-19
-1.000000000167364136e-09
0.000000000000000000e+00
1.389134033497052556e-19
0.000000000000000000e+00
9.999999998899608458e-10
0.000000000000000000e+00
-9.999999998899608458e-10
0.000000000000000000e+00
-1.389134033497052556e-19
1.389134033497052556e-19
0.000000000000000000e+00
1.000000000028874249e-09
-1.389134033497052556e-19
0.000000000000000000e+00
1.389134033497052556e-19
-1.000000000028874249e-09
1.000000000028874249e-09
-1.389134033497052556e-19
1.000000000028874249e-09
0.000000000000000000e+00
1.389134033497052556e-19
-1.389134033497052556e-19
1.000000000028874249e-09
0.000000000000000000e+00
0.000000000000000000e+00
0.000000000000000000e+00
1.000000000028874249e-09
0.000000000000000000e+00
0.000000000000000000e+00
9.999999998899608458e-10
0.000000000000000000e+00
0.000000000000000000e+00
0.000000000000000000e+00
0.000000000000000000e+00
1.389134033497052556e-19
0.000000000000000000e+00
9.999999998899608458e-10
0.000000000000000000e+00
1.000000000028874249e-09
0.000000000000000000e+00
0.000000000000000000e+00
0.000000000000000000e+00
1.000000000028874249e-09
0.000000000000000000e+00
0.000000000000000000e+00
1.000000000028874249e-09
-1.000000000028874249e-09
0.000000000000000000e+00
9.999999998899608458e-10
0.000000000000000000e+00
1.389134033497052556e-19
0.000000000000000000e+00
1.000000000028874249e-09
0.000000000000000000e+00
9.999999998899608458e-10
0.000000000000000000e+00
0.000000000000000000e+00
1.389134033497052556e-19
9.999999998899608458e-10
0.000000000000000000e+00
1.000000000028874249e-09
-1.000000000028874249e-09
1.000000000028874249e-09
0.000000000000000000e+00
1.000000000028874249e-09
-1.389134033497052556e-19
0.000000000000000000e+00
1.000000000167787652e-09
0.000000000000000000e+00
9.999999998899608458e-10
1.389134033497052556e-19
0.000000000000000000e+00
-1.389134033497052556e-19
1.200000000062347076e-09
5.000000000146488828e-10
5.000000000146488828e-10
3.999999999284557675e-10
5.000000000146488828e-10
3.999999999284557675e-10
5.000000001531387697e-10
4.999999998757354795e-10
5.000000000142253663e-10
4.000000000669456544e-10
5.000000000142253663e-10
4.999999998753119630e-10
4.000000000669456544e-10
4.000000000669456544e-10
2.999999999807525391e-10
5.000000000142253663e-10
3.999999999280322511e-10
2.999999999807525391e-10
2.999999999807525391e-10
2.999999999807525391e-10
4.000000000669456544e-10
2.000000000334728272e-10
2.000000000334728272e-10
2.999999999807525391e-10
2.000000000334728272e-10
9.999999994727971193e-11
2.000000000334728272e-10
9.999999994727971193e-11
9.999999994727971193e-11
1.389134033497052556e-19
9.999999994727971193e-11
9.999999994727971193e-11
0.000000000000000000e+00
1.000000000861931153e-10
0.000000000000000000e+00
9.999999994727971193e-11
0.000000000000000000e+00
9.999999994727971193e-11
1.389134033497052556e-19
9.999999980878982505e-11
1.384898868760781054e-19
9.999999994727971193e-11
2.000000000334728272e-10
1.000000000857695988e-10
1.999999998945594239e-10
1.000000000857695988e-10
2.999999998422626523e-10
3.000000001196659425e-10
2.999999998422626523e-10
3.000000001196659425e-10
4.999999998757354795e-10
4.000000002054355413e-10
4.999999998757354795e-10
4.000000000669456544e-10
5.999999999619285947e-10
5.999999999619285947e-10
5.999999999619285947e-10
6.000000001004184816e-10
7.999999999954014219e-10
7.000000000476981935e-10
7.999999999954014219e-10
7.999999998564880186e-10
7.000000000481217100e-10
9.000000000811710207e-10
7.999999998564880186e-10
7.999999999954014219e-10
9.000000000815945372e-10
8.999999999426811339e-10
8.000000001338913088e-10
7.999999999949779055e-10
7.999999999949779055e-10
8.999999999426811339e-10
9.000000000811710207e-10
6.999999999092083067e-10
7.999999999949779055e-10
7.999999999949779055e-10
6.999999999087847902e-10
7.000000001866115969e-10
5.999999999615050783e-10
6.999999999092083067e-10
6.000000001004184816e-10
4.999999998753119630e-10
5.000000001531387697e-10
4.999999998757354795e-10
4.000000000669456544e-10
3.999999999280322511e-10
3.000000001196659425e-10
2.999999999811760556e-10
2.000000000334728272e-10
1.999999998945594239e-10
9.999999994770322840e-11
2.000000000334728272e-10
0.000000000000000000e+00
0.000000000000000000e+00
-9.999999994727971193e-11
0.000000000000000000e+00
-2.000000000334728272e-10
-9.999999994770322840e-11
-1.000000000861931153e-10
-2.999999998422626523e-10
-2.000000000338963437e-10
-2.000000000338963437e-10
-2.999999999807525391e-10
-2.000000000338963437e-10
-2.999999999811760556e-10
-2.999999999811760556e-10
-2.999999999811760556e-10
-2.999999999811760556e-10
-2.000000000338963437e-10
-2.999999999811760556e-10
-2.000000000338963437e-10
-2.000000000338963437e-10
-2.000000000334728272e-10
-1.000000000861931153e-10
-9.999999994770322840e-11
-9.999999994727971193e-11
-1.999999999644396420e-10
0.000000000000000000e+00
1.000000000167364136e-10
-1.000000000167364136e-10
1.999999999640161255e-10
1.000000000167364136e-10
9.999999994727971193e-11
3.000000000502092408e-10
1.000000000167364136e-10
3.999999999974889527e-10
2.000000000334728272e-10
2.999999999112958375e-10
4.000000000669456544e-10
3.999999999280322511e-10
3.999999999974889527e-10
5.000000000142253663e-10
5.000000000142253663e-10
3.999999999974889527e-10
3.999999999974889527e-10
5.000000000836820680e-10
4.999999999451921811e-10
5.000000000142253663e-10
3.999999999284557675e-10
5.000000000146488828e-10
5.000000000146488828e-10
4.000000000673691709e-10
4.999999999451921811e-10
3.999999999979124692e-10
3.999999999979124692e-10
3.999999999979124692e-10
2.999999999807525391e-10
2.999999999807525391e-10
3.000000000502092408e-10
3.999999999974889527e-10
1.000000000167364136e-10
2.999999999807525391e-10
2.000000000334728272e-10
1.000000000167364136e-10
1.999999998945594239e-10
6.945670167485262780e-20
1.000000000167364136e-10
0.000000000000000000e+00
1.000000000167364136e-10
-6.945670167485262780e-20
6.945670167485262780e-20
0.000000000000000000e+00
-1.000000000167364136e-10
0.000000000000000000e+00
-6.945670167485262780e-20
0.000000000000000000e+00
-9.999999994727971193e-11
-1.000000000167364136e-10
0.000000000000000000e+00
-1.000000000167364136e-10
1.000000000167364136e-10
-9.999999994727971193e-11
9.999999994727971193e-11
0.000000000000000000e+00
1.000000000167364136e-10
-6.903318520122547763e-20
1.000000000861931153e-10
0.000000000000000000e+00
9.999999994727971193e-11
2.000000000334728272e-10
9.999999994727971193e-11
1.000000000167364136e-10
2.000000000334728272e-10
2.000000000334728272e-10
1.999999999640161255e-10
1.999999999640161255e-10
2.000000000334728272e-10
2.000000000334728272e-10
2.999999999807525391e-10
2.000000000334728272e-10
2.999999999112958375e-10
2.000000000334728272e-10
3.999999999974889527e-10
2.000000000334728272e-10
2.999999999807525391e-10
2.999999999807525391e-10
3.000000000502092408e-10
2.999999999807525391e-10
2.999999999807525391e-10
2.999999999807525391e-10
3.000000000502092408e-10
2.999999999807525391e-10
2.999999999807525391e-10
2.000000000334728272e-10
2.999999999807525391e-10
2.999999999807525391e-10
2.000000000334728272e-10
9.999999994727971193e-11
2.999999999807525391e-10
1.000000000861931153e-10
1.999999999640161255e-10
1.000000000167364136e-10
1.000000000167364136e-10
9.999999998200806276e-11
0.000000000000000000e+00
-3.472835083742631390e-20
3.472835083742631390e-20
-1.000000000167364136e-10
-9.999999998200806276e-11
-1.000000000167364136e-10
-9.999999998200806276e-11
-1.999999999987444764e-10
-3.000000000154808900e-10
-3.000000000154808900e-10
-2.999999999807525391e-10
-2.999999999807525391e-10
-3.000000000154808900e-10
-3.999999999974889527e-10
-4.000000000322173036e-10
-3.999999999627606019e-10
-3.999999999974889527e-10
-3.000000000154808900e-10
-4.999999999794970155e-10
-5.000000000142253663e-10
-4.000000000322173036e-10
-3.999999999631841184e-10
-5.000000000146488828e-10
-3.999999999979124692e-10
-4.999999999799205320e-10
-4.000000000322173036e-10
-3.999999999631841184e-10
-3.000000000154808900e-10
-5.000000000146488828e-10
-2.999999999811760556e-10
-3.000000000159044064e-10
-2.999999999811760556e-10
-3.000000000159044064e-10
-3.000000000154808900e-10
-9.999999998200806276e-11
-3.000000000154808900e-10
-1.000000000167364136e-10
-1.999999999640161255e-10
-1.000000000167364136e-10
0.000000000000000000e+00
0.000000000000000000e+00
-9.999999998200806276e-11
1.000000000167364136e-10
-3.472835083742631390e-20
1.000000000167364136e-10
1.999999999987444764e-10
1.999999999987444764e-10
1.999999999987444764e-10
1.999999999987444764e-10
3.999999999974889527e-10
2.999999999981167145e-10
2.999999999981167145e-10
3.999999999974889527e-10
5.000000000142253663e-10
4.999999999794970155e-10
4.000000000148531281e-10
5.999999999962334291e-10
5.000000000142253663e-10
5.999999999788692537e-10
6.000000000135976045e-10
6.999999999956056673e-10
6.000000000135976045e-10
6.999999999782414919e-10
7.299999999977043277e-10
7.200000000198746638e-10
7.199999999851463130e-10
7.300000000146449866e-10
7.499999999868214569e-10
7.600000000163201306e-10
7.599999999904856257e-10
7.599999999904856257e-10
7.700000000021966075e-10
7.700000000021966075e-10
7.500000000041856323e-10
7.299999999972808112e-10
7.199999999940401589e-10
6.900000000012588609e-10
6.699999999943540398e-10
6.600000000080540464e-10
6.400000000011492253e-10
6.199999999946679207e-10
5.800000000028811351e-10
5.500000000012059912e-10
5.100000000005253597e-10
4.900000000025143845e-10
4.499999999975985883e-10
4.100000000011531215e-10
3.700000000000489735e-10
3.499999999982263501e-10
3.100000000017808833e-10
2.640000000000875967e-10
2.399999999994251079e-10
2.099999999998675463e-10
1.724799999997127698e-10
1.295200000001532181e-10
8.899999999885683925e-11
5.999999999996215609e-11
3.500000000117788773e-11
0.000000000000000000e+00
-5.000000000180370146e-11
-9.000000000036675061e-11
-9.999999999513707345e-11
-1.300000000006238656e-10
-1.700000000013044972e-10
-1.999999999987444764e-10
-2.299999999957609391e-10
-2.400000000036602726e-10
-2.900000000033463917e-10
-3.099999999928870374e-10
-3.400000000030325108e-10
-3.900000000027186299e-10
-4.100000000011531215e-10
-4.400000000024047490e-10
-4.599999999919453947e-10
-5.000000000057550369e-10
-5.299999999985363348e-10
-5.500000000054411559e-10
-5.999999999962334291e-10
-6.199999999946679207e-10
-6.600000000169478924e-10
-6.900000000008353444e-10
-7.199999999851463130e-10
-7.500000000041856323e-10
-7.900000000006310991e-10
-8.099999999897482283e-10
-7.999999999954014219e-10
-9.000000000121378355e-10
-8.999999999947736601e-10
-9.000000000121378355e-10
-9.999999999767817229e-10
-9.000000000121378355e-10
-9.999999999941458983e-10
-1.000000000011510074e-09
-9.999999999941458983e-10
-1.100000000010882312e-09
-1.099999999993518136e-09
-1.099999999993518136e-09
-1.100000000010882312e-09
-1.199999999992890375e-09
-1.099999999993518136e-09
-1.100000000010882312e-09
-1.099999999993518136e-09
-1.199999999992890375e-09
-1.199999999992890375e-09
-1.200000000027618725e-09
-1.199999999992890375e-09
-1.199999999992890375e-09
-1.199999999992890375e-09
-1.100000000010882312e-09
-1.199999999992890375e-09
-1.200000000027618725e-09
-1.199999999958162024e-09
-1.100000000045187146e-09
-1.199999999958585540e-09
-1.100000000010882312e-09
-1.100000000010458795e-09
-9.999999999937223818e-10
-1.100000000010458795e-09
-9.999999999937223818e-10
-8.999999999769859682e-10
-1.000000000028450733e-09
-9.999999999937223818e-10
-9.000000000117143191e-10
-7.999999999602495546e-10
-8.000000000297062563e-10
-7.000000000129698427e-10
-7.999999999606730711e-10
-7.000000000129698427e-10
-5.999999999962334291e-10
-5.000000000142253663e-10
-5.999999999962334291e-10
-3.999999999974889527e-10
-3.000000000154808900e-10
-3.999999999627606019e-10
-1.999999999987444764e-10
-3.000000000154808900e-10
-1.000000000167364136e-10
-9.999999998200806276e-11
9.999999998200806276e-11
-9.999999998200806276e-11
3.000000000154808900e-10
1.999999999640161255e-10
3.000000000154808900e-10
4.999999999794970155e-10
4.000000000322173036e-10
5.999999999615050783e-10
7.000000000476981935e-10
7.999999999949779055e-10
6.999999999782414919e-10
9.999999999937223818e-10
1.000000000028450733e-09
9.999999999589940310e-10
1.200000000061923560e-09
1.199999999923857189e-09
1.300000000009626788e-09
1.400000000026363202e-09
1.300000000009626788e-09
1.499999999973642914e-09
1.500000000043099615e-09
1.599999999990379327e-09
1.599999999990379327e-09
1.499999999973642914e-09
1.700000000007115741e-09
1.599999999990379327e-09
1.700000000076572443e-09
1.699999999937659039e-09
1.699999999937659039e-09
1.600000000059836029e-09
1.800000000023852155e-09
1.599999999990379327e-09
1.699999999937659039e-09
1.600000000059836029e-09
1.799999999954395453e-09
1.700000000076572443e-09
1.700000000007539257e-09
1.699999999938082556e-09
1.700000000007539257e-09
1.700000000007539257e-09
1.700000000007539257e-09
1.799999999954818969e-09
1.700000000007115741e-09
1.800000000093308856e-09
1.699999999937659039e-09
1.800000000023852155e-09
1.799999999954395453e-09
1.800000000023852155e-09
1.900000000040588568e-09
1.799999999954395453e-09
1.900000000041012085e-09
1.899999999971555383e-09
1.800000000024275671e-09
1.799999999954818969e-09
1.999999999988291797e-09
1.800000000023852155e-09
1.900000000040588568e-09
1.899999999901675165e-09
1.800000000023852155e-09
1.900000000040588568e-09
1.800000000023852155e-09
1.699999999937659039e-09
1.900000000040588568e-09
1.700000000007115741e-09
1.800000000024275671e-09
1.699999999938082556e-09
1.700000000007539257e-09
1.700000000007539257e-09
1.700000000007539257e-09
1.600000000059836029e-09
1.599999999990379327e-09
1.599999999990379327e-09
1.499999999973642914e-09
1.400000000026363202e-09
1.499999999904186212e-09
1.300000000009626788e-09
1.500000000043099615e-09
1.300000000009626788e-09
1.199999999992890375e-09
1.199999999992890375e-09
1.199999999992890375e-09
1.000000000028874249e-09
1.199999999992890375e-09
9.000000000121378355e-10
9.000000000121378355e-10
9.000000000117143191e-10
7.999999999255212038e-10
7.999999999949779055e-10
7.000000000476981935e-10
5.999999999615050783e-10
5.000000000142253663e-10
4.999999999447686647e-10
5.000000000836820680e-10
3.999999999284557675e-10
3.000000000506327573e-10
2.999999999811760556e-10
1.000000000167364136e-10
2.000000000334728272e-10
1.000000000167364136e-10
0.000000000000000000e+00
-6.945670167485262780e-20
-1.000000000167364136e-10
-1.999999999640161255e-10
-2.000000000334728272e-10
-1.999999999644396420e-10
-2.999999999811760556e-10
-3.000000000502092408e-10
-3.999999999280322511e-10
-3.999999999974889527e-10
-5.999999999615050783e-10
-4.000000000669456544e-10
-6.000000001004184816e-10
-5.000000000146488828e-10
-6.999999999092083067e-10
-5.999999999615050783e-10
-7.000000000481217100e-10
-6.999999999087847902e-10
-7.999999999949779055e-10
-7.000000000476981935e-10
-7.000000000481217100e-10
-8.999999999426811339e-10
-8.000000001343148253e-10
-7.999999998564880186e-10
-9.000000000815945372e-10
-7.999999999949779055e-10
-9.999999998899608458e-10
-9.000000000811710207e-10
-9.000000000811710207e-10
-1.099999999976153961e-09
-1.000000000028874249e-09
-9.999999998899608458e-10
-1.200000000062347076e-09
-1.099999999976153961e-09
-1.300000000009626788e-09
-1.099999999975730445e-09
-1.399999999956906500e-09
-1.399999999957330017e-09
-1.400000000095819904e-09
-1.499999999904186212e-09
-1.500000000043099615e-09
-1.700000000076572443e-09
-1.699999999937659039e-09
-1.800000000023852155e-09
-1.999999999918411578e-09
-2.000000000057324982e-09
-2.100000000005028210e-09
-2.300000000038501037e-09
-2.399999999985780749e-09
-2.500000000071973865e-09
-2.600000000019253577e-09
-2.799999999913813000e-09
-2.900000000000006116e-09
-2.999999999947285828e-09
-3.199999999980758655e-09
-3.300000000066951770e-09
-3.499999999961934710e-09
-3.699999999995407538e-09
-3.799999999942687249e-09
-3.800000000081600653e-09
-4.099999999923439789e-09
-4.200000000148546307e-09
-4.299999999956912616e-09
-4.599999999937665155e-09
-4.600000000077002075e-09
-4.899999999918841211e-09
-4.900000000057754614e-09
-5.099999999952314038e-09
-5.299999999985786865e-09
-5.300000000124700268e-09
-5.599999999966539404e-09
-5.599999999966539404e-09
-5.700000000052732519e-09
-5.999999999894995172e-09
-6.000000000033485058e-09
-6.099999999981188287e-09
-6.200000000066957886e-09
-6.399999999961940826e-09
-6.500000000048133941e-09
-6.599999999995413653e-09
-6.699999999942693365e-09
-6.800000000028886480e-09
-6.900000000115079596e-09
-6.999999999923445904e-09
-6.999999999923445904e-09
-7.300000000043111847e-09
-7.300000000043111847e-09
-7.299999999904621960e-09
-7.399999999990391559e-09
-7.600000000024287902e-09
-7.699999999971991131e-09
-7.699999999971991131e-09
-7.800000000057760730e-09
-7.900000000005040441e-09
-7.900000000005040441e-09
-8.000000000091233557e-09
-8.199999999986216497e-09
-8.199999999847303094e-09
-8.300000000072409612e-09
-8.400000000019689324e-09
-8.499999999966969036e-09
-8.500000000105882440e-09
-8.599999999914248748e-09
-8.600000000053162151e-09
-8.899999999895001287e-09
-8.800000000086634979e-09
-8.900000000033914691e-09
-8.999999999981194403e-09
-9.100000000067387518e-09
-9.199999999876177343e-09
-9.200000000014667230e-09
-9.300000000100860345e-09
-9.299999999962370458e-09
-9.599999999943122997e-09
-9.499999999995419769e-09
-9.700000000029316113e-09
-9.700000000028892596e-09
-9.700000000028892596e-09
-9.899999999923875536e-09
-1.000000000000964514e-08
-1.009999999995734836e-08
-1.009999999995734836e-08
-1.030000000012973459e-08
-1.019999999990462808e-08
-1.000000000001006865e-08
-1.100000000003851938e-08
-1.099999999990002950e-08
-1.000000000014855854e-08
-1.099999999990002950e-08
-1.100000000003851938e-08
-9.999999999871155248e-09
-1.100000000003894290e-08
-1.000000000014898205e-08
-1.000000000001006865e-08
-1.099999999990002950e-08
-1.000000000001006865e-08
-9.000000000120107806e-09
-8.999999999981194403e-09
-7.999999999952743670e-09
-7.999999999952320153e-09
-6.999999999923869421e-09
-7.000000000062782824e-09
-5.000000000005034326e-09
-5.000000000005034326e-09
-2.999999999947709344e-09
-1.000000000028874249e-09
-1.389134033497052556e-19
1.384898868760781054e-19
1.999999999918835095e-09
4.000000000114649964e-09
5.999999999894995172e-09
8.000000000091233557e-09
8.999999999981194403e-09
1.199999999992890375e-08
1.300000000009626788e-08
1.500000000001510298e-08
1.599999999990506382e-08
1.899999999999126305e-08
1.899999999999126305e-08
2.100000000004901155e-08
2.200000000007746229e-08
2.399999999985738398e-08
2.399999999999629738e-08
2.500000000002517163e-08
2.600000000005404588e-08
2.699999999994358321e-08
2.600000000005362236e-08
2.600000000005404588e-08
2.599999999991513247e-08
2.500000000002517163e-08
2.599999999991513247e-08
2.399999999999629738e-08
2.200000000007746229e-08
2.200000000007746229e-08
2.000000000002013730e-08
1.799999999996238881e-08
1.799999999982347540e-08
1.500000000001510298e-08
1.200000000006739363e-08
1.200000000006739363e-08
1.000000000001006865e-08
7.999999999952320153e-09
5.000000000005034326e-09
3.999999999976160077e-09
3.000000000086199231e-09
-1.000000000028874249e-09
0.000000000000000000e+00
-3.999999999976160077e-09
-3.999999999976160077e-09
-6.000000000033908575e-09
-7.000000000062359308e-09
-8.999999999981194403e-09
-8.999999999981194403e-09
-1.000000000001006865e-08
-1.099999999990002950e-08
-1.200000000006781715e-08
-1.200000000006781715e-08
-1.299999999995735448e-08
-1.300000000009626788e-08
-1.399999999984731532e-08
-1.400000000012514213e-08
-1.299999999981844108e-08
-1.500000000015359286e-08
-1.399999999984731532e-08
-1.500000000015359286e-08
-1.399999999984731532e-08
-1.400000000012514213e-08
-1.499999999987618957e-08
-1.400000000012514213e-08
-1.400000000012514213e-08
-1.399999999984731532e-08
-1.300000000009626788e-08
-1.399999999984731532e-08
-1.300000000009626788e-08
-1.399999999984731532e-08
-1.300000000009626788e-08
-1.300000000009626788e-08
-1.299999999981844108e-08
-1.200000000006739363e-08
-1.300000000009626788e-08
-1.300000000009626788e-08
-1.100000000003894290e-08
-1.199999999978999034e-08
-1.200000000006781715e-08
-1.099999999976153961e-08
-1.100000000031634619e-08
-1.100000000003894290e-08
-1.099999999976153961e-08
-1.100000000003894290e-08
-1.100000000003894290e-08
-1.000000000001006865e-08
-1.000000000001006865e-08
-1.000000000001006865e-08
-1.000000000001006865e-08
-8.999999999981194403e-09
-1.000000000001006865e-08
-7.999999999952320153e-09
-9.000000000258597693e-09
-8.999999999703791112e-09
-7.999999999952320153e-09
-8.000000000229723444e-09
-6.999999999923869421e-09
-8.999999999981194403e-09
-6.999999999923445904e-09
-6.999999999923445904e-09
-7.000000000201272711e-09
-6.999999999923869421e-09
-6.000000000172821978e-09
-6.999999999923869421e-09
-6.000000000172821978e-09
-6.999999999646042614e-09
-4.999999999866120922e-09
-6.000000000172821978e-09
-4.999999999866120922e-09
-6.000000000172821978e-09
-4.999999999866120922e-09
-5.000000000143947729e-09
-4.999999999866120922e-09
-4.000000000115073480e-09
-5.000000000143947729e-09
-3.999999999837246673e-09
-4.000000000115073480e-09
-4.999999999866120922e-09
-3.000000000086199231e-09
-2.999999999808795941e-09
-3.000000000086199231e-09
-4.000000000115073480e-09
-2.999999999808795941e-09
-3.000000000363602521e-09
-2.999999999808795941e-09
-3.000000000086199231e-09
-2.000000000057324982e-09
-2.999999999808795941e-09
-2.000000000057324982e-09
-9.999999997510474424e-10
-3.000000000086199231e-09
-2.000000000335151788e-09
-1.999999999779921692e-09
-1.000000000028450733e-09
-2.000000000057324982e-09
-1.999999999779921692e-09
-2.774032902257833610e-19
-2.000000000057324982e-09
-9.999999997510474424e-10
-1.000000000028874249e-09
-1.000000000028450733e-09
0.000000000000000000e+00
-1.000000000028874249e-09
-1.000000000028450733e-09
-1.000000000028874249e-09
0.000000000000000000e+00
0.000000000000000000e+00
2.774032902257833610e-19
-1.000000000306277539e-09
-1.000000000028450733e-09
2.774032902257833610e-19
-1.000000000028874249e-09
9.999999997514709589e-10
2.774032902257833610e-19
0.000000000000000000e+00
-2.774032902257833610e-19
-9.999999997514709589e-10
0.000000000000000000e+00
-2.774032902257833610e-19
0.000000000000000000e+00
1.000000000306277539e-09
-1.000000000306277539e-09
0.000000000000000000e+00
2.774032902257833610e-19
0.000000000000000000e+00
9.999999997514709589e-10
-9.999999997514709589e-10
0.000000000000000000e+00
-2.774032902257833610e-19
2.774032902257833610e-19
1.000000000028874249e-09
0.000000000000000000e+00
