-5.000000000000000000e+04 -2.263317999999999732e-05
-4.990000000000000000e+04 -2.255747000000000681e-05
-4.980000000000000000e+04 -2.250554999999997293e-05
-4.970000000000000000e+04 -2.247090000000002231e-05
-4.960000000000000000e+04 -2.244940000000000905e-05
-4.950000000000000000e+04 -2.243679999999994754e-05
-4.940000000000000000e+04 -2.243030000000003493e-05
-4.930000000000000000e+04 -2.242829999999997634e-05
-4.920000000000000000e+04 -2.242960000000001984e-05
-4.910000000000000000e+04 -2.243380000000002905e-05
-4.900000000000000000e+04 -2.244009999999990734e-05
-4.890000000000000000e+04 -2.244790000000003287e-05
-4.880000000000000000e+04 -2.245750000000004714e-05
-4.870000000000000000e+04 -2.246819999999996896e-05
-4.860000000000000000e+04 -2.247999999999999483e-05
-4.850000000000000000e+04 -2.249340000000003099e-05
-4.840000000000000000e+04 -2.250569999999993599e-05
-4.830000000000000000e+04 -2.252120000000009872e-05
-4.820000000000000000e+04 -2.253649999999996287e-05
-4.810000000000000000e+04 -2.255239999999991642e-05
-4.800000000000000000e+04 -2.256910000000001402e-05
-4.790000000000000000e+04 -2.258620000000015994e-05
-4.780000000000000000e+04 -2.260390000000000901e-05
-4.770000000000000000e+04 -2.262159999999985809e-05
-4.760000000000000000e+04 -2.264099999999991418e-05
-4.750000000000000000e+04 -2.265900000000001463e-05
-4.740000000000000000e+04 -2.267800000000013761e-05
-4.730000000000000000e+04 -2.269800000000002561e-05
-4.720000000000000000e+04 -2.271699999999987754e-05
-4.710000000000000000e+04 -2.273699999999990106e-05
-4.700000000000000000e+04 -2.275600000000043739e-05
-4.690000000000000000e+04 -2.277499999999988274e-05
-4.680000000000000000e+04 -2.279499999999989949e-05
-4.670000000000000000e+04 -2.281399999999989372e-05
-4.660000000000000000e+04 -2.283399999999991047e-05
-4.650000000000000000e+04 -2.285200000000042427e-05
-4.640000000000000000e+04 -2.286999999999984033e-05
-4.630000000000000000e+04 -2.288799999999979848e-05
-4.620000000000000000e+04 -2.290600000000004124e-05
-4.610000000000000000e+04 -2.292199999999994757e-05
-4.600000000000000000e+04 -2.293899999999987643e-05
-4.590000000000000000e+04 -2.295400000000003129e-05
-4.580000000000000000e+04 -2.296899999999990833e-05
-4.570000000000000000e+04 -2.298300000000058955e-05
-4.560000000000000000e+04 -2.299499999999982304e-05
-4.550000000000000000e+04 -2.300500000000010924e-05
-4.540000000000000000e+04 -2.301499999999984656e-05
-4.530000000000000000e+04 -2.302300000000007417e-05
-4.520000000000000000e+04 -2.302799999999965823e-05
-4.510000000000000000e+04 -2.303400000000011184e-05
-4.500000000000000000e+04 -2.303899999999998050e-05
-4.490000000000000000e+04 -2.304099999999976127e-05
-4.480000000000000000e+04 -2.304500000000070517e-05
-4.470000000000000000e+04 -2.304499999999987169e-05
-4.460000000000000000e+04 -2.304699999999993028e-05
-4.450000000000000000e+04 -2.304599999999990098e-05
-4.440000000000000000e+04 -2.304599999999990098e-05
-4.430000000000000000e+04 -2.304400000000012021e-05
-4.420000000000000000e+04 -2.304199999999978379e-05
-4.410000000000000000e+04 -2.304000000000028763e-05
-4.400000000000000000e+04 -2.303499999999958548e-05
-4.390000000000000000e+04 -2.303200000000060890e-05
-4.380000000000000000e+04 -2.302599999999988423e-05
-4.370000000000000000e+04 -2.302099999999973774e-05
-4.360000000000000000e+04 -2.301500000000011761e-05
-4.350000000000000000e+04 -2.300899999999994860e-05
-4.340000000000000000e+04 -2.300100000000027665e-05
-4.330000000000000000e+04 -2.299399999999951591e-05
-4.320000000000000000e+04 -2.298500000000037032e-05
-4.310000000000000000e+04 -2.297699999999958028e-05
-4.300000000000000000e+04 -2.296699999999984973e-05
-4.290000000000000000e+04 -2.295800000000070414e-05
-4.280000000000000000e+04 -2.294899999999989158e-05
-4.270000000000000000e+04 -2.293700000000009566e-05
-4.260000000000000000e+04 -2.292699999999980946e-05
-4.250000000000000000e+04 -2.291600000000004961e-05
-4.240000000000000000e+04 -2.290400000000026047e-05
-4.230000000000000000e+04 -2.289199999999936002e-05
-4.220000000000000000e+04 -2.288100000000071148e-05
-4.210000000000000000e+04 -2.286699999999919678e-05
-4.200000000000000000e+04 -2.285499999999996329e-05
-4.190000000000000000e+04 -2.284200000000070050e-05
-4.180000000000000000e+04 -2.282899999999921510e-05
-4.170000000000000000e+04 -2.281600000000050797e-05
-4.160000000000000000e+04 -2.280299999999957822e-05
-4.150000000000000000e+04 -2.278800000000025684e-05
-4.140000000000000000e+04 -2.277500000000043839e-05
-4.130000000000000000e+04 -2.276199999999950865e-05
-4.120000000000000000e+04 -2.274700000000074292e-05
-4.110000000000000000e+04 -2.273399999999925751e-05
-4.100000000000000000e+04 -2.272000000000052108e-05
-4.090000000000000000e+04 -2.270699999999959133e-05
-4.080000000000000000e+04 -2.269300000000029925e-05
-4.070000000000000000e+04 -2.268099999999939880e-05
-4.060000000000000000e+04 -2.266700000000066237e-05
-4.050000000000000000e+04 -2.265500000000031757e-05
-4.040000000000000000e+04 -2.264099999999935852e-05
-4.030000000000000000e+04 -2.262800000000065139e-05
-4.020000000000000000e+04 -2.261599999999919529e-05
-4.010000000000000000e+04 -2.260200000000045885e-05
-4.000000000000000000e+04 -2.258799999999949981e-05
-3.990000000000000000e+04 -2.257600000000026632e-05
-3.980000000000000000e+04 -2.256099999999983363e-05
-3.970000000000000000e+04 -2.254900000000004449e-05
-3.960000000000000000e+04 -2.253399999999961180e-05
-3.950000000000000000e+04 -2.252100000000034901e-05
-3.940000000000000000e+04 -2.250600000000047197e-05
-3.930000000000000000e+04 -2.249199999999951293e-05
-3.920000000000000000e+04 -2.247800000000077649e-05
-3.910000000000000000e+04 -2.246299999999923250e-05
-3.900000000000000000e+04 -2.244900000000049606e-05
-3.890000000000000000e+04 -2.243299999999948520e-05
-3.880000000000000000e+04 -2.241799999999960816e-05
-3.870000000000000000e+04 -2.240300000000084243e-05
-3.860000000000000000e+04 -2.238700000000038045e-05
-3.850000000000000000e+04 -2.237199999999939210e-05
-3.840000000000000000e+04 -2.235500000000057455e-05
-3.830000000000000000e+04 -2.233899999999955691e-05
-3.820000000000000000e+04 -2.232300000000076188e-05
-3.810000000000000000e+04 -2.230599999999860364e-05
-3.800000000000000000e+04 -2.228800000000031244e-05
-3.790000000000000000e+04 -2.227199999999985046e-05
-3.780000000000000000e+04 -2.225300000000096754e-05
-3.770000000000000000e+04 -2.223599999999992737e-05
-3.760000000000000000e+04 -2.221699999999993315e-05
-3.750000000000000000e+04 -2.219799999999994569e-05
-3.740000000000000000e+04 -2.217899999999995147e-05
-3.730000000000000000e+04 -2.215999999999995724e-05
-3.720000000000000000e+04 -2.214099999999996979e-05
-3.710000000000000000e+04 -2.211999999999991696e-05
-3.700000000000000000e+04 -2.209899999999987092e-05
-3.690000000000000000e+04 -2.207900000000040982e-05
-3.680000000000000000e+04 -2.205799999999924569e-05
-3.670000000000000000e+04 -2.203500000000025236e-05
-3.660000000000000000e+04 -2.201300000000072589e-05
-3.650000000000000000e+04 -2.198999999999950994e-05
-3.640000000000000000e+04 -2.196599999999993165e-05
-3.630000000000000000e+04 -2.194199999999924206e-05
-3.620000000000000000e+04 -2.191700000000130143e-05
-3.610000000000000000e+04 -2.188999999999885699e-05
-3.600000000000000000e+04 -2.186500000000091636e-05
-3.590000000000000000e+04 -2.183699999999899827e-05
-3.580000000000000000e+04 -2.181100000000047270e-05
-3.570000000000000000e+04 -2.178400000000025086e-05
-3.560000000000000000e+04 -2.175499999999997043e-05
-3.550000000000000000e+04 -2.172799999999974860e-05
-3.540000000000000000e+04 -2.170100000000063807e-05
-3.530000000000000000e+04 -2.167299999999871998e-05
-3.520000000000000000e+04 -2.164400000000066217e-05
-3.510000000000000000e+04 -2.161699999999933580e-05
-3.500000000000000000e+04 -2.158900000000075163e-05
-3.490000000000000000e+04 -2.156099999999994485e-05
-3.480000000000000000e+04 -2.153300000000024937e-05
-3.470000000000000000e+04 -2.150600000000113884e-05
-3.460000000000000000e+04 -2.148199999999933794e-05
-3.450000000000000000e+04 -2.144400000000046079e-05
-3.440000000000000000e+04 -2.142699999999942063e-05
-3.430000000000000000e+04 -2.139000000000001713e-05
-3.420000000000000000e+04 -2.137300000000008827e-05
-3.410000000000000000e+04 -2.134699999999934008e-05
-3.400000000000000000e+04 -2.131100000000052153e-05
-3.390000000000000000e+04 -2.129499999999895501e-05
-3.380000000000000000e+04 -2.126000000000072141e-05
-3.370000000000000000e+04 -2.124499999999973984e-05
-3.360000000000000000e+04 -2.121099999999986858e-05
-3.350000000000000000e+04 -2.119800000000005691e-05
-3.340000000000000000e+04 -2.117400000000158316e-05
-3.330000000000000000e+04 -2.114099999999785161e-05
-3.320000000000000000e+04 -2.113000000000143247e-05
-3.310000000000000000e+04 -2.109899999999997536e-05
-3.300000000000000000e+04 -2.108800000000022229e-05
-3.290000000000000000e+04 -2.106799999999964311e-05
-3.280000000000000000e+04 -2.103999999999994763e-05
-3.270000000000000000e+04 -2.103099999999913508e-05
-3.260000000000000000e+04 -2.100500000000060272e-05
-3.250000000000000000e+04 -2.099799999999985554e-05
-3.240000000000000000e+04 -2.098299999999886720e-05
-3.230000000000000000e+04 -2.095900000000039344e-05
-3.220000000000000000e+04 -2.095500000000028302e-05
-3.210000000000000000e+04 -2.093400000000023020e-05
-3.200000000000000000e+04 -2.093299999999965203e-05
-3.190000000000000000e+04 -2.092400000000106208e-05
-3.180000000000000000e+04 -2.090700000000000837e-05
-3.170000000000000000e+04 -2.091100000000012556e-05
-3.160000000000000000e+04 -2.089699999999972217e-05
-3.150000000000000000e+04 -2.090400000000048290e-05
-3.140000000000000000e+04 -2.090199999999931300e-05
-3.130000000000000000e+04 -2.089099999999954638e-05
-3.120000000000000000e+04 -2.090200000000042431e-05
-3.110000000000000000e+04 -2.089299999999960498e-05
-3.100000000000000000e+04 -2.090599999999943019e-05
-3.090000000000000000e+04 -2.090900000000006696e-05
-3.080000000000000000e+04 -2.090299999999989118e-05
-3.070000000000000000e+04 -2.091800000000199760e-05
-3.060000000000000000e+04 -2.091499999999801336e-05
-3.050000000000000000e+04 -2.093100000000181605e-05
-3.040000000000000000e+04 -2.093899999999982104e-05
-3.030000000000000000e+04 -2.093699999999976244e-05
-3.020000000000000000e+04 -2.095599999999975667e-05
-3.010000000000000000e+04 -2.095599999999974989e-05
-3.000000000000000000e+04 -2.097699999999980272e-05
-2.990000000000000000e+04 -2.098799999999956934e-05
-2.980000000000000000e+04 -2.098900000000014751e-05
-2.970000000000000000e+04 -2.101099999999967398e-05
-2.960000000000000000e+04 -2.101500000000089570e-05
-2.950000000000000000e+04 -2.103799999999878451e-05
-2.940000000000000000e+04 -2.105100000000193687e-05
-2.930000000000000000e+04 -2.105599999999818701e-05
-2.920000000000000000e+04 -2.108100000000169094e-05
-2.910000000000000000e+04 -2.108500000000068327e-05
-2.900000000000000000e+04 -2.111199999999868927e-05
-2.890000000000000000e+04 -2.112699999999967761e-05
-2.880000000000000000e+04 -2.113300000000095793e-05
-2.870000000000000000e+04 -2.115899999999949028e-05
-2.860000000000000000e+04 -2.116699999999971111e-05
-2.850000000000000000e+04 -2.119299999999935477e-05
-2.840000000000000000e+04 -2.121000000000040171e-05
-2.830000000000000000e+04 -2.121700000000003759e-05
-2.820000000000000000e+04 -2.124499999999973984e-05
-2.810000000000000000e+04 -2.125200000000049380e-05
-2.800000000000000000e+04 -2.128000000000130059e-05
-2.790000000000000000e+04 -2.129799999999959856e-05
-2.780000000000000000e+04 -2.130399999999976757e-05
-2.770000000000000000e+04 -2.133300000000004800e-05
-2.760000000000000000e+04 -2.133999999999969065e-05
-2.750000000000000000e+04 -2.136699999999991926e-05
-2.740000000000000000e+04 -2.137400000000066645e-05
-2.730000000000000000e+04 -2.139999999999919880e-05
-2.720000000000000000e+04 -2.141699999999913443e-05
-2.710000000000000000e+04 -2.142300000000041475e-05
-2.700000000000000000e+04 -2.144900000000005841e-05
-2.690000000000000000e+04 -2.145399999999964246e-05
-2.680000000000000000e+04 -2.147800000000033206e-05
-2.670000000000000000e+04 -2.149000000000178816e-05
-2.660000000000000000e+04 -2.149999999999874044e-05
-2.650000000000000000e+04 -2.153000000000072391e-05
-2.640000000000000000e+04 -2.153000000000071713e-05
-2.630000000000000000e+04 -2.154999999999907369e-05
-2.620000000000000000e+04 -2.156999999999964610e-05
-2.610000000000000000e+04 -2.156999999999964610e-05
-2.600000000000000000e+04 -2.159000000000022528e-05
-2.590000000000000000e+04 -2.159999999999940017e-05
-2.580000000000000000e+04 -2.162999999999915424e-05
-2.570000000000000000e+04 -2.163000000000137686e-05
-2.560000000000000000e+04 -2.164000000000054498e-05
-2.550000000000000000e+04 -2.166999999999808321e-05
-2.540000000000000000e+04 -2.166000000000112415e-05
-2.530000000000000000e+04 -2.169000000000087823e-05
-2.520000000000000000e+04 -2.170999999999923479e-05
-2.510000000000000000e+04 -2.170000000000005312e-05
-2.500000000000000000e+04 -2.172999999999980720e-05
-2.490000000000000000e+04 -2.174000000000120470e-05
-2.480000000000000000e+04 -2.175000000000038637e-05
-2.470000000000000000e+04 -2.176999999999873616e-05
-2.460000000000000000e+04 -2.177000000000095200e-05
-2.450000000000000000e+04 -2.178999999999931534e-05
-2.440000000000000000e+04 -2.178999999999930857e-05
-2.430000000000000000e+04 -2.181999999999906942e-05
-2.420000000000000000e+04 -2.183000000000046692e-05
-2.410000000000000000e+04 -2.183000000000046015e-05
-2.400000000000000000e+04 -2.185000000000103933e-05
-2.390000000000000000e+04 -2.184999999999880994e-05
-2.380000000000000000e+04 -2.188000000000079340e-05
-2.370000000000000000e+04 -2.188000000000079340e-05
-2.360000000000000000e+04 -2.188999999999996152e-05
-2.350000000000000000e+04 -2.190999999999832486e-05
-2.340000000000000000e+04 -2.191000000000054070e-05
-2.330000000000000000e+04 -2.194000000000029477e-05
-2.320000000000000000e+04 -2.194000000000029477e-05
-2.310000000000000000e+04 -2.194000000000029477e-05
-2.300000000000000000e+04 -2.196999999999782623e-05
-2.290000000000000000e+04 -2.196000000000086717e-05
-2.280000000000000000e+04 -2.199000000000062125e-05
-2.270000000000000000e+04 -2.199999999999980292e-05
-2.260000000000000000e+04 -2.199999999999979614e-05
-2.250000000000000000e+04 -2.202000000000037532e-05
-2.240000000000000000e+04 -2.202000000000037532e-05
-2.230000000000000000e+04 -2.204000000000095450e-05
-2.220000000000000000e+04 -2.204999999999790678e-05
-2.210000000000000000e+04 -2.205000000000012262e-05
-2.200000000000000000e+04 -2.207999999999988347e-05
-2.190000000000000000e+04 -2.207000000000070180e-05
-2.180000000000000000e+04 -2.208999999999905836e-05
-2.170000000000000000e+04 -2.210999999999963076e-05
-2.160000000000000000e+04 -2.210000000000044909e-05
-2.150000000000000000e+04 -2.211999999999881243e-05
-2.140000000000000000e+04 -2.213000000000242578e-05
-2.130000000000000000e+04 -2.214000000000160745e-05
-2.120000000000000000e+04 -2.214999999999856651e-05
-2.110000000000000000e+04 -2.215000000000078234e-05
-2.100000000000000000e+04 -2.216999999999913891e-05
-2.090000000000000000e+04 -2.217000000000135475e-05
-2.080000000000000000e+04 -2.218999999999749547e-05
-2.070000000000000000e+04 -2.218000000000052964e-05
-2.060000000000000000e+04 -2.221000000000029049e-05
-2.050000000000000000e+04 -2.221000000000029049e-05
-2.040000000000000000e+04 -2.221000000000028371e-05
-2.030000000000000000e+04 -2.222999999999864028e-05
-2.020000000000000000e+04 -2.221999999999945861e-05
-2.010000000000000000e+04 -2.225000000000144207e-05
-2.000000000000000000e+04 -2.224000000000004456e-05
-1.990000000000000000e+04 -2.224999999999921268e-05
-1.980000000000000000e+04 -2.226000000000061697e-05
-1.970000000000000000e+04 -2.226000000000061019e-05
-1.960000000000000000e+04 -2.227999999999897353e-05
-1.950000000000000000e+04 -2.228000000000118937e-05
-1.940000000000000000e+04 -2.226999999999979186e-05
-1.930000000000000000e+04 -2.230000000000176855e-05
-1.920000000000000000e+04 -2.227999999999896676e-05
-1.910000000000000000e+04 -2.229999999999732332e-05
-1.900000000000000000e+04 -2.231000000000094344e-05
-1.890000000000000000e+04 -2.230000000000176177e-05
-1.880000000000000000e+04 -2.231000000000094344e-05
-1.870000000000000000e+04 -2.230999999999649821e-05
-1.860000000000000000e+04 -2.232000000000011834e-05
-1.850000000000000000e+04 -2.232000000000011834e-05
-1.840000000000000000e+04 -2.232000000000234095e-05
-1.830000000000000000e+04 -2.232000000000011834e-05
-1.820000000000000000e+04 -2.231999999999789572e-05
-1.810000000000000000e+04 -2.232999999999930001e-05
-1.800000000000000000e+04 -2.233000000000373168e-05
-1.790000000000000000e+04 -2.231999999999789572e-05
-1.780000000000000000e+04 -2.232999999999930001e-05
-1.770000000000000000e+04 -2.232000000000234095e-05
-1.760000000000000000e+04 -2.232999999999930001e-05
-1.750000000000000000e+04 -2.232999999999930001e-05
-1.740000000000000000e+04 -2.230999999999871405e-05
-1.730000000000000000e+04 -2.232999999999930001e-05
-1.720000000000000000e+04 -2.231000000000315928e-05
-1.710000000000000000e+04 -2.232000000000011834e-05
-1.700000000000000000e+04 -2.231999999999790250e-05
-1.690000000000000000e+04 -2.230999999999871405e-05
-1.680000000000000000e+04 -2.232000000000011834e-05
-1.670000000000000000e+04 -2.230000000000176177e-05
-1.660000000000000000e+04 -2.230999999999872083e-05
-1.650000000000000000e+04 -2.231000000000094344e-05
-1.640000000000000000e+04 -2.230000000000176177e-05
-1.630000000000000000e+04 -2.229999999999954593e-05
-1.620000000000000000e+04 -2.229999999999731654e-05
-1.610000000000000000e+04 -2.229999999999954593e-05
-1.600000000000000000e+04 -2.229999999999954593e-05
-1.590000000000000000e+04 -2.229000000000258688e-05
-1.580000000000000000e+04 -2.229999999999954593e-05
-1.570000000000000000e+04 -2.227999999999896676e-05
-1.560000000000000000e+04 -2.229999999999954593e-05
-1.550000000000000000e+04 -2.229000000000480272e-05
-1.540000000000000000e+04 -2.228999999999814165e-05
-1.530000000000000000e+04 -2.228999999999814843e-05
-1.520000000000000000e+04 -2.227999999999896676e-05
-1.510000000000000000e+04 -2.229000000000258010e-05
-1.500000000000000000e+04 -2.229999999999954593e-05
-1.490000000000000000e+04 -2.227999999999896676e-05
-1.480000000000000000e+04 -2.229000000000037104e-05
-1.470000000000000000e+04 -2.229000000000258688e-05
-1.460000000000000000e+04 -2.229999999999954593e-05
-1.450000000000000000e+04 -2.228999999999814165e-05
-1.440000000000000000e+04 -2.229999999999954593e-05
-1.430000000000000000e+04 -2.229999999999954593e-05
-1.420000000000000000e+04 -2.230000000000176177e-05
-1.410000000000000000e+04 -2.232000000000011834e-05
-1.400000000000000000e+04 -2.229999999999731654e-05
-1.390000000000000000e+04 -2.232999999999930001e-05
-1.380000000000000000e+04 -2.232000000000455001e-05
-1.370000000000000000e+04 -2.232999999999707062e-05
-1.360000000000000000e+04 -2.234000000000069752e-05
-1.350000000000000000e+04 -2.235000000000209502e-05
-1.340000000000000000e+04 -2.235999999999905408e-05
-1.330000000000000000e+04 -2.237999999999962648e-05
-1.320000000000000000e+04 -2.236999999999822220e-05
-1.310000000000000000e+04 -2.240000000000019889e-05
-1.300000000000000000e+04 -2.240000000000242150e-05
-1.290000000000000000e+04 -2.241999999999855545e-05
-1.280000000000000000e+04 -2.242999999999995296e-05
-1.270000000000000000e+04 -2.243999999999912785e-05
-1.260000000000000000e+04 -2.246000000000191609e-05
-1.250000000000000000e+04 -2.245999999999970026e-05
-1.240000000000000000e+04 -2.247999999999806360e-05
-1.230000000000000000e+04 -2.250000000000085861e-05
-1.220000000000000000e+04 -2.250000000000307445e-05
-1.210000000000000000e+04 -2.251999999999920840e-05
-1.200000000000000000e+04 -2.251999999999698579e-05
-1.190000000000000000e+04 -2.253999999999978758e-05
-1.180000000000000000e+04 -2.256000000000035998e-05
-1.170000000000000000e+04 -2.256000000000258260e-05
-1.160000000000000000e+04 -2.256999999999954165e-05
-1.150000000000000000e+04 -2.257999999999648716e-05
-1.140000000000000000e+04 -2.259999999999928895e-05
-1.130000000000000000e+04 -2.261000000000511814e-05
-1.120000000000000000e+04 -2.259999999999706634e-05
-1.110000000000000000e+04 -2.261999999999986813e-05
-1.100000000000000000e+04 -2.262000000000208397e-05
-1.090000000000000000e+04 -2.264000000000044053e-05
-1.080000000000000000e+04 -2.264000000000044053e-05
-1.070000000000000000e+04 -2.262999999999681363e-05
-1.060000000000000000e+04 -2.264999999999961543e-05
-1.050000000000000000e+04 -2.264000000000265637e-05
-1.040000000000000000e+04 -2.264999999999961543e-05
-1.030000000000000000e+04 -2.265999999999879710e-05
-1.020000000000000000e+04 -2.263999999999821114e-05
-1.010000000000000000e+04 -2.264999999999961543e-05
-1.000000000000000000e+04 -2.264000000000265637e-05
-9.900000000000000000e+03 -2.264000000000044053e-05
-9.800000000000000000e+03 -2.263999999999821792e-05
-9.700000000000000000e+03 -2.262000000000430658e-05
-9.600000000000000000e+03 -2.262999999999904303e-05
-9.500000000000000000e+03 -2.259999999999706634e-05
-9.400000000000000000e+03 -2.259999999999928895e-05
-9.300000000000000000e+03 -2.259000000000011406e-05
-9.200000000000000000e+03 -2.256000000000258260e-05
-9.100000000000000000e+03 -2.254999999999896248e-05
-9.000000000000000000e+03 -2.251999999999920163e-05
-8.900000000000000000e+03 -2.249999999999863600e-05
-8.800000000000000000e+03 -2.248000000000471111e-05
-8.700000000000000000e+03 -2.243999999999690524e-05
-8.600000000000000000e+03 -2.242000000000077807e-05
-8.500000000000000000e+03 -2.237999999999739709e-05
-8.400000000000000000e+03 -2.236000000000348576e-05
-8.300000000000000000e+03 -2.230999999999871405e-05
-8.200000000000000000e+03 -2.229999999999954593e-05
-8.100000000000000000e+03 -2.224999999999921946e-05
-8.000000000000000000e+03 -2.221000000000250633e-05
-7.900000000000000000e+03 -2.218000000000053642e-05
-7.800000000000000000e+03 -2.213999999999716222e-05
-7.700000000000000000e+03 -2.210000000000045587e-05
-7.600000000000000000e+03 -2.206999999999848596e-05
-7.500000000000000000e+03 -2.202000000000259793e-05
-7.400000000000000000e+03 -2.199000000000062125e-05
-7.300000000000000000e+03 -2.192999999999667465e-05
-7.200000000000000000e+03 -2.191000000000497237e-05
-7.100000000000000000e+03 -2.186999999999939589e-05
-7.000000000000000000e+03 -2.181999999999684002e-05
-6.900000000000000000e+03 -2.178999999999931534e-05
-6.800000000000000000e+03 -2.174000000000342732e-05
-6.700000000000000000e+03 -2.170999999999923479e-05
-6.600000000000000000e+03 -2.167000000000030583e-05
-6.500000000000000000e+03 -2.161999999999774996e-05
-6.400000000000000000e+03 -2.159000000000022528e-05
-6.300000000000000000e+03 -2.154000000000211464e-05
-6.200000000000000000e+03 -2.151999999999931962e-05
-6.100000000000000000e+03 -2.148000000000039065e-05
-6.000000000000000000e+03 -2.143999999999701646e-05
-5.900000000000000000e+03 -2.141000000000392345e-05
-5.800000000000000000e+03 -2.136999999999833342e-05
-5.700000000000000000e+03 -2.133999999999858612e-05
-5.600000000000000000e+03 -2.132000000000022956e-05
-5.500000000000000000e+03 -2.128000000000352320e-05
-5.400000000000000000e+03 -2.124999999999933068e-05
-5.300000000000000000e+03 -2.122999999999652888e-05
-5.200000000000000000e+03 -2.120000000000122004e-05
-5.100000000000000000e+03 -2.118999999999760669e-05
-5.000000000000000000e+03 -2.115000000000310940e-05
-4.900000000000000000e+03 -2.113999999999949605e-05
-4.800000000000000000e+03 -2.111999999999891687e-05
-4.700000000000000000e+03 -2.110999999999974198e-05
-4.600000000000000000e+03 -2.111000000000417366e-05
-4.500000000000000000e+03 -2.107999999999776529e-05
-4.400000000000000000e+03 -2.109999999999834447e-05
-4.300000000000000000e+03 -2.108000000000221052e-05
-4.200000000000000000e+03 -2.110000000000056709e-05
-4.100000000000000000e+03 -2.110000000000056709e-05
-4.000000000000000000e+03 -2.108999999999694019e-05
-3.900000000000000000e+03 -2.111999999999892365e-05
-3.800000000000000000e+03 -2.111000000000418043e-05
-3.700000000000000000e+03 -2.113999999999949605e-05
-3.600000000000000000e+03 -2.114999999999867095e-05
-3.500000000000000000e+03 -2.114999999999644833e-05
-3.400000000000000000e+03 -2.118000000000287025e-05
-3.300000000000000000e+03 -2.118999999999982253e-05
-3.200000000000000000e+03 -2.121999999999957660e-05
-3.100000000000000000e+03 -2.124000000000237162e-05
-3.000000000000000000e+03 -2.124999999999932390e-05
-2.900000000000000000e+03 -2.127999999999907797e-05
-2.800000000000000000e+03 -2.129000000000047548e-05
-2.700000000000000000e+03 -2.132999999999718861e-05
-2.600000000000000000e+03 -2.134999999999998363e-05
-2.500000000000000000e+03 -2.137000000000277865e-05
-2.400000000000000000e+03 -2.140000000000253272e-05
-2.300000000000000000e+03 -2.141999999999643728e-05
-2.200000000000000000e+03 -2.145999999999759564e-05
-2.100000000000000000e+03 -2.148000000000482233e-05
-2.000000000000000000e+03 -2.149999999999874044e-05
-1.900000000000000000e+03 -2.153999999999989880e-05
-1.800000000000000000e+03 -2.155999999999824181e-05
-1.700000000000000000e+03 -2.159000000000243434e-05
-1.600000000000000000e+03 -2.161999999999774996e-05
-1.500000000000000000e+03 -2.165000000000194926e-05
-1.400000000000000000e+03 -2.167999999999725811e-05
-1.300000000000000000e+03 -2.169000000000309407e-05
-1.200000000000000000e+03 -2.172999999999980720e-05
-1.100000000000000000e+03 -2.174999999999815698e-05
-1.000000000000000000e+03 -2.177999999999791783e-05
-9.000000000000000000e+02 -2.181000000000211036e-05
-8.000000000000000000e+02 -2.183000000000046015e-05
-7.000000000000000000e+02 -2.184999999999881671e-05
-6.000000000000000000e+02 -2.187000000000160495e-05
-5.000000000000000000e+02 -2.191000000000275653e-05
-4.000000000000000000e+02 -2.191999999999972237e-05
-3.000000000000000000e+02 -2.192999999999667465e-05
-2.000000000000000000e+02 -2.196000000000087395e-05
-1.000000000000000000e+02 -2.197000000000226468e-05
0.000000000000000000e+00 -2.199000000000062125e-05
1.000000000000000000e+02 -2.200999999999897781e-05
2.000000000000000000e+02 -2.199999999999757353e-05
3.000000000000000000e+02 -2.202000000000037532e-05
4.000000000000000000e+02 -2.202000000000037532e-05
5.000000000000000000e+02 -2.203999999999873188e-05
6.000000000000000000e+02 -2.204000000000317034e-05
7.000000000000000000e+02 -2.202999999999732760e-05
8.000000000000000000e+02 -2.205000000000456107e-05
9.000000000000000000e+02 -2.203999999999428665e-05
1.000000000000000000e+03 -2.205000000000012939e-05
1.100000000000000000e+03 -2.203999999999873188e-05
1.200000000000000000e+03 -2.204000000000317034e-05
1.300000000000000000e+03 -2.204000000000317034e-05
1.400000000000000000e+03 -2.201999999999593009e-05
1.500000000000000000e+03 -2.203999999999873188e-05
1.600000000000000000e+03 -2.202000000000037532e-05
1.700000000000000000e+03 -2.201000000000341626e-05
1.800000000000000000e+03 -2.200999999999897781e-05
1.900000000000000000e+03 -2.199999999999757353e-05
2.000000000000000000e+03 -2.199000000000062125e-05
2.100000000000000000e+03 -2.198000000000365541e-05
2.200000000000000000e+03 -2.195999999999642194e-05
2.300000000000000000e+03 -2.196000000000087395e-05
2.400000000000000000e+03 -2.194000000000251738e-05
2.500000000000000000e+03 -2.193000000000111988e-05
2.600000000000000000e+03 -2.191999999999972237e-05
2.700000000000000000e+03 -2.189999999999692057e-05
2.800000000000000000e+03 -2.188999999999996829e-05
2.900000000000000000e+03 -2.186000000000021422e-05
3.000000000000000000e+03 -2.184999999999881671e-05
3.100000000000000000e+03 -2.184000000000186443e-05
3.200000000000000000e+03 -2.180999999999766513e-05
3.300000000000000000e+03 -2.180000000000071285e-05
3.400000000000000000e+03 -2.177000000000095878e-05
3.500000000000000000e+03 -2.175999999999956127e-05
3.600000000000000000e+03 -2.174000000000120470e-05
3.700000000000000000e+03 -2.171000000000145063e-05
3.800000000000000000e+03 -2.170000000000005312e-05
3.900000000000000000e+03 -2.166999999999585382e-05
4.000000000000000000e+03 -2.165000000000194926e-05
4.100000000000000000e+03 -2.163999999999611330e-05
4.200000000000000000e+03 -2.160000000000383862e-05
4.300000000000000000e+03 -2.158000000000104361e-05
4.400000000000000000e+03 -2.155999999999824181e-05
4.500000000000000000e+03 -2.153999999999989880e-05
4.600000000000000000e+03 -2.150000000000318567e-05
4.700000000000000000e+03 -2.148999999999734971e-05
4.800000000000000000e+03 -2.146999999999899315e-05
4.900000000000000000e+03 -2.142999999999783479e-05
5.000000000000000000e+03 -2.142000000000532096e-05
5.100000000000000000e+03 -2.137999999999973093e-05
5.200000000000000000e+03 -2.136999999999834019e-05
5.300000000000000000e+03 -2.133999999999858612e-05
5.400000000000000000e+03 -2.131000000000327050e-05
5.500000000000000000e+03 -2.129000000000048226e-05
5.600000000000000000e+03 -2.125999999999627618e-05
5.700000000000000000e+03 -2.123999999999793317e-05
5.800000000000000000e+03 -2.121000000000261755e-05
5.900000000000000000e+03 -2.118000000000286347e-05
6.000000000000000000e+03 -2.116999999999702751e-05
6.100000000000000000e+03 -2.113000000000031438e-05
6.200000000000000000e+03 -2.111000000000195782e-05
6.300000000000000000e+03 -2.108999999999916958e-05
6.400000000000000000e+03 -2.104999999999801122e-05
6.500000000000000000e+03 -2.104000000000105894e-05
6.600000000000000000e+03 -2.101000000000130487e-05
6.700000000000000000e+03 -2.098999999999851663e-05
6.800000000000000000e+03 -2.097000000000016006e-05
6.900000000000000000e+03 -2.092999999999900170e-05
7.000000000000000000e+03 -2.091999999999761097e-05
7.100000000000000000e+03 -2.089000000000674058e-05
7.200000000000000000e+03 -2.086999999999950711e-05
7.300000000000000000e+03 -2.085999999999810282e-05
7.400000000000000000e+03 -2.081999999999695124e-05
7.500000000000000000e+03 -2.080000000000303313e-05
7.600000000000000000e+03 -2.078000000000023811e-05
7.700000000000000000e+03 -2.076999999999884738e-05
7.800000000000000000e+03 -2.073999999999909331e-05
7.900000000000000000e+03 -2.072000000000073674e-05
8.000000000000000000e+03 -2.070999999999934601e-05
8.100000000000000000e+03 -2.067999999999958516e-05
8.200000000000000000e+03 -2.066999999999819443e-05
8.300000000000000000e+03 -2.064999999999983786e-05
8.400000000000000000e+03 -2.063000000000591975e-05
8.500000000000000000e+03 -2.061999999999564534e-05
8.600000000000000000e+03 -2.060000000000172723e-05
8.700000000000000000e+03 -2.058999999999589127e-05
8.800000000000000000e+03 -2.058000000000780911e-05
8.900000000000000000e+03 -2.055999999999613719e-05
9.000000000000000000e+03 -2.054999999999918491e-05
9.100000000000000000e+03 -2.053000000000526680e-05
9.200000000000000000e+03 -2.053999999999778740e-05
9.300000000000000000e+03 -2.051999999999943084e-05
9.400000000000000000e+03 -2.050999999999802655e-05
9.500000000000000000e+03 -2.050999999999803333e-05
9.600000000000000000e+03 -2.049000000000411522e-05
9.700000000000000000e+03 -2.050000000000107427e-05
9.800000000000000000e+03 -2.048999999999967677e-05
9.900000000000000000e+03 -2.047999999999383403e-05
1.000000000000000000e+04 -2.048999999999967677e-05
1.010000000000000000e+04 -2.048000000000271771e-05
1.020000000000000000e+04 -2.048000000000272449e-05
1.030000000000000000e+04 -2.047999999999827926e-05
1.040000000000000000e+04 -2.048000000000271771e-05
1.050000000000000000e+04 -2.047999999999827926e-05
1.060000000000000000e+04 -2.047999999999827248e-05
1.070000000000000000e+04 -2.048999999999967677e-05
1.080000000000000000e+04 -2.048999999999967677e-05
1.090000000000000000e+04 -2.048000000000271771e-05
1.100000000000000000e+04 -2.050000000000107427e-05
1.110000000000000000e+04 -2.049999999999662905e-05
1.120000000000000000e+04 -2.050999999999803333e-05
1.130000000000000000e+04 -2.050000000000551273e-05
1.140000000000000000e+04 -2.052999999999638990e-05
1.150000000000000000e+04 -2.053000000000526002e-05
1.160000000000000000e+04 -2.052999999999638312e-05
1.170000000000000000e+04 -2.055000000000362337e-05
1.180000000000000000e+04 -2.054999999999473968e-05
1.190000000000000000e+04 -2.057000000000197993e-05
1.200000000000000000e+04 -2.057999999999893899e-05
1.210000000000000000e+04 -2.058999999999588449e-05
1.220000000000000000e+04 -2.060000000000173400e-05
1.230000000000000000e+04 -2.061000000000756996e-05
1.240000000000000000e+04 -2.062999999999704285e-05
1.250000000000000000e+04 -2.064999999999983786e-05
1.260000000000000000e+04 -2.064999999999983109e-05
1.270000000000000000e+04 -2.066999999999819443e-05
1.280000000000000000e+04 -2.067999999999958516e-05
1.290000000000000000e+04 -2.070999999999934601e-05
1.300000000000000000e+04 -2.072000000000074352e-05
1.310000000000000000e+04 -2.074000000000353854e-05
1.320000000000000000e+04 -2.076000000000189510e-05
1.330000000000000000e+04 -2.075999999999744310e-05
1.340000000000000000e+04 -2.079999999999860145e-05
1.350000000000000000e+04 -2.082000000000139647e-05
1.360000000000000000e+04 -2.081999999999695124e-05
1.370000000000000000e+04 -2.085999999999810282e-05
1.380000000000000000e+04 -2.086999999999950033e-05
1.390000000000000000e+04 -2.089999999999925441e-05
1.400000000000000000e+04 -2.092999999999900848e-05
1.410000000000000000e+04 -2.094000000000928967e-05
1.420000000000000000e+04 -2.096999999999571483e-05
1.430000000000000000e+04 -2.098000000000155079e-05
1.440000000000000000e+04 -2.101999999999826392e-05
1.450000000000000000e+04 -2.104000000000105894e-05
1.460000000000000000e+04 -2.105999999999497028e-05
1.470000000000000000e+04 -2.108999999999916958e-05
1.480000000000000000e+04 -2.110000000000945077e-05
1.490000000000000000e+04 -2.113999999999727344e-05
1.500000000000000000e+04 -2.116000000000006846e-05
1.510000000000000000e+04 -2.117999999999841825e-05
1.520000000000000000e+04 -2.120999999999817909e-05
1.530000000000000000e+04 -2.121999999999956983e-05
1.540000000000000000e+04 -2.126000000000072819e-05
1.550000000000000000e+04 -2.127999999999907797e-05
1.560000000000000000e+04 -2.128999999999603025e-05
1.570000000000000000e+04 -2.132000000000910646e-05
1.580000000000000000e+04 -2.132999999999718183e-05
1.590000000000000000e+04 -2.137000000000277865e-05
1.600000000000000000e+04 -2.138999999999668998e-05
1.610000000000000000e+04 -2.139000000000112843e-05
1.620000000000000000e+04 -2.142999999999784156e-05
1.630000000000000000e+04 -2.143999999999923230e-05
1.640000000000000000e+04 -2.145999999999759564e-05
1.650000000000000000e+04 -2.148000000000039065e-05
1.660000000000000000e+04 -2.149000000000623339e-05
1.670000000000000000e+04 -2.152000000000154224e-05
1.680000000000000000e+04 -2.151999999999709701e-05
1.690000000000000000e+04 -2.153999999999989880e-05
1.700000000000000000e+04 -2.155999999999824859e-05
1.710000000000000000e+04 -2.156999999999963932e-05
1.720000000000000000e+04 -2.157999999999660515e-05
1.730000000000000000e+04 -2.158000000000992729e-05
1.740000000000000000e+04 -2.161000000000079768e-05
1.750000000000000000e+04 -2.159999999999495494e-05
1.760000000000000000e+04 -2.162000000000219519e-05
1.770000000000000000e+04 -2.162999999999915424e-05
1.780000000000000000e+04 -2.161999999999774996e-05
1.790000000000000000e+04 -2.164000000000055175e-05
1.800000000000000000e+04 -2.162999999999470901e-05
1.810000000000000000e+04 -2.162999999999915424e-05
1.820000000000000000e+04 -2.164000000000942866e-05
1.830000000000000000e+04 -2.161999999999774996e-05
1.840000000000000000e+04 -2.162999999999915424e-05
1.850000000000000000e+04 -2.159999999999939339e-05
1.860000000000000000e+04 -2.161000000000079768e-05
1.870000000000000000e+04 -2.159999999999940017e-05
1.880000000000000000e+04 -2.157999999999659838e-05
1.890000000000000000e+04 -2.156999999999964610e-05
1.900000000000000000e+04 -2.155000000000573476e-05
1.910000000000000000e+04 -2.155000000000129631e-05
1.920000000000000000e+04 -2.152999999999850129e-05
1.930000000000000000e+04 -2.151000000000013795e-05
1.940000000000000000e+04 -2.149999999999874722e-05
1.950000000000000000e+04 -2.147999999999594542e-05
1.960000000000000000e+04 -2.146999999999899315e-05
1.970000000000000000e+04 -2.145000000000063658e-05
1.980000000000000000e+04 -2.143000000000672524e-05
1.990000000000000000e+04 -2.140999999999949177e-05
2.000000000000000000e+04 -2.139999999999808749e-05
2.010000000000000000e+04 -2.137999999999973770e-05
2.020000000000000000e+04 -2.136000000000138114e-05
2.030000000000000000e+04 -2.133999999999857934e-05
2.040000000000000000e+04 -2.132999999999718861e-05
2.050000000000000000e+04 -2.129999999999742776e-05
2.060000000000000000e+04 -2.130000000000187977e-05
2.070000000000000000e+04 -2.128000000000795488e-05
2.080000000000000000e+04 -2.124999999999932390e-05
2.090000000000000000e+04 -2.124999999999933068e-05
2.100000000000000000e+04 -2.121999999999513137e-05
2.110000000000000000e+04 -2.121999999999957660e-05
2.120000000000000000e+04 -2.120000000000122004e-05
2.130000000000000000e+04 -2.117999999999841825e-05
2.140000000000000000e+04 -2.117999999999842502e-05
2.150000000000000000e+04 -2.115000000000755463e-05
2.160000000000000000e+04 -2.116000000000006846e-05
2.170000000000000000e+04 -2.114999999999867095e-05
2.180000000000000000e+04 -2.113000000000031438e-05
2.190000000000000000e+04 -2.112999999999587593e-05
2.200000000000000000e+04 -2.111000000000195782e-05
2.210000000000000000e+04 -2.111999999999892365e-05
2.220000000000000000e+04 -2.111999999999892365e-05
2.230000000000000000e+04 -2.110999999999751937e-05
2.240000000000000000e+04 -2.112000000000780056e-05
2.250000000000000000e+04 -2.110999999999751937e-05
2.260000000000000000e+04 -2.111999999999892365e-05
2.270000000000000000e+04 -2.113000000000032116e-05
2.280000000000000000e+04 -2.113999999999726666e-05
2.290000000000000000e+04 -2.115000000000311618e-05
2.300000000000000000e+04 -2.115999999999562323e-05
2.310000000000000000e+04 -2.118999999999982253e-05
2.320000000000000000e+04 -2.120999999999817909e-05
2.330000000000000000e+04 -2.122000000000846028e-05
2.340000000000000000e+04 -2.124999999999933068e-05
2.350000000000000000e+04 -2.125999999999627618e-05
2.360000000000000000e+04 -2.130000000000187977e-05
2.370000000000000000e+04 -2.132000000000022956e-05
2.380000000000000000e+04 -2.133999999999857934e-05
2.390000000000000000e+04 -2.137999999999973770e-05
2.400000000000000000e+04 -2.139000000000558044e-05
2.410000000000000000e+04 -2.143999999999923907e-05
2.420000000000000000e+04 -2.144999999999619135e-05
2.430000000000000000e+04 -2.149000000000178816e-05
2.440000000000000000e+04 -2.151999999999710378e-05
2.450000000000000000e+04 -2.155000000000128953e-05
2.460000000000000000e+04 -2.157999999999660515e-05
2.470000000000000000e+04 -2.161000000000079090e-05
2.480000000000000000e+04 -2.164999999999751081e-05
2.490000000000000000e+04 -2.168000000001058024e-05
2.500000000000000000e+04 -2.169999999999560789e-05
2.510000000000000000e+04 -2.175000000000260221e-05
2.520000000000000000e+04 -2.175999999999511604e-05
2.530000000000000000e+04 -2.181000000000211036e-05
2.540000000000000000e+04 -2.183999999999741920e-05
2.550000000000000000e+04 -2.186999999999716650e-05
2.560000000000000000e+04 -2.190000000000136580e-05
2.570000000000000000e+04 -2.192000000000860605e-05
2.580000000000000000e+04 -2.195999999999642872e-05
2.590000000000000000e+04 -2.200000000000201875e-05
2.600000000000000000e+04 -2.200999999999453258e-05
2.610000000000000000e+04 -2.205000000000012939e-05
2.620000000000000000e+04 -2.206000000000152012e-05
2.630000000000000000e+04 -2.209999999999823325e-05
2.640000000000000000e+04 -2.212999999999798733e-05
2.650000000000000000e+04 -2.214000000000826852e-05
2.660000000000000000e+04 -2.218000000000053642e-05
2.670000000000000000e+04 -2.217999999999609119e-05
2.680000000000000000e+04 -2.222000000000168800e-05
2.690000000000000000e+04 -2.224000000000004456e-05
2.700000000000000000e+04 -2.223999999999559256e-05
2.710000000000000000e+04 -2.226999999999979186e-05
2.720000000000000000e+04 -2.226999999999978508e-05
2.730000000000000000e+04 -2.228999999999814843e-05
2.740000000000000000e+04 -2.230000000000842284e-05
2.750000000000000000e+04 -2.228999999999814165e-05
2.760000000000000000e+04 -2.231000000000094344e-05
2.770000000000000000e+04 -2.229999999999510071e-05
2.780000000000000000e+04 -2.231000000000094344e-05
2.790000000000000000e+04 -2.231000000000094344e-05
2.800000000000000000e+04 -2.229999999999510071e-05
2.810000000000000000e+04 -2.231000000000094344e-05
2.820000000000000000e+04 -2.229000000000703211e-05
2.830000000000000000e+04 -2.228999999999814843e-05
2.840000000000000000e+04 -2.229000000000258688e-05
2.850000000000000000e+04 -2.226999999999534663e-05
2.860000000000000000e+04 -2.226999999999979186e-05
2.870000000000000000e+04 -2.225999999999838758e-05
2.880000000000000000e+04 -2.225000000000144207e-05
2.890000000000000000e+04 -2.224999999999699684e-05
2.900000000000000000e+04 -2.221999999999723599e-05
2.910000000000000000e+04 -2.222000000001056490e-05
2.920000000000000000e+04 -2.219999999999888621e-05
2.930000000000000000e+04 -2.219999999999889298e-05
2.940000000000000000e+04 -2.218999999999749547e-05
2.950000000000000000e+04 -2.215999999999773462e-05
2.960000000000000000e+04 -2.215000000000078234e-05
2.970000000000000000e+04 -2.213999999999937806e-05
2.980000000000000000e+04 -2.212999999999798733e-05
2.990000000000000000e+04 -2.210999999999963076e-05
3.000000000000000000e+04 -2.210000000000711694e-05
3.010000000000000000e+04 -2.207999999999988347e-05
3.020000000000000000e+04 -2.206999999999847918e-05
3.030000000000000000e+04 -2.205999999999708845e-05
3.040000000000000000e+04 -2.203000000000176605e-05
3.050000000000000000e+04 -2.203999999999873188e-05
3.060000000000000000e+04 -2.202000000000037532e-05
3.070000000000000000e+04 -2.199000000000506647e-05
3.080000000000000000e+04 -2.200000000000201875e-05
3.090000000000000000e+04 -2.196999999999781945e-05
3.100000000000000000e+04 -2.196999999999782623e-05
3.110000000000000000e+04 -2.196000000000087395e-05
3.120000000000000000e+04 -2.194999999999502444e-05
3.130000000000000000e+04 -2.194000000000251738e-05
3.140000000000000000e+04 -2.191999999999527714e-05
3.150000000000000000e+04 -2.193000000000111988e-05
3.160000000000000000e+04 -2.192000000000859927e-05
3.170000000000000000e+04 -2.189999999999692057e-05
3.180000000000000000e+04 -2.191999999999972237e-05
3.190000000000000000e+04 -2.189999999999692057e-05
3.200000000000000000e+04 -2.191000000000276331e-05
3.210000000000000000e+04 -2.191999999999972237e-05
3.220000000000000000e+04 -2.189999999999692057e-05
3.230000000000000000e+04 -2.192999999999668142e-05
3.240000000000000000e+04 -2.191000000000720854e-05
3.250000000000000000e+04 -2.194000000000251738e-05
3.260000000000000000e+04 -2.193999999999807893e-05
3.270000000000000000e+04 -2.192999999999667465e-05
3.280000000000000000e+04 -2.196000000000087395e-05
3.290000000000000000e+04 -2.194999999999946966e-05
3.300000000000000000e+04 -2.197999999999922374e-05
3.310000000000000000e+04 -2.197999999999922374e-05
3.320000000000000000e+04 -2.199000000000506647e-05
3.330000000000000000e+04 -2.200999999999897781e-05
3.340000000000000000e+04 -2.200000000000201198e-05
3.350000000000000000e+04 -2.203999999999873188e-05
3.360000000000000000e+04 -2.203999999999873188e-05
3.370000000000000000e+04 -2.204999999999568416e-05
3.380000000000000000e+04 -2.207000000000292441e-05
3.390000000000000000e+04 -2.206999999999847918e-05
3.400000000000000000e+04 -2.209999999999823325e-05
3.410000000000000000e+04 -2.212000000000990518e-05
3.420000000000000000e+04 -2.210999999999518553e-05
3.430000000000000000e+04 -2.215000000000078234e-05
3.440000000000000000e+04 -2.213999999999937806e-05
3.450000000000000000e+04 -2.217999999999609796e-05
3.460000000000000000e+04 -2.219000000000193393e-05
3.470000000000000000e+04 -2.218999999999748870e-05
3.480000000000000000e+04 -2.222000000000168800e-05
3.490000000000000000e+04 -2.222000000000612645e-05
3.500000000000000000e+04 -2.224999999999699684e-05
3.510000000000000000e+04 -2.226999999999979186e-05
3.520000000000000000e+04 -2.226999999999978508e-05
3.530000000000000000e+04 -2.228999999999814843e-05
3.540000000000000000e+04 -2.229999999999953916e-05
3.550000000000000000e+04 -2.231999999999790250e-05
3.560000000000000000e+04 -2.234000000000069752e-05
3.570000000000000000e+04 -2.234000000000514274e-05
3.580000000000000000e+04 -2.235999999999905408e-05
3.590000000000000000e+04 -2.237000000000044481e-05
3.600000000000000000e+04 -2.237999999999740387e-05
3.610000000000000000e+04 -2.240000000000019889e-05
3.620000000000000000e+04 -2.240999999999715117e-05
3.630000000000000000e+04 -2.242000000000299390e-05
3.640000000000000000e+04 -2.241999999999854867e-05
3.650000000000000000e+04 -2.243999999999691202e-05
3.660000000000000000e+04 -2.244000000000135047e-05
3.670000000000000000e+04 -2.244000000000579570e-05
3.680000000000000000e+04 -2.245999999999970703e-05
3.690000000000000000e+04 -2.245999999999970026e-05
3.700000000000000000e+04 -2.246999999999666609e-05
3.710000000000000000e+04 -2.245999999999970026e-05
3.720000000000000000e+04 -2.247999999999806360e-05
3.730000000000000000e+04 -2.248000000000250205e-05
3.740000000000000000e+04 -2.248000000000694728e-05
3.750000000000000000e+04 -2.247999999999806360e-05
3.760000000000000000e+04 -2.247999999999805682e-05
3.770000000000000000e+04 -2.250000000000085861e-05
3.780000000000000000e+04 -2.248999999999946111e-05
3.790000000000000000e+04 -2.248999999999500910e-05
3.800000000000000000e+04 -2.248999999999946111e-05
3.810000000000000000e+04 -2.248999999999945433e-05
3.820000000000000000e+04 -2.250000000000085861e-05
3.830000000000000000e+04 -2.250000000000529029e-05
3.840000000000000000e+04 -2.247999999999805682e-05
3.850000000000000000e+04 -2.250000000000085861e-05
3.860000000000000000e+04 -2.248999999999945433e-05
3.870000000000000000e+04 -2.248999999999946111e-05
3.880000000000000000e+04 -2.249999999999641339e-05
3.890000000000000000e+04 -2.247999999999805682e-05
3.900000000000000000e+04 -2.249000000000389956e-05
3.910000000000000000e+04 -2.248000000000694728e-05
3.920000000000000000e+04 -2.248999999999946111e-05
3.930000000000000000e+04 -2.248999999999946111e-05
3.940000000000000000e+04 -2.247999999999805682e-05
3.950000000000000000e+04 -2.247999999999806360e-05
3.960000000000000000e+04 -2.246999999999665931e-05
3.970000000000000000e+04 -2.248000000000250205e-05
3.980000000000000000e+04 -2.246999999999666609e-05
3.990000000000000000e+04 -2.247000000000554977e-05
4.000000000000000000e+04 -2.247000000000110454e-05
4.010000000000000000e+04 -2.245999999999970026e-05
4.020000000000000000e+04 -2.245999999999970703e-05
4.030000000000000000e+04 -2.246999999999666609e-05
4.040000000000000000e+04 -2.244999999999830275e-05
4.050000000000000000e+04 -2.245999999999970703e-05
4.060000000000000000e+04 -2.244999999999830275e-05
4.070000000000000000e+04 -2.244999999999830952e-05
4.080000000000000000e+04 -2.245000000001162488e-05
4.090000000000000000e+04 -2.244999999999830275e-05
4.100000000000000000e+04 -2.243999999999691202e-05
4.110000000000000000e+04 -2.244000000000134369e-05
4.120000000000000000e+04 -2.244999999999830952e-05
4.130000000000000000e+04 -2.244999999999830952e-05
4.140000000000000000e+04 -2.242999999999994618e-05
4.150000000000000000e+04 -2.244999999999830952e-05
4.160000000000000000e+04 -2.243000000000883664e-05
4.170000000000000000e+04 -2.243999999999691202e-05
4.180000000000000000e+04 -2.244000000000135047e-05
4.190000000000000000e+04 -2.243999999999690524e-05
4.200000000000000000e+04 -2.244000000000135047e-05
4.210000000000000000e+04 -2.242999999999550773e-05
4.220000000000000000e+04 -2.244999999999830952e-05
4.230000000000000000e+04 -2.244000000000135047e-05
4.240000000000000000e+04 -2.244000000000579570e-05
4.250000000000000000e+04 -2.244000000000135047e-05
4.260000000000000000e+04 -2.243999999999690524e-05
4.270000000000000000e+04 -2.245000000000274798e-05
4.280000000000000000e+04 -2.244999999999386430e-05
4.290000000000000000e+04 -2.244000000000134369e-05
4.300000000000000000e+04 -2.245999999999526858e-05
4.310000000000000000e+04 -2.244000000000134369e-05
4.320000000000000000e+04 -2.246000000000414549e-05
4.330000000000000000e+04 -2.246000000000415226e-05
4.340000000000000000e+04 -2.245999999999526858e-05
4.350000000000000000e+04 -2.247000000000554299e-05
4.360000000000000000e+04 -2.245999999999526180e-05
4.370000000000000000e+04 -2.247999999999806360e-05
4.380000000000000000e+04 -2.246999999999665931e-05
4.390000000000000000e+04 -2.248999999999946111e-05
4.400000000000000000e+04 -2.248999999999946111e-05
4.410000000000000000e+04 -2.248000000000694728e-05
4.420000000000000000e+04 -2.251000000000225612e-05
4.430000000000000000e+04 -2.248999999999945433e-05
4.440000000000000000e+04 -2.251999999999476995e-05
4.450000000000000000e+04 -2.251000000000225612e-05
4.460000000000000000e+04 -2.251999999999476317e-05
4.470000000000000000e+04 -2.253000000000505114e-05
4.480000000000000000e+04 -2.252999999999616068e-05
4.490000000000000000e+04 -2.254999999999896248e-05
4.500000000000000000e+04 -2.256000000000923689e-05
4.510000000000000000e+04 -2.254999999999895570e-05
4.520000000000000000e+04 -2.258000000000315500e-05
4.530000000000000000e+04 -2.256999999999287381e-05
4.540000000000000000e+04 -2.259999999999707311e-05
4.550000000000000000e+04 -2.260000000000595002e-05
4.560000000000000000e+04 -2.260999999999846385e-05
4.570000000000000000e+04 -2.262999999999238196e-05
4.580000000000000000e+04 -2.264000000001154683e-05
4.590000000000000000e+04 -2.265999999999657448e-05
4.600000000000000000e+04 -2.267999999999936950e-05
4.610000000000000000e+04 -2.267999999999936272e-05
4.620000000000000000e+04 -2.270000000000216452e-05
4.630000000000000000e+04 -2.269999999999328084e-05
4.640000000000000000e+04 -2.273000000000635704e-05
4.650000000000000000e+04 -2.275000000000027516e-05
4.660000000000000000e+04 -2.273999999999887765e-05
4.670000000000000000e+04 -2.276000000000167266e-05
4.680000000000000000e+04 -2.277000000000306340e-05
4.690000000000000000e+04 -2.278999999999698151e-05
4.700000000000000000e+04 -2.278999999999698151e-05
4.710000000000000000e+04 -2.279999999999837224e-05
4.720000000000000000e+04 -2.280999999999977653e-05
4.730000000000000000e+04 -2.279999999999837224e-05
4.740000000000000000e+04 -2.282000000000117403e-05
4.750000000000000000e+04 -2.283000000001144845e-05
4.760000000000000000e+04 -2.281999999999229035e-05
4.770000000000000000e+04 -2.283000000000257154e-05
4.780000000000000000e+04 -2.280999999999976975e-05
4.790000000000000000e+04 -2.282999999999369464e-05
4.800000000000000000e+04 -2.282000000000117403e-05
4.810000000000000000e+04 -2.280999999999976975e-05
4.820000000000000000e+04 -2.280999999999977653e-05
4.830000000000000000e+04 -2.280000000000726270e-05
4.840000000000000000e+04 -2.279999999999837902e-05
4.850000000000000000e+04 -2.278999999999698151e-05
4.860000000000000000e+04 -2.278000000000446091e-05
4.870000000000000000e+04 -2.276999999999418649e-05
4.880000000000000000e+04 -2.276000000000166589e-05
4.890000000000000000e+04 -2.276999999999418649e-05
4.900000000000000000e+04 -2.276000000000167266e-05
4.910000000000000000e+04 -2.275000000000915884e-05
4.920000000000000000e+04 -2.276000000000167266e-05
4.930000000000000000e+04 -2.274999999999138470e-05
4.940000000000000000e+04 -2.277000000000307017e-05
4.950000000000000000e+04 -2.275000000000026838e-05
4.960000000000000000e+04 -2.275000000000027516e-05
4.970000000000000000e+04 -2.269999999999328761e-05
4.980000000000000000e+04 -2.261999999999986135e-05
4.990000000000000000e+04 -2.240999999999715794e-05
5.000000000000000000e+04 0.000000000000000000e+00
