0.000000000000000000e+00
0.000000000000000000e+00
0.000000000000000000e+00
0.000000000000000000e+00
0.000000000000000000e+00
0.000000000000000000e+00
0.000000000000000000e+00
0.000000000000000000e+00
0.000000000000000000e+00
0.000000000000000000e+00
0.000000000000000000e+00
1.000000000028874249e-09
0.000000000000000000e+00
0.000000000000000000e+00
0.000000000000000000e+00
-2.774032902257833610e-19
2.774032902257833610e-19
0.000000000000000000e+00
0.000000000000000000e+00
0.000000000000000000e+00
0.000000000000000000e+00
0.000000000000000000e+00
0.000000000000000000e+00
0.000000000000000000e+00
0.000000000000000000e+00
1.000000000028450733e-09
-1.000000000028874249e-09
0.000000000000000000e+00
0.000000000000000000e+00
1.000000000028450733e-09
-1.000000000028874249e-09
1.000000000028450733e-09
0.000000000000000000e+00
0.000000000000000000e+00
0.000000000000000000e+00
0.000000000000000000e+00
0.000000000000000000e+00
0.000000000000000000e+00
9.999999997510474424e-10
2.778268066994105112e-19
-1.000000000028450733e-09
0.000000000000000000e+00
1.000000000028450733e-09
-2.778268066994105112e-19
1.000000000306277539e-09
0.000000000000000000e+00
0.000000000000000000e+00
0.000000000000000000e+00
9.999999997510474424e-10
-1.000000000028874249e-09
2.778268066994105112e-19
1.000000000028874249e-09
0.000000000000000000e+00
0.000000000000000000e+00
0.000000000000000000e+00
9.999999997510474424e-10
0.000000000000000000e+00
0.000000000000000000e+00
0.000000000000000000e+00
0.000000000000000000e+00
2.774032902257833610e-19
1.000000000028874249e-09
0.000000000000000000e+00
0.000000000000000000e+00
0.000000000000000000e+00
9.999999997514709589e-10
0.000000000000000000e+00
-1.000000000028874249e-09
1.000000000028874249e-09
0.000000000000000000e+00
0.000000000000000000e+00
-1.000000000028874249e-09
1.000000000028874249e-09
0.000000000000000000e+00
-1.000000000028874249e-09
0.000000000000000000e+00
0.000000000000000000e+00
0.000000000000000000e+00
-1.000000000028874249e-09
0.000000000000000000e+00
0.000000000000000000e+00
0.000000000000000000e+00
-9.999999997510474424e-10
0.000000000000000000e+00
0.000000000000000000e+00
-1.000000000028874249e-09
0.000000000000000000e+00
0.000000000000000000e+00
-1.000000000028874249e-09
0.000000000000000000e+00
-1.000000000028874249e-09
0.000000000000000000e+00
-1.000000000028874249e-09
0.000000000000000000e+00
-2.778268066994105112e-19
-9.999999997510474424e-10
0.000000000000000000e+00
-1.000000000028874249e-09
0.000000000000000000e+00
-2.000000000057324982e-09
0.000000000000000000e+00
0.000000000000000000e+00
-9.999999997510474424e-10
0.000000000000000000e+00
-1.000000000028450733e-09
0.000000000000000000e+00
-1.000000000306701056e-09
-1.000000000028450733e-09
2.778268066994105112e-19
-1.000000000028450733e-09
-1.000000000028874249e-09
0.000000000000000000e+00
-1.000000000028450733e-09
0.000000000000000000e+00
2.778268066994105112e-19
-2.000000000057324982e-09
-1.389134033497052556e-19
-1.000000000028450733e-09
-1.389134033497052556e-19
-9.999999998899608458e-10
-1.000000000028450733e-09
0.000000000000000000e+00
1.389134033497052556e-19
-1.000000000028874249e-09
-1.389134033497052556e-19
0.000000000000000000e+00
-1.999999999918835095e-09
0.000000000000000000e+00
0.000000000000000000e+00
-1.000000000028874249e-09
0.000000000000000000e+00
0.000000000000000000e+00
0.000000000000000000e+00
0.000000000000000000e+00
-9.999999998899608458e-10
-1.389134033497052556e-19
0.000000000000000000e+00
0.000000000000000000e+00
0.000000000000000000e+00
0.000000000000000000e+00
1.389134033497052556e-19
0.000000000000000000e+00
9.999999998899608458e-10
0.000000000000000000e+00
0.000000000000000000e+00
0.000000000000000000e+00
1.000000000028874249e-09
0.000000000000000000e+00
9.999999998899608458e-10
0.000000000000000000e+00
0.000000000000000000e+00
1.000000000028874249e-09
0.000000000000000000e+00
1.000000000028874249e-09
1.389134033497052556e-19
9.999999998899608458e-10
9.999999998899608458e-10
0.000000000000000000e+00
2.000000000057748498e-09
0.000000000000000000e+00
0.000000000000000000e+00
1.000000000028874249e-09
1.000000000028874249e-09
1.000000000028874249e-09
1.000000000028874249e-09
1.000000000028874249e-09
0.000000000000000000e+00
0.000000000000000000e+00
9.999999998899608458e-10
1.000000000028874249e-09
1.000000000028874249e-09
1.000000000028874249e-09
0.000000000000000000e+00
1.000000000028874249e-09
9.999999998899608458e-10
1.000000000028874249e-09
0.000000000000000000e+00
0.000000000000000000e+00
1.999999999918835095e-09
0.000000000000000000e+00
1.000000000028874249e-09
1.389134033497052556e-19
9.999999998899608458e-10
0.000000000000000000e+00
1.000000000028874249e-09
9.999999998899608458e-10
-9.999999998899608458e-10
1.000000000028874249e-09
1.000000000028874249e-09
-1.389134033497052556e-19
1.000000000167787652e-09
-1.000000000028874249e-09
9.999999998899608458e-10
2.999999999807525391e-10
4.000000000673691709e-10
4.000000000669456544e-10
1.999999998945594239e-10
2.999999999807525391e-10
2.999999999807525391e-10
4.000000000669456544e-10
2.999999999807525391e-10
2.999999999807525391e-10
2.000000000334728272e-10
3.000000001196659425e-10
2.999999998418391358e-10
2.999999999807525391e-10
3.000000001196659425e-10
2.000000000334728272e-10
2.999999999807525391e-10
2.999999999807525391e-10
2.999999999807525391e-10
1.999999998945594239e-10
2.999999999807525391e-10
3.000000001196659425e-10
2.000000000334728272e-10
2.999999999807525391e-10
1.999999998945594239e-10
3.000000001196659425e-10
1.999999998945594239e-10
2.000000000334728272e-10
9.999999994727971193e-11
3.000000001196659425e-10
9.999999994727971193e-11
2.000000000334728272e-10
9.999999994727971193e-11
2.000000000334728272e-10
2.000000000334728272e-10
1.000000000861931153e-10
9.999999994727971193e-11
1.999999998945594239e-10
9.999999994727971193e-11
1.389134033497052556e-19
1.999999998949829403e-10
1.000000000861931153e-10
0.000000000000000000e+00
2.000000000334728272e-10
9.999999994727971193e-11
9.999999994727971193e-11
0.000000000000000000e+00
9.999999994770322840e-11
2.000000000338963437e-10
0.000000000000000000e+00
2.000000000338963437e-10
9.999999994727971193e-11
2.000000001719627141e-10
9.999999994727971193e-11
9.999999994727971193e-11
2.999999999807525391e-10
1.999999998945594239e-10
2.000000000334728272e-10
2.000000000334728272e-10
3.000000001196659425e-10
2.999999999807525391e-10
4.000000000669456544e-10
2.999999998418391358e-10
4.000000000669456544e-10
3.999999999280322511e-10
4.000000000669456544e-10
2.999999999807525391e-10
5.000000000142253663e-10
5.000000000142253663e-10
4.000000000669456544e-10
3.999999999280322511e-10
5.999999999615050783e-10
5.000000000142253663e-10
5.999999999615050783e-10
5.000000000142253663e-10
5.999999999615050783e-10
6.000000001004184816e-10
5.999999999615050783e-10
6.000000001004184816e-10
5.999999999615050783e-10
6.999999999092083067e-10
5.999999999615050783e-10
6.000000001004184816e-10
7.000000000476981935e-10
5.999999998230151914e-10
7.000000000476981935e-10
7.999999999949779055e-10
6.000000001004184816e-10
5.999999999619285947e-10
7.000000000476981935e-10
6.999999999087847902e-10
5.999999999619285947e-10
7.000000000476981935e-10
6.000000001004184816e-10
6.999999999087847902e-10
5.000000001531387697e-10
6.999999997702949033e-10
5.000000001531387697e-10
5.999999999615050783e-10
5.000000000142253663e-10
5.000000000142253663e-10
5.000000000142253663e-10
5.000000000142253663e-10
3.999999999284557675e-10
3.999999999280322511e-10
4.000000000669456544e-10
3.999999999280322511e-10
3.000000001196659425e-10
2.999999999807525391e-10
2.000000000334728272e-10
2.999999999807525391e-10
2.000000000334728272e-10
9.999999994727971193e-11
9.999999994727971193e-11
9.999999994727971193e-11
0.000000000000000000e+00
6.945670167485262780e-20
-1.999999999644396420e-10
-1.000000000167364136e-10
-1.000000000167364136e-10
-2.999999999811760556e-10
-2.999999999811760556e-10
-4.000000000673691709e-10
-3.999999999979124692e-10
-4.999999999451921811e-10
-6.000000000313852964e-10
-5.000000000146488828e-10
-6.999999999786650083e-10
-7.999999999954014219e-10
-7.999999999954014219e-10
-8.000000000648581236e-10
-9.999999999594175475e-10
-9.999999999594175475e-10
-1.100000000045610663e-09
-1.199999999992890375e-09
-1.300000000009626788e-09
-1.199999999923433673e-09
-1.400000000095819904e-09
-1.299999999940170087e-09
-1.600000000059836029e-09
-1.499999999973642914e-09
-1.599999999990379327e-09
-1.699999999937659039e-09
-1.700000000007115741e-09
-1.800000000093308856e-09
-1.799999999954395453e-09
-1.800000000023852155e-09
-1.899999999971555383e-09
-1.900000000041012085e-09
-1.899999999971555383e-09
-1.899999999971555383e-09
-2.100000000005028210e-09
-1.900000000041012085e-09
-1.899999999971555383e-09
-2.100000000005028210e-09
-1.800000000024275671e-09
-1.999999999988291797e-09
-1.799999999954818969e-09
-1.900000000041012085e-09
-1.799999999954818969e-09
-1.700000000007115741e-09
-1.599999999990379327e-09
-1.700000000007115741e-09
-1.500000000043099615e-09
-1.399999999956906500e-09
-1.300000000079083490e-09
-1.199999999992890375e-09
-1.199999999992890375e-09
-1.099999999976153961e-09
-7.999999999954014219e-10
-7.999999999954014219e-10
-7.000000000481217100e-10
-4.999999999451921811e-10
-2.999999999811760556e-10
-2.999999999811760556e-10
-1.000000000171599301e-10
9.999999994770322840e-11
2.000000000338963437e-10
2.999999999811760556e-10
5.000000000146488828e-10
5.999999999619285947e-10
7.999999999954014219e-10
9.000000000121378355e-10
1.100000000045610663e-09
1.199999999992890375e-09
1.399999999956906500e-09
1.499999999973642914e-09
1.600000000059836029e-09
1.700000000007115741e-09
1.900000000040588568e-09
1.999999999987868280e-09
2.199999999952307922e-09
2.200000000021764624e-09
2.399999999985780749e-09
2.500000000002517163e-09
2.500000000002517163e-09
2.699999999966533288e-09
2.700000000035989990e-09
2.799999999983269702e-09
2.799999999983269702e-09
3.000000000016742529e-09
2.900000000000006116e-09
3.000000000016742529e-09
3.099999999964022241e-09
3.000000000016742529e-09
3.100000000033478943e-09
3.199999999980758655e-09
3.000000000016742529e-09
3.099999999964022241e-09
3.199999999980758655e-09
2.900000000069462817e-09
3.099999999964022241e-09
3.000000000016742529e-09
2.999999999982014178e-09
2.900000000034734466e-09
2.899999999965277765e-09
2.799999999983269702e-09
2.700000000035989990e-09
2.700000000001261639e-09
2.599999999984525226e-09
2.499999999967788812e-09
2.500000000037245514e-09
2.400000000020509100e-09
2.199999999987036273e-09
2.199999999987036273e-09
2.100000000005028210e-09
2.000000000023020147e-09
1.999999999953563446e-09
1.900000000041012085e-09
1.699999999972810907e-09
1.700000000007539257e-09
1.700000000007539257e-09
1.599999999990802844e-09
1.500000000008794781e-09
1.299999999975321954e-09
1.399999999992058367e-09
1.300000000009626788e-09
1.200000000027195209e-09
1.199999999992466858e-09
9.999999999937223818e-10
1.199999999992890375e-09
9.000000000117143191e-10
1.099999999976153961e-09
9.000000000117143191e-10
9.000000000117143191e-10
9.999999999937223818e-10
7.999999999949779055e-10
9.000000000117143191e-10
7.999999999954014219e-10
9.000000000121378355e-10
7.999999999954014219e-10
8.999999999774094847e-10
8.000000000301297728e-10
8.999999999774094847e-10
9.000000000121378355e-10
9.999999999941458983e-10
9.000000000121378355e-10
9.999999999941458983e-10
9.000000000121378355e-10
9.999999999941458983e-10
9.999999999941458983e-10
1.100000000010882312e-09
1.099999999976153961e-09
1.100000000010882312e-09
1.199999999992890375e-09
1.100000000010882312e-09
1.099999999993518136e-09
1.299999999992262613e-09
1.200000000010254550e-09
1.299999999992262613e-09
1.200000000010254550e-09
1.299999999992262613e-09
1.200000000010254550e-09
1.199999999992890375e-09
1.299999999992262613e-09
1.300000000009626788e-09
1.200000000010254550e-09
1.299999999974898437e-09
1.159999999996868424e-09
1.160000000031173259e-09
1.119999999982635266e-09
1.080000000003977491e-09
1.050000000002302347e-09
1.000000000011510074e-09
9.299999999875549581e-10
8.699999999930985162e-10
8.000000000038717514e-10
7.200000000025104884e-10
6.299999999979085730e-10
5.299999999985363348e-10
4.299999999991640967e-10
3.100000000017808833e-10
1.999999999987444764e-10
9.000000000460191534e-11
-4.000000000491579625e-11
-1.600000000022990096e-10
-3.099999999971222021e-10
-4.600000000004157241e-10
-5.999999999962334291e-10
-7.599999999989559551e-10
-9.100000000022494772e-10
-1.070000000000313322e-09
-1.249999999999352757e-09
-1.400000000002222763e-09
-1.569999999997598029e-09
-1.741999999999804767e-09
-1.907000000001183004e-09
-2.076000000000130557e-09
-2.251419999999920246e-09
-2.432579999999779442e-09
-2.612000000001373613e-09
-2.780999999998627100e-09
-2.958000000000336581e-09
-3.139999999999431224e-09
-3.320000000000164725e-09
-3.509999999999903714e-09
-3.669999999997967558e-09
-3.849999999998701060e-09
-4.040000000002675213e-09
-4.219999999999173550e-09
-4.419999999997918026e-09
-4.580000000000640552e-09
-4.770000000004614706e-09
-4.960000000000118530e-09
-5.159999999998863006e-09
-5.339999999999596507e-09
-5.520000000000330008e-09
-5.690000000005869670e-09
-5.889999999987249971e-09
-6.060000000002106996e-09
-6.240000000002840497e-09
-6.420000000003573998e-09
-6.609999999990183976e-09
-6.780000000005041000e-09
-6.970000000008591637e-09
-7.140000000006084486e-09
-7.310000000003153819e-09
-7.489999999995416990e-09
-7.649999999980351825e-09
-7.740000000002317915e-09
-8.000000000004412680e-09
-8.200000000003157156e-09
-8.300000000002952911e-09
-8.400000000002325149e-09
-8.699999999983077688e-09
-8.600000000001069625e-09
-8.999999999998558578e-09
-9.000000000015922753e-09
-9.199999999997303054e-09
-9.299999999996675292e-09
-9.499999999995843285e-09
-9.499999999995843285e-09
-9.800000000011324175e-09
-9.800000000011324175e-09
-9.899999999975968063e-09
-1.000000000001006865e-08
-1.010000000000944089e-08
-1.029999999999082119e-08
-1.040000000000755760e-08
-1.049999999998998918e-08
-1.059999999997199725e-08
-1.070000000002346201e-08
-1.080000000000547007e-08
-1.080000000000547007e-08
-1.089999999998747814e-08
-1.110000000002095096e-08
-1.109999999998622261e-08
-1.120000000000253551e-08
-1.129999999998496709e-08
-1.129999999998496709e-08
-1.140000000003600834e-08
-1.149999999998371157e-08
-1.160000000000044798e-08
-1.160000000000044798e-08
-1.169999999998245604e-08
-1.170000000005191274e-08
-1.189999999998120052e-08
-1.190000000001592887e-08
-1.189999999994647217e-08
-1.200000000003266528e-08
-1.199999999999793693e-08
-1.209999999997994499e-08
-1.219999999999668141e-08
-1.220000000003140976e-08
-1.209999999998036851e-08
-1.219999999999710492e-08
-1.210000000001467335e-08
-1.199999999999836045e-08
-1.199999999999793693e-08
-1.169999999998245604e-08
-1.160000000000044798e-08
-1.140000000000170350e-08
-1.100000000000421455e-08
-1.060000000000672560e-08
-1.029999999999082119e-08
-9.499999999995843285e-09
-9.100000000032659167e-09
-8.199999999986216497e-09
-7.300000000008807012e-09
-6.499999999978677240e-09
-5.300000000020938732e-09
-4.199999999975328070e-09
-2.800000000018421569e-09
-1.500000000008794781e-09
1.999999999987444764e-10
1.700000000041844092e-09
3.400000000014231482e-09
5.400000000002523279e-09
6.999999999923869421e-09
9.099999999997930816e-09
1.090000000002178297e-08
1.290000000001007477e-08
1.489999999999794305e-08
1.670000000002221872e-08
1.849999999997661417e-08
2.030000000000088984e-08
2.189999999999126917e-08
2.340000000003436879e-08
2.489999999993855500e-08
2.610000000007035878e-08
2.719999999997705603e-08
2.809999999998919387e-08
2.869999999995112246e-08
2.930000000005154095e-08
2.939999999999882066e-08
2.949999999994610037e-08
2.920000000010426123e-08
2.879999999996785888e-08
2.809999999998919387e-08
2.720000000004651274e-08
2.629999999989588501e-08
2.480000000006115550e-08
2.359999999999880843e-08
2.200000000000842910e-08
2.049999999996532948e-08
1.849999999997661417e-08
1.690000000005569155e-08
1.479999999998120663e-08
1.300000000002681118e-08
1.109999999991676591e-08
9.100000000067387518e-09
7.200000000026375433e-09
5.299999999985786865e-09
3.400000000014654998e-09
1.799999999954818969e-09
0.000000000000000000e+00
-1.599999999990379327e-09
-3.000000000016742529e-09
-4.399999999974072546e-09
-5.600000000036419622e-09
-6.800000000029309997e-09
-7.799999999919270843e-09
-8.700000000000441863e-09
-9.499999999995843285e-09
-1.030000000006027789e-08
-1.079999999993601337e-08
-1.149999999998371157e-08
-1.190000000005065722e-08
-1.229999999997911299e-08
-1.260000000002932223e-08
-1.290000000001007477e-08
-1.300000000002681118e-08
-1.339999999995526695e-08
-1.339999999995526695e-08
-1.350000000004146006e-08
-1.350000000004146006e-08
-1.369999999993601949e-08
-1.360000000005819648e-08
-1.370000000000547619e-08
-1.359999999991928307e-08
-1.359999999998873978e-08
-1.360000000005819648e-08
-1.349999999997200336e-08
-1.349999999997200336e-08
-1.340000000002472365e-08
-1.330000000000798724e-08
-1.330000000000798724e-08
-1.319999999999125082e-08
-1.309999999997451441e-08
-1.290000000007953147e-08
-1.290000000001007477e-08
-1.259999999995986553e-08
-1.260000000002932223e-08
-1.250000000001258581e-08
-1.229999999997911299e-08
-1.209999999994564016e-08
-1.190000000005065722e-08
-1.180000000003392081e-08
-1.159999999993099128e-08
-1.149999999998371157e-08
-1.120000000000295903e-08
-1.100000000003851938e-08
-1.089999999995274979e-08
-1.060000000004103043e-08
-1.040000000000755760e-08
-1.029999999999082119e-08
-1.000000000001006865e-08
-9.700000000029316113e-09
-9.599999999943122997e-09
-9.300000000031403643e-09
-9.099999999997930816e-09
-8.899999999895001287e-09
-8.800000000086634979e-09
-8.400000000019689324e-09
-8.300000000071986096e-09
-7.999999999952743670e-09
-7.699999999971567614e-09
-7.699999999971567614e-09
-7.300000000043535363e-09
-7.199999999956918731e-09
-6.999999999923445904e-09
-6.700000000081606768e-09
-6.400000000100854229e-09
-6.399999999961940826e-09
-6.099999999981188287e-09
-5.899999999947715460e-09
-5.800000000000435748e-09
-5.500000000019259692e-09
-5.299999999986210381e-09
-5.200000000038507153e-09
-4.900000000057754614e-09
-4.899999999918841211e-09
-4.600000000076578558e-09
-4.499999999990808959e-09
-4.299999999957336132e-09
-4.200000000009632904e-09
-4.099999999923863305e-09
-3.800000000081177136e-09
-3.799999999942687249e-09
-3.600000000048127826e-09
-3.499999999961511194e-09
-3.400000000014231482e-09
-3.199999999980758655e-09
-3.300000000066951770e-09
-2.999999999947285828e-09
-3.000000000086199231e-09
-2.999999999808372424e-09
-2.800000000052726404e-09
-2.800000000052726404e-09
-2.699999999966533288e-09
-2.600000000019253577e-09
-2.699999999966533288e-09
-2.500000000071973865e-09
-2.399999999985780749e-09
-2.399999999985780749e-09
-2.399999999985780749e-09
-2.399999999985780749e-09
-2.199999999952307922e-09
-2.200000000091221325e-09
-2.199999999952307922e-09
-2.199999999952307922e-09
-2.000000000057324982e-09
-1.999999999918835095e-09
-1.900000000110045270e-09
-1.899999999971131867e-09
-1.899999999971131867e-09
-1.700000000076572443e-09
-1.699999999937659039e-09
-1.700000000076572443e-09
-1.499999999904186212e-09
-1.400000000095819904e-09
-1.300000000009626788e-09
-1.399999999956906500e-09
-1.099999999976153961e-09
-1.099999999976153961e-09
-9.000000000811710207e-10
-8.999999999426811339e-10
-7.000000000476981935e-10
-5.999999999615050783e-10
-5.000000000142253663e-10
-2.999999999807525391e-10
-3.000000001196659425e-10
-9.999999994727971193e-11
1.389134033497052556e-19
1.999999998949829403e-10
4.000000000673691709e-10
5.000000000146488828e-10
4.999999998757354795e-10
7.999999999954014219e-10
9.000000000811710207e-10
1.099999999976153961e-09
1.099999999975730445e-09
1.400000000095396387e-09
1.500000000043099615e-09
1.499999999904609729e-09
1.800000000023852155e-09
1.999999999918835095e-09
2.000000000057324982e-09
2.100000000004604694e-09
2.300000000038501037e-09
2.499999999933060461e-09
2.400000000124694153e-09
2.699999999966533288e-09
2.699999999827619885e-09
2.900000000138919519e-09
2.999999999947285828e-09
3.000000000086622747e-09
3.099999999894989056e-09
3.199999999981182171e-09
3.300000000067375287e-09
3.399999999875741595e-09
3.400000000153144885e-09
3.499999999823444823e-09
3.500000000100424597e-09
3.600000000048127826e-09
3.499999999961934710e-09
3.700000000134320941e-09
3.599999999770301019e-09
3.700000000134320941e-09
3.799999999942687249e-09
3.700000000133897424e-09
3.599999999909214422e-09
3.699999999995407538e-09
3.699999999995407538e-09
3.599999999909214422e-09
3.700000000134320941e-09
4.199999999871143017e-09
3.000000000086622747e-09
3.000000000086199231e-09
3.999999999837670190e-09
3.000000000086199231e-09
2.999999999947709344e-09
5.000000000143947729e-09
1.999999999918835095e-09
2.999999999947285828e-09
3.999999999976160077e-09
2.999999999947285828e-09
3.000000000086199231e-09
1.999999999918835095e-09
3.000000000086199231e-09
2.999999999947285828e-09
4.000000000115073480e-09
1.999999999918411578e-09
2.000000000057324982e-09
1.999999999918411578e-09
3.000000000086199231e-09
2.000000000057324982e-09
2.999999999947285828e-09
1.999999999918411578e-09
2.000000000057324982e-09
1.999999999918835095e-09
2.000000000057324982e-09
1.000000000028874249e-09
2.000000000057324982e-09
1.999999999918835095e-09
1.999999999918835095e-09
2.000000000057324982e-09
1.000000000028874249e-09
1.000000000028874249e-09
2.000000000057324982e-09
9.999999998899608458e-10
1.000000000028874249e-09
1.000000000028874249e-09
9.999999998899608458e-10
1.000000000028874249e-09
0.000000000000000000e+00
1.000000000167787652e-09
9.999999998899608458e-10
0.000000000000000000e+00
1.000000000028874249e-09
0.000000000000000000e+00
0.000000000000000000e+00
9.999999998899608458e-10
0.000000000000000000e+00
1.389134033497052556e-19
0.000000000000000000e+00
0.000000000000000000e+00
-1.000000000028874249e-09
-1.389134033497052556e-19
0.000000000000000000e+00
-9.999999998899608458e-10
-1.000000000028874249e-09
0.000000000000000000e+00
-1.000000000028874249e-09
-9.999999998899608458e-10
-1.000000000028874249e-09
-1.000000000028874249e-09
-1.000000000028874249e-09
-9.999999998899608458e-10
-2.000000000057748498e-09
-1.000000000028874249e-09
-1.999999999918835095e-09
-1.000000000028874249e-09
-2.000000000057748498e-09
-9.999999998899608458e-10
-2.000000000057748498e-09
-1.999999999918835095e-09
-2.000000000057748498e-09
-1.000000000167787652e-09
-2.999999999808795941e-09
-1.000000000167787652e-09
-2.999999999808795941e-09
-2.000000000196238385e-09
-1.999999999918411578e-09
-2.000000000057324982e-09
-1.999999999779921692e-09
-3.000000000086199231e-09
-2.000000000057324982e-09
-2.000000000057748498e-09
-3.999999999837246673e-09
-2.000000000057748498e-09
-2.000000000057748498e-09
-3.000000000086199231e-09
-2.000000000057748498e-09
-1.999999999779921692e-09
-3.000000000086199231e-09
-1.999999999779921692e-09
-3.000000000364026038e-09
-3.000000000086199231e-09
-2.999999999808372424e-09
-1.000000000028874249e-09
-2.999999999808372424e-09
-3.000000000086199231e-09
-2.000000000057324982e-09
-1.999999999779921692e-09
-3.000000000364026038e-09
-1.999999999779921692e-09
-3.000000000086199231e-09
-2.000000000057324982e-09
-1.999999999779921692e-09
-3.000000000086199231e-09
-2.000000000057324982e-09
-2.999999999808795941e-09
-2.000000000057324982e-09
-2.000000000057324982e-09
-2.000000000057324982e-09
-1.999999999779921692e-09
-3.000000000086199231e-09
-2.000000000335151788e-09
-1.000000000028450733e-09
-1.999999999779921692e-09
-2.000000000057324982e-09
-2.000000000057324982e-09
-1.000000000028874249e-09
-2.000000000057324982e-09
-9.999999997510474424e-10
-3.000000000086199231e-09
-1.000000000028874249e-09
-1.000000000028874249e-09
-1.000000000028874249e-09
-2.000000000057748498e-09
-1.000000000028874249e-09
-1.999999999779921692e-09
0.000000000000000000e+00
-2.000000000057748498e-09
0.000000000000000000e+00
-1.999999999780345208e-09
-2.778268066994105112e-19
-9.999999997514709589e-10
-1.000000000028874249e-09
-1.000000000028874249e-09
0.000000000000000000e+00
0.000000000000000000e+00
-1.000000000028874249e-09
-1.000000000028874249e-09
0.000000000000000000e+00
0.000000000000000000e+00
0.000000000000000000e+00
0.000000000000000000e+00
-1.000000000028874249e-09
0.000000000000000000e+00
0.000000000000000000e+00
0.000000000000000000e+00
0.000000000000000000e+00
0.000000000000000000e+00
0.000000000000000000e+00
1.000000000028874249e-09
-1.000000000028874249e-09
0.000000000000000000e+00
1.000000000028874249e-09
0.000000000000000000e+00
0.000000000000000000e+00
0.000000000000000000e+00
9.999999997510474424e-10
2.778268066994105112e-19
0.000000000000000000e+00
1.000000000028450733e-09
0.000000000000000000e+00
9.999999997510474424e-10
2.774032902257833610e-19
0.000000000000000000e+00
9.999999997510474424e-10
0.000000000000000000e+00
1.000000000306277539e-09
0.000000000000000000e+00
-2.774032902257833610e-19
0.000000000000000000e+00
2.774032902257833610e-19
0.000000000000000000e+00
1.999999999779921692e-09
0.000000000000000000e+00
2.774032902257833610e-19
-2.774032902257833610e-19
0.000000000000000000e+00
2.774032902257833610e-19
-2.774032902257833610e-19
0.000000000000000000e+00
1.000000000028874249e-09
0.000000000000000000e+00
0.000000000000000000e+00
0.000000000000000000e+00
-9.999999997514709589e-10
9.999999997514709589e-10
0.000000000000000000e+00
2.774032902257833610e-19
-2.774032902257833610e-19
-1.000000000028874249e-09
1.000000000028874249e-09
0.000000000000000000e+00
