-5.000000000000000000e+04 -2.100000000011380957e-10
-4.990000000000000000e+04 -1.900000000132915159e-10
-4.980000000000000000e+04 -1.999999999733334879e-10
-4.970000000000000000e+04 -3.000000000209866041e-10
-4.960000000000000000e+04 -1.000000000205480619e-10
-4.950000000000000000e+04 -1.999999999597809608e-10
-4.940000000000000000e+04 -2.999999999803290227e-10
-4.930000000000000000e+04 -2.000000000275435966e-10
-4.920000000000000000e+04 -1.999999999597809608e-10
-4.910000000000000000e+04 -2.000000000275435966e-10
-4.900000000000000000e+04 -2.999999999803290227e-10
-4.890000000000000000e+04 -9.999999993923289893e-11
-4.880000000000000000e+04 -2.000000000275435966e-10
-4.870000000000000000e+04 -2.999999999803290227e-10
-4.860000000000000000e+04 -9.999999993923289893e-11
-4.850000000000000000e+04 -9.000000002255901382e-10
-4.840000000000000000e+04 1.000000000164823037e-09
-4.830000000000000000e+04 -1.355252715606880543e-19
-4.820000000000000000e+04 -9.999999998937724940e-10
-4.810000000000000000e+04 1.355252715606880543e-19
-4.800000000000000000e+04 0.000000000000000000e+00
-4.790000000000000000e+04 -2.710505431213761085e-19
-4.780000000000000000e+04 -1.000000000029297766e-09
-4.770000000000000000e+04 2.710505431213761085e-19
-4.760000000000000000e+04 0.000000000000000000e+00
-4.750000000000000000e+04 0.000000000000000000e+00
-4.740000000000000000e+04 -2.710505431213761085e-19
-4.730000000000000000e+04 -9.999999997582472225e-10
-4.720000000000000000e+04 0.000000000000000000e+00
-4.710000000000000000e+04 0.000000000000000000e+00
-4.700000000000000000e+04 -2.710505431213761085e-19
-4.690000000000000000e+04 -1.000000000029297766e-09
-4.680000000000000000e+04 2.710505431213761085e-19
-4.670000000000000000e+04 0.000000000000000000e+00
-4.660000000000000000e+04 0.000000000000000000e+00
-4.650000000000000000e+04 -1.000000000300348309e-09
-4.640000000000000000e+04 2.710505431213761085e-19
-4.630000000000000000e+04 0.000000000000000000e+00
-4.620000000000000000e+04 -2.846030702774449139e-19
-4.610000000000000000e+04 -9.999999994736441522e-10
-4.600000000000000000e+04 0.000000000000000000e+00
-4.590000000000000000e+04 0.000000000000000000e+00
-4.580000000000000000e+04 0.000000000000000000e+00
-4.570000000000000000e+04 -5.556536133988210224e-19
-4.560000000000000000e+04 -1.000000000029297766e-09
-4.550000000000000000e+04 0.000000000000000000e+00
-4.540000000000000000e+04 0.000000000000000000e+00
-4.530000000000000000e+04 5.556536133988210224e-19
-4.520000000000000000e+04 0.000000000000000000e+00
-4.510000000000000000e+04 0.000000000000000000e+00
-4.500000000000000000e+04 0.000000000000000000e+00
-4.490000000000000000e+04 0.000000000000000000e+00
-4.480000000000000000e+04 -1.000000000584951379e-09
-4.470000000000000000e+04 0.000000000000000000e+00
-4.460000000000000000e+04 0.000000000000000000e+00
-4.450000000000000000e+04 0.000000000000000000e+00
-4.440000000000000000e+04 5.556536133988210224e-19
-4.430000000000000000e+04 -1.000000000029297766e-09
-4.420000000000000000e+04 0.000000000000000000e+00
-4.410000000000000000e+04 0.000000000000000000e+00
-4.400000000000000000e+04 0.000000000000000000e+00
-4.390000000000000000e+04 -1.000000000584951379e-09
-4.380000000000000000e+04 0.000000000000000000e+00
-4.370000000000000000e+04 0.000000000000000000e+00
-4.360000000000000000e+04 0.000000000000000000e+00
-4.350000000000000000e+04 -9.999999994736441522e-10
-4.340000000000000000e+04 0.000000000000000000e+00
-4.330000000000000000e+04 0.000000000000000000e+00
-4.320000000000000000e+04 0.000000000000000000e+00
-4.310000000000000000e+04 0.000000000000000000e+00
-4.300000000000000000e+04 -1.000000000029297766e-09
-4.290000000000000000e+04 -5.556536133988210224e-19
-4.280000000000000000e+04 0.000000000000000000e+00
-4.270000000000000000e+04 5.556536133988210224e-19
-4.260000000000000000e+04 -1.000000000029297766e-09
-4.250000000000000000e+04 0.000000000000000000e+00
-4.240000000000000000e+04 -5.556536133988210224e-19
-4.230000000000000000e+04 0.000000000000000000e+00
-4.220000000000000000e+04 0.000000000000000000e+00
-4.210000000000000000e+04 -9.999999994736441522e-10
-4.200000000000000000e+04 1.000000000584951379e-09
-4.190000000000000000e+04 -1.111307226797642045e-18
-4.180000000000000000e+04 1.111307226797642045e-18
-4.170000000000000000e+04 -1.000000000584951379e-09
-4.160000000000000000e+04 0.000000000000000000e+00
-4.150000000000000000e+04 0.000000000000000000e+00
-4.140000000000000000e+04 0.000000000000000000e+00
-4.130000000000000000e+04 -9.999999994736441522e-10
-4.120000000000000000e+04 -1.111307226797642045e-18
-4.110000000000000000e+04 1.111307226797642045e-18
-4.100000000000000000e+04 -1.111307226797642045e-18
-4.090000000000000000e+04 1.111307226797642045e-18
-4.080000000000000000e+04 -1.000000000584951379e-09
-4.070000000000000000e+04 0.000000000000000000e+00
-4.060000000000000000e+04 0.000000000000000000e+00
-4.050000000000000000e+04 0.000000000000000000e+00
-4.040000000000000000e+04 -9.999999994736441522e-10
-4.030000000000000000e+04 -1.111307226797642045e-18
-4.020000000000000000e+04 1.111307226797642045e-18
-4.010000000000000000e+04 -1.111307226797642045e-18
-4.000000000000000000e+04 1.111307226797642045e-18
-3.990000000000000000e+04 -1.000000000584951379e-09
-3.980000000000000000e+04 0.000000000000000000e+00
-3.970000000000000000e+04 0.000000000000000000e+00
-3.960000000000000000e+04 1.111307226797642045e-18
-3.950000000000000000e+04 -1.000000000584951379e-09
-3.940000000000000000e+04 -1.111307226797642045e-18
-3.930000000000000000e+04 1.111307226797642045e-18
-3.920000000000000000e+04 -1.111307226797642045e-18
-3.910000000000000000e+04 1.111307226797642045e-18
-3.900000000000000000e+04 -1.000000000584951379e-09
-3.890000000000000000e+04 0.000000000000000000e+00
-3.880000000000000000e+04 1.000000000584951379e-09
-3.870000000000000000e+04 0.000000000000000000e+00
-3.860000000000000000e+04 -1.111307226797642045e-18
-3.850000000000000000e+04 -9.999999994736441522e-10
-3.840000000000000000e+04 0.000000000000000000e+00
-3.830000000000000000e+04 0.000000000000000000e+00
-3.820000000000000000e+04 0.000000000000000000e+00
-3.810000000000000000e+04 -9.999999994736441522e-10
-3.800000000000000000e+04 -1.111307226797642045e-18
-3.790000000000000000e+04 1.111307226797642045e-18
-3.780000000000000000e+04 0.000000000000000000e+00
-3.770000000000000000e+04 -1.111307226797642045e-18
-3.760000000000000000e+04 -9.999999994736441522e-10
-3.750000000000000000e+04 0.000000000000000000e+00
-3.740000000000000000e+04 0.000000000000000000e+00
-3.730000000000000000e+04 0.000000000000000000e+00
-3.720000000000000000e+04 -9.999999994736441522e-10
-3.710000000000000000e+04 -1.111307226797642045e-18
-3.700000000000000000e+04 1.111307226797642045e-18
-3.690000000000000000e+04 0.000000000000000000e+00
-3.680000000000000000e+04 0.000000000000000000e+00
-3.670000000000000000e+04 -1.000000000584951379e-09
-3.660000000000000000e+04 0.000000000000000000e+00
-3.650000000000000000e+04 0.000000000000000000e+00
-3.640000000000000000e+04 0.000000000000000000e+00
-3.630000000000000000e+04 0.000000000000000000e+00
-3.620000000000000000e+04 -9.999999994736441522e-10
-3.610000000000000000e+04 0.000000000000000000e+00
-3.600000000000000000e+04 0.000000000000000000e+00
-3.590000000000000000e+04 0.000000000000000000e+00
-3.580000000000000000e+04 0.000000000000000000e+00
-3.570000000000000000e+04 -1.000000000584951379e-09
-3.560000000000000000e+04 9.999999994736441522e-10
-3.550000000000000000e+04 1.111307226797642045e-18
-3.540000000000000000e+04 -1.111307226797642045e-18
-3.530000000000000000e+04 -9.999999983623369254e-10
-3.520000000000000000e+04 -1.111307226797642045e-18
-3.510000000000000000e+04 1.111307226797642045e-18
-3.500000000000000000e+04 -1.111307226797642045e-18
-3.490000000000000000e+04 1.111307226797642045e-18
-3.480000000000000000e+04 -1.000000000584951379e-09
-3.470000000000000000e+04 -2.222614453595284090e-18
-3.460000000000000000e+04 -9.999999999181670429e-09
-3.450000000000000000e+04 9.999999999181670429e-09
-3.440000000000000000e+04 2.222614453595284090e-18
-3.430000000000000000e+04 0.000000000000000000e+00
-3.420000000000000000e+04 0.000000000000000000e+00
-3.410000000000000000e+04 -9.999999999181670429e-09
-3.400000000000000000e+04 9.999999999181670429e-09
-3.390000000000000000e+04 0.000000000000000000e+00
-3.380000000000000000e+04 0.000000000000000000e+00
-3.370000000000000000e+04 0.000000000000000000e+00
-3.360000000000000000e+04 0.000000000000000000e+00
-3.350000000000000000e+04 0.000000000000000000e+00
-3.340000000000000000e+04 -1.000000000140428488e-08
-3.330000000000000000e+04 1.000000000140428488e-08
-3.320000000000000000e+04 0.000000000000000000e+00
-3.310000000000000000e+04 -2.222614453595284090e-18
-3.300000000000000000e+04 2.222614453595284090e-18
-3.290000000000000000e+04 -1.000000000140428488e-08
-3.280000000000000000e+04 1.000000000140428488e-08
-3.270000000000000000e+04 0.000000000000000000e+00
-3.260000000000000000e+04 0.000000000000000000e+00
-3.250000000000000000e+04 0.000000000000000000e+00
-3.240000000000000000e+04 -9.999999999181670429e-09
-3.230000000000000000e+04 9.999999999181670429e-09
-3.220000000000000000e+04 -9.999999999181670429e-09
-3.210000000000000000e+04 9.999999999181670429e-09
-3.200000000000000000e+04 0.000000000000000000e+00
-3.190000000000000000e+04 -1.000000000140428488e-08
-3.180000000000000000e+04 9.999999999181670429e-09
-3.170000000000000000e+04 -9.999999999181670429e-09
-3.160000000000000000e+04 1.000000000140428488e-08
-3.150000000000000000e+04 -1.000000000140428488e-08
-3.140000000000000000e+04 2.222614453595284090e-18
-3.130000000000000000e+04 9.999999999181670429e-09
-3.120000000000000000e+04 -9.999999999181670429e-09
-3.110000000000000000e+04 9.999999999181670429e-09
-3.100000000000000000e+04 -9.999999999181670429e-09
-3.090000000000000000e+04 0.000000000000000000e+00
-3.080000000000000000e+04 9.999999999181670429e-09
-3.070000000000000000e+04 -1.000000000140428488e-08
-3.060000000000000000e+04 1.000000000140428488e-08
-3.050000000000000000e+04 -1.000000000140428488e-08
-3.040000000000000000e+04 0.000000000000000000e+00
-3.030000000000000000e+04 0.000000000000000000e+00
-3.020000000000000000e+04 0.000000000000000000e+00
-3.010000000000000000e+04 1.000000000140428488e-08
-3.000000000000000000e+04 -9.999999999181670429e-09
-2.990000000000000000e+04 0.000000000000000000e+00
-2.980000000000000000e+04 0.000000000000000000e+00
-2.970000000000000000e+04 0.000000000000000000e+00
-2.960000000000000000e+04 0.000000000000000000e+00
-2.950000000000000000e+04 0.000000000000000000e+00
-2.940000000000000000e+04 -2.222614453595284090e-18
-2.930000000000000000e+04 2.222614453595284090e-18
-2.920000000000000000e+04 -2.222614453595284090e-18
-2.910000000000000000e+04 0.000000000000000000e+00
-2.900000000000000000e+04 0.000000000000000000e+00
-2.890000000000000000e+04 2.222614453595284090e-18
-2.880000000000000000e+04 -2.222614453595284090e-18
-2.870000000000000000e+04 2.222614453595284090e-18
-2.860000000000000000e+04 -2.222614453595284090e-18
-2.850000000000000000e+04 2.222614453595284090e-18
-2.840000000000000000e+04 -9.999999999181670429e-09
-2.830000000000000000e+04 9.999999999181670429e-09
-2.820000000000000000e+04 0.000000000000000000e+00
-2.810000000000000000e+04 0.000000000000000000e+00
-2.800000000000000000e+04 -2.222614453595284090e-18
-2.790000000000000000e+04 -9.999999999181670429e-09
-2.780000000000000000e+04 9.999999999181670429e-09
-2.770000000000000000e+04 0.000000000000000000e+00
-2.760000000000000000e+04 0.000000000000000000e+00
-2.750000000000000000e+04 0.000000000000000000e+00
-2.740000000000000000e+04 0.000000000000000000e+00
-2.730000000000000000e+04 2.222614453595284090e-18
-2.720000000000000000e+04 -1.000000000140428488e-08
-2.710000000000000000e+04 1.000000000140428488e-08
-2.700000000000000000e+04 0.000000000000000000e+00
-2.690000000000000000e+04 0.000000000000000000e+00
-2.680000000000000000e+04 0.000000000000000000e+00
-2.670000000000000000e+04 -1.000000000140428488e-08
-2.660000000000000000e+04 1.000000000140428488e-08
-2.650000000000000000e+04 -1.000000000140428488e-08
-2.640000000000000000e+04 9.999999999181670429e-09
-2.630000000000000000e+04 0.000000000000000000e+00
-2.620000000000000000e+04 -9.999999999181670429e-09
-2.610000000000000000e+04 9.999999999181670429e-09
-2.600000000000000000e+04 -9.999999999181670429e-09
-2.590000000000000000e+04 9.999999999181670429e-09
-2.580000000000000000e+04 2.222614453595284090e-18
-2.570000000000000000e+04 -1.000000000140428488e-08
-2.560000000000000000e+04 1.000000000140428488e-08
-2.550000000000000000e+04 -9.999999999181670429e-09
-2.540000000000000000e+04 9.999999999181670429e-09
-2.530000000000000000e+04 -1.000000000140428488e-08
-2.520000000000000000e+04 0.000000000000000000e+00
-2.510000000000000000e+04 9.999999999181670429e-09
-2.500000000000000000e+04 -9.999999999181670429e-09
-2.490000000000000000e+04 9.999999999181670429e-09
-2.480000000000000000e+04 -9.999999999181670429e-09
-2.470000000000000000e+04 0.000000000000000000e+00
-2.460000000000000000e+04 9.999999999181670429e-09
-2.450000000000000000e+04 -9.999999999181670429e-09
-2.440000000000000000e+04 1.000000000140428488e-08
-2.430000000000000000e+04 -1.000000000140428488e-08
-2.420000000000000000e+04 2.222614453595284090e-18
-2.410000000000000000e+04 -2.222614453595284090e-18
-2.400000000000000000e+04 0.000000000000000000e+00
-2.390000000000000000e+04 1.000000000140428488e-08
-2.380000000000000000e+04 -1.000000000140428488e-08
-2.370000000000000000e+04 0.000000000000000000e+00
-2.360000000000000000e+04 0.000000000000000000e+00
-2.350000000000000000e+04 0.000000000000000000e+00
-2.340000000000000000e+04 0.000000000000000000e+00
-2.330000000000000000e+04 0.000000000000000000e+00
-2.320000000000000000e+04 0.000000000000000000e+00
-2.310000000000000000e+04 0.000000000000000000e+00
-2.300000000000000000e+04 0.000000000000000000e+00
-2.290000000000000000e+04 0.000000000000000000e+00
-2.280000000000000000e+04 2.222614453595284090e-18
-2.270000000000000000e+04 -2.222614453595284090e-18
-2.260000000000000000e+04 2.222614453595284090e-18
-2.250000000000000000e+04 -2.222614453595284090e-18
-2.240000000000000000e+04 0.000000000000000000e+00
-2.230000000000000000e+04 0.000000000000000000e+00
-2.220000000000000000e+04 -9.999999999181670429e-09
-2.210000000000000000e+04 9.999999999181670429e-09
-2.200000000000000000e+04 0.000000000000000000e+00
-2.190000000000000000e+04 0.000000000000000000e+00
-2.180000000000000000e+04 0.000000000000000000e+00
-2.170000000000000000e+04 -9.999999999181670429e-09
-2.160000000000000000e+04 9.999999999181670429e-09
-2.150000000000000000e+04 2.222614453595284090e-18
-2.140000000000000000e+04 -2.222614453595284090e-18
-2.130000000000000000e+04 0.000000000000000000e+00
-2.120000000000000000e+04 -9.999999999181670429e-09
-2.110000000000000000e+04 9.999999999181670429e-09
-2.100000000000000000e+04 -9.999999999181670429e-09
-2.090000000000000000e+04 9.999999999181670429e-09
-2.080000000000000000e+04 0.000000000000000000e+00
-2.070000000000000000e+04 0.000000000000000000e+00
-2.060000000000000000e+04 0.000000000000000000e+00
-2.050000000000000000e+04 -9.999999999181670429e-09
-2.040000000000000000e+04 9.999999999181670429e-09
-2.030000000000000000e+04 0.000000000000000000e+00
-2.020000000000000000e+04 0.000000000000000000e+00
-2.010000000000000000e+04 2.222614453595284090e-18
-2.000000000000000000e+04 -1.000000000362689934e-08
-1.990000000000000000e+04 1.000000000362689934e-08
-1.980000000000000000e+04 -1.000000000362689934e-08
-1.970000000000000000e+04 1.000000000140428488e-08
-1.960000000000000000e+04 0.000000000000000000e+00
-1.950000000000000000e+04 -9.999999999181670429e-09
-1.940000000000000000e+04 9.999999999181670429e-09
-1.930000000000000000e+04 -1.000000000362689934e-08
-1.920000000000000000e+04 1.000000000583596126e-08
-1.910000000000000000e+04 0.000000000000000000e+00
-1.900000000000000000e+04 -1.000000000140428488e-08
-1.890000000000000000e+04 9.999999996959055976e-09
-1.880000000000000000e+04 -9.999999996959055976e-09
-1.870000000000000000e+04 1.000000000140428488e-08
-1.860000000000000000e+04 -1.000000000140428488e-08
-1.850000000000000000e+04 0.000000000000000000e+00
-1.840000000000000000e+04 9.999999996959055976e-09
-1.830000000000000000e+04 -9.999999996959055976e-09
-1.820000000000000000e+04 1.000000000140428488e-08
-1.810000000000000000e+04 -1.000000000140428488e-08
-1.800000000000000000e+04 -4.431676380034499374e-18
-1.790000000000000000e+04 4.445228907190568179e-18
-1.780000000000000000e+04 0.000000000000000000e+00
-1.770000000000000000e+04 9.999999996959055976e-09
-1.760000000000000000e+04 -9.999999996959055976e-09
-1.750000000000000000e+04 0.000000000000000000e+00
-1.740000000000000000e+04 0.000000000000000000e+00
-1.730000000000000000e+04 0.000000000000000000e+00
-1.720000000000000000e+04 9.999999996959055976e-09
-1.710000000000000000e+04 -9.999999996959055976e-09
-1.700000000000000000e+04 0.000000000000000000e+00
-1.690000000000000000e+04 0.000000000000000000e+00
-1.680000000000000000e+04 0.000000000000000000e+00
-1.670000000000000000e+04 0.000000000000000000e+00
-1.660000000000000000e+04 0.000000000000000000e+00
-1.650000000000000000e+04 0.000000000000000000e+00
-1.640000000000000000e+04 -4.445228907190568179e-18
-1.630000000000000000e+04 4.431676380034499374e-18
-1.620000000000000000e+04 0.000000000000000000e+00
-1.610000000000000000e+04 0.000000000000000000e+00
-1.600000000000000000e+04 0.000000000000000000e+00
-1.590000000000000000e+04 0.000000000000000000e+00
-1.580000000000000000e+04 0.000000000000000000e+00
-1.570000000000000000e+04 0.000000000000000000e+00
-1.560000000000000000e+04 0.000000000000000000e+00
-1.550000000000000000e+04 -1.000000000139073236e-08
-1.540000000000000000e+04 1.000000000140428488e-08
-1.530000000000000000e+04 0.000000000000000000e+00
-1.520000000000000000e+04 0.000000000000000000e+00
-1.510000000000000000e+04 -4.431676380034499374e-18
-1.500000000000000000e+04 -9.999999996959055976e-09
-1.490000000000000000e+04 1.000000000140428488e-08
-1.480000000000000000e+04 0.000000000000000000e+00
-1.470000000000000000e+04 0.000000000000000000e+00
-1.460000000000000000e+04 0.000000000000000000e+00
-1.450000000000000000e+04 0.000000000000000000e+00
-1.440000000000000000e+04 0.000000000000000000e+00
-1.430000000000000000e+04 -9.999999996959055976e-09
-1.420000000000000000e+04 9.999999996959055976e-09
-1.410000000000000000e+04 0.000000000000000000e+00
-1.400000000000000000e+04 0.000000000000000000e+00
-1.390000000000000000e+04 0.000000000000000000e+00
-1.380000000000000000e+04 -1.000000000139073236e-08
-1.370000000000000000e+04 1.000000000140428488e-08
-1.360000000000000000e+04 0.000000000000000000e+00
-1.350000000000000000e+04 -4.445228907190568179e-18
-1.340000000000000000e+04 4.431676380034499374e-18
-1.330000000000000000e+04 -1.000000000140428488e-08
-1.320000000000000000e+04 1.000000000140428488e-08
-1.310000000000000000e+04 -9.999999996959055976e-09
-1.300000000000000000e+04 9.999999996959055976e-09
-1.290000000000000000e+04 0.000000000000000000e+00
-1.280000000000000000e+04 -1.000000000140428488e-08
-1.270000000000000000e+04 1.000000000140428488e-08
-1.260000000000000000e+04 -1.000000000139073236e-08
-1.250000000000000000e+04 1.000000000140428488e-08
-1.240000000000000000e+04 0.000000000000000000e+00
-1.230000000000000000e+04 -1.000000000140428488e-08
-1.220000000000000000e+04 9.999999996959055976e-09
-1.210000000000000000e+04 -9.999999996959055976e-09
-1.200000000000000000e+04 1.000000000140428488e-08
-1.190000000000000000e+04 -1.000000000140428488e-08
-1.180000000000000000e+04 4.431676380034499374e-18
-1.170000000000000000e+04 9.999999996959055976e-09
-1.160000000000000000e+04 -1.000000000140428488e-08
-1.150000000000000000e+04 1.000000000140428488e-08
-1.140000000000000000e+04 -9.999999996959055976e-09
-1.130000000000000000e+04 -4.431676380034499374e-18
-1.120000000000000000e+04 1.000000000140428488e-08
-1.110000000000000000e+04 -1.000000000140428488e-08
-1.100000000000000000e+04 9.999999996959055976e-09
-1.090000000000000000e+04 -9.999999996959055976e-09
-1.080000000000000000e+04 0.000000000000000000e+00
-1.070000000000000000e+04 0.000000000000000000e+00
-1.060000000000000000e+04 0.000000000000000000e+00
-1.050000000000000000e+04 1.000000000139073236e-08
-1.040000000000000000e+04 -1.000000000140428488e-08
-1.030000000000000000e+04 0.000000000000000000e+00
-1.020000000000000000e+04 4.445228907190568179e-18
-1.010000000000000000e+04 0.000000000000000000e+00
-1.000000000000000000e+04 9.999999996959055976e-09
-9.900000000000000000e+03 -1.000000000140428488e-08
-9.800000000000000000e+03 0.000000000000000000e+00
-9.700000000000000000e+03 0.000000000000000000e+00
-9.600000000000000000e+03 0.000000000000000000e+00
-9.500000000000000000e+03 1.000000000140428488e-08
-9.400000000000000000e+03 -1.000000000140428488e-08
-9.300000000000000000e+03 4.431676380034499374e-18
-9.200000000000000000e+03 -4.445228907190568179e-18
-9.100000000000000000e+03 0.000000000000000000e+00
-9.000000000000000000e+03 0.000000000000000000e+00
-8.900000000000000000e+03 4.431676380034499374e-18
-8.800000000000000000e+03 -4.431676380034499374e-18
-8.700000000000000000e+03 0.000000000000000000e+00
-8.600000000000000000e+03 0.000000000000000000e+00
-8.500000000000000000e+03 4.445228907190568179e-18
-8.400000000000000000e+03 -4.431676380034499374e-18
-8.300000000000000000e+03 1.000000000140428488e-08
-8.200000000000000000e+03 -1.000000000140428488e-08
-8.100000000000000000e+03 0.000000000000000000e+00
-8.000000000000000000e+03 0.000000000000000000e+00
-7.900000000000000000e+03 0.000000000000000000e+00
-7.800000000000000000e+03 0.000000000000000000e+00
-7.700000000000000000e+03 4.431676380034499374e-18
-7.600000000000000000e+03 0.000000000000000000e+00
-7.500000000000000000e+03 -4.445228907190568179e-18
-7.400000000000000000e+03 0.000000000000000000e+00
-7.300000000000000000e+03 4.445228907190568179e-18
-7.200000000000000000e+03 -4.431676380034499374e-18
-7.100000000000000000e+03 0.000000000000000000e+00
-7.000000000000000000e+03 0.000000000000000000e+00
-6.900000000000000000e+03 0.000000000000000000e+00
-6.800000000000000000e+03 0.000000000000000000e+00
-6.700000000000000000e+03 0.000000000000000000e+00
-6.600000000000000000e+03 -1.000000000140428488e-08
-6.500000000000000000e+03 1.000000000140428488e-08
-6.400000000000000000e+03 4.431676380034499374e-18
-6.300000000000000000e+03 -4.445228907190568179e-18
-6.200000000000000000e+03 0.000000000000000000e+00
-6.100000000000000000e+03 -9.999999996959055976e-09
-6.000000000000000000e+03 1.000000000140428488e-08
-5.900000000000000000e+03 -4.431676380034499374e-18
-5.800000000000000000e+03 0.000000000000000000e+00
-5.700000000000000000e+03 0.000000000000000000e+00
-5.600000000000000000e+03 -9.999999996959055976e-09
-5.500000000000000000e+03 9.999999996959055976e-09
-5.400000000000000000e+03 -1.000000000140428488e-08
-5.300000000000000000e+03 1.000000000140428488e-08
-5.200000000000000000e+03 0.000000000000000000e+00
-5.100000000000000000e+03 -9.999999996959055976e-09
-5.000000000000000000e+03 9.999999996959055976e-09
-4.900000000000000000e+03 -1.000000000140428488e-08
-4.800000000000000000e+03 1.000000000583596126e-08
-4.700000000000000000e+03 0.000000000000000000e+00
-4.600000000000000000e+03 -1.000000000583596126e-08
-4.500000000000000000e+03 1.000000000140428488e-08
-4.400000000000000000e+03 -9.999999996959055976e-09
-4.300000000000000000e+03 9.999999996959055976e-09
-4.200000000000000000e+03 0.000000000000000000e+00
-4.100000000000000000e+03 -1.000000000140428488e-08
-4.000000000000000000e+03 1.000000000140428488e-08
-3.900000000000000000e+03 -9.999999996959055976e-09
-3.800000000000000000e+03 9.999999996959055976e-09
-3.700000000000000000e+03 -1.000000000140428488e-08
-3.600000000000000000e+03 0.000000000000000000e+00
-3.500000000000000000e+03 1.000000000583596126e-08
-3.400000000000000000e+03 -1.000000000140428488e-08
-3.300000000000000000e+03 9.999999996959055976e-09
-3.200000000000000000e+03 -9.999999996959055976e-09
-3.100000000000000000e+03 0.000000000000000000e+00
-3.000000000000000000e+03 9.999999996959055976e-09
-2.900000000000000000e+03 -1.000000000140428488e-08
-2.800000000000000000e+03 1.000000000140428488e-08
-2.700000000000000000e+03 -9.999999996959055976e-09
-2.600000000000000000e+03 0.000000000000000000e+00
-2.500000000000000000e+03 -4.445228907190568179e-18
-2.400000000000000000e+03 0.000000000000000000e+00
-2.300000000000000000e+03 1.000000000140428488e-08
-2.200000000000000000e+03 -9.999999996959055976e-09
-2.100000000000000000e+03 -4.431676380034499374e-18
-2.000000000000000000e+03 0.000000000000000000e+00
-1.900000000000000000e+03 4.431676380034499374e-18
-1.800000000000000000e+03 1.000000000140428488e-08
-1.700000000000000000e+03 -1.000000000583596126e-08
-1.600000000000000000e+03 1.000000000140428488e-08
-1.500000000000000000e+03 -9.999999996959055976e-09
-1.400000000000000000e+03 0.000000000000000000e+00
-1.300000000000000000e+03 -4.445228907190568179e-18
-1.200000000000000000e+03 0.000000000000000000e+00
-1.100000000000000000e+03 1.000000000140428488e-08
-1.000000000000000000e+03 -9.999999996959055976e-09
-9.000000000000000000e+02 0.000000000000000000e+00
-8.000000000000000000e+02 -4.445228907190568179e-18
-7.000000000000000000e+02 0.000000000000000000e+00
-6.000000000000000000e+02 1.000000000583596126e-08
-5.000000000000000000e+02 -1.000000000583596126e-08
-4.000000000000000000e+02 0.000000000000000000e+00
-3.000000000000000000e+02 4.445228907190568179e-18
-2.000000000000000000e+02 0.000000000000000000e+00
-1.000000000000000000e+02 9.999999996959055976e-09
0.000000000000000000e+00 -1.000000000140428488e-08
1.000000000000000000e+02 0.000000000000000000e+00
2.000000000000000000e+02 4.445228907190568179e-18
3.000000000000000000e+02 0.000000000000000000e+00
4.000000000000000000e+02 -4.445228907190568179e-18
5.000000000000000000e+02 0.000000000000000000e+00
6.000000000000000000e+02 4.431676380034499374e-18
7.000000000000000000e+02 0.000000000000000000e+00
8.000000000000000000e+02 -4.431676380034499374e-18
9.000000000000000000e+02 0.000000000000000000e+00
1.000000000000000000e+03 4.431676380034499374e-18
1.100000000000000000e+03 0.000000000000000000e+00
1.200000000000000000e+03 -4.445228907190568179e-18
1.300000000000000000e+03 0.000000000000000000e+00
1.400000000000000000e+03 4.445228907190568179e-18
1.500000000000000000e+03 0.000000000000000000e+00
1.600000000000000000e+03 -1.000000000140428488e-08
1.700000000000000000e+03 9.999999996959055976e-09
1.800000000000000000e+03 0.000000000000000000e+00
1.900000000000000000e+03 4.445228907190568179e-18
2.000000000000000000e+03 0.000000000000000000e+00
2.100000000000000000e+03 -1.000000000583596126e-08
2.200000000000000000e+03 1.000000000583596126e-08
2.300000000000000000e+03 0.000000000000000000e+00
2.400000000000000000e+03 -4.445228907190568179e-18
2.500000000000000000e+03 0.000000000000000000e+00
2.600000000000000000e+03 -9.999999996959055976e-09
2.700000000000000000e+03 1.000000000140428488e-08
2.800000000000000000e+03 0.000000000000000000e+00
2.900000000000000000e+03 -4.445228907190568179e-18
3.000000000000000000e+03 0.000000000000000000e+00
3.100000000000000000e+03 -9.999999996959055976e-09
3.200000000000000000e+03 1.000000000140428488e-08
3.300000000000000000e+03 -1.000000000140428488e-08
3.400000000000000000e+03 9.999999996959055976e-09
3.500000000000000000e+03 4.431676380034499374e-18
3.600000000000000000e+03 -1.000000000140428488e-08
3.700000000000000000e+03 9.999999996959055976e-09
3.800000000000000000e+03 -9.999999996959055976e-09
3.900000000000000000e+03 1.000000000140428488e-08
4.000000000000000000e+03 0.000000000000000000e+00
4.100000000000000000e+03 -1.000000000140428488e-08
4.200000000000000000e+03 9.999999996959055976e-09
4.300000000000000000e+03 -9.999999996959055976e-09
4.400000000000000000e+03 1.000000000140428488e-08
4.500000000000000000e+03 0.000000000000000000e+00
4.600000000000000000e+03 -4.445228907190568179e-18
4.700000000000000000e+03 0.000000000000000000e+00
4.800000000000000000e+03 -9.999999996959055976e-09
4.900000000000000000e+03 1.000000000140428488e-08
5.000000000000000000e+03 -1.000000000583596126e-08
5.100000000000000000e+03 1.000000000583596126e-08
5.200000000000000000e+03 0.000000000000000000e+00
5.300000000000000000e+03 -1.000000000140428488e-08
5.400000000000000000e+03 9.999999996959055976e-09
5.500000000000000000e+03 -9.999999996959055976e-09
5.600000000000000000e+03 1.000000000140428488e-08
5.700000000000000000e+03 0.000000000000000000e+00
5.800000000000000000e+03 -1.000000000140428488e-08
5.900000000000000000e+03 9.999999996959055976e-09
6.000000000000000000e+03 -9.999999996959055976e-09
6.100000000000000000e+03 1.000000000140428488e-08
6.200000000000000000e+03 -4.431676380034499374e-18
6.300000000000000000e+03 -1.000000000140428488e-08
6.400000000000000000e+03 1.000000000583596126e-08
6.500000000000000000e+03 -1.000000000140428488e-08
6.600000000000000000e+03 9.999999996959055976e-09
6.700000000000000000e+03 -9.999999996959055976e-09
6.800000000000000000e+03 0.000000000000000000e+00
6.900000000000000000e+03 1.000000000140428488e-08
7.000000000000000000e+03 -1.000000000140428488e-08
7.100000000000000000e+03 9.999999996959055976e-09
7.200000000000000000e+03 -9.999999996959055976e-09
7.300000000000000000e+03 0.000000000000000000e+00
7.400000000000000000e+03 1.000000000140428488e-08
7.500000000000000000e+03 -1.000000000583596126e-08
7.600000000000000000e+03 1.000000000140428488e-08
7.700000000000000000e+03 -9.999999996959055976e-09
7.800000000000000000e+03 0.000000000000000000e+00
7.900000000000000000e+03 -4.445228907190568179e-18
8.000000000000000000e+03 4.431676380034499374e-18
8.100000000000000000e+03 1.000000000140428488e-08
8.200000000000000000e+03 -1.000000000140428488e-08
8.300000000000000000e+03 0.000000000000000000e+00
8.400000000000000000e+03 0.000000000000000000e+00
8.500000000000000000e+03 0.000000000000000000e+00
8.600000000000000000e+03 1.000000000140428488e-08
8.700000000000000000e+03 -1.000000000140428488e-08
8.800000000000000000e+03 -4.431676380034499374e-18
8.900000000000000000e+03 4.445228907190568179e-18
9.000000000000000000e+03 0.000000000000000000e+00
9.100000000000000000e+03 9.999999996959055976e-09
9.200000000000000000e+03 -1.000000000140428488e-08
9.300000000000000000e+03 4.431676380034499374e-18
9.400000000000000000e+03 0.000000000000000000e+00
9.500000000000000000e+03 0.000000000000000000e+00
9.600000000000000000e+03 0.000000000000000000e+00
9.700000000000000000e+03 0.000000000000000000e+00
9.800000000000000000e+03 0.000000000000000000e+00
9.900000000000000000e+03 0.000000000000000000e+00
1.000000000000000000e+04 0.000000000000000000e+00
1.010000000000000000e+04 0.000000000000000000e+00
1.020000000000000000e+04 0.000000000000000000e+00
1.030000000000000000e+04 0.000000000000000000e+00
1.040000000000000000e+04 -4.445228907190568179e-18
1.050000000000000000e+04 4.431676380034499374e-18
1.060000000000000000e+04 0.000000000000000000e+00
1.070000000000000000e+04 0.000000000000000000e+00
1.080000000000000000e+04 0.000000000000000000e+00
1.090000000000000000e+04 0.000000000000000000e+00
1.100000000000000000e+04 0.000000000000000000e+00
1.110000000000000000e+04 0.000000000000000000e+00
1.120000000000000000e+04 0.000000000000000000e+00
1.130000000000000000e+04 9.999999996959055976e-09
1.140000000000000000e+04 -9.999999996959055976e-09
1.150000000000000000e+04 -4.431676380034499374e-18
1.160000000000000000e+04 0.000000000000000000e+00
1.170000000000000000e+04 0.000000000000000000e+00
1.180000000000000000e+04 0.000000000000000000e+00
1.190000000000000000e+04 0.000000000000000000e+00
1.200000000000000000e+04 8.876905287225067553e-18
1.210000000000000000e+04 0.000000000000000000e+00
1.220000000000000000e+04 0.000000000000000000e+00
1.230000000000000000e+04 -8.890457814381136359e-18
1.240000000000000000e+04 0.000000000000000000e+00
1.250000000000000000e+04 0.000000000000000000e+00
1.260000000000000000e+04 0.000000000000000000e+00
1.270000000000000000e+04 0.000000000000000000e+00
1.280000000000000000e+04 8.890457814381136359e-18
1.290000000000000000e+04 0.000000000000000000e+00
1.300000000000000000e+04 0.000000000000000000e+00
1.310000000000000000e+04 -8.890457814381136359e-18
1.320000000000000000e+04 0.000000000000000000e+00
1.330000000000000000e+04 0.000000000000000000e+00
1.340000000000000000e+04 0.000000000000000000e+00
1.350000000000000000e+04 -1.000000000140428488e-08
1.360000000000000000e+04 1.000000001028119017e-08
1.370000000000000000e+04 0.000000000000000000e+00
1.380000000000000000e+04 0.000000000000000000e+00
1.390000000000000000e+04 0.000000000000000000e+00
1.400000000000000000e+04 -1.000000000140428488e-08
1.410000000000000000e+04 9.999999992513827068e-09
1.420000000000000000e+04 0.000000000000000000e+00
1.430000000000000000e+04 0.000000000000000000e+00
1.440000000000000000e+04 0.000000000000000000e+00
1.450000000000000000e+04 -9.999999992513827068e-09
1.460000000000000000e+04 1.000000000140428488e-08
1.470000000000000000e+04 0.000000000000000000e+00
1.480000000000000000e+04 -8.890457814381136359e-18
1.490000000000000000e+04 0.000000000000000000e+00
1.500000000000000000e+04 -1.000000000140428488e-08
1.510000000000000000e+04 1.000000000140428488e-08
1.520000000000000000e+04 -9.999999992513827068e-09
1.530000000000000000e+04 1.000000000140428488e-08
1.540000000000000000e+04 0.000000000000000000e+00
1.550000000000000000e+04 -1.000000000140428488e-08
1.560000000000000000e+04 1.000000000140428488e-08
1.570000000000000000e+04 -1.000000001028119017e-08
1.580000000000000000e+04 1.000000000140428488e-08
1.590000000000000000e+04 0.000000000000000000e+00
1.600000000000000000e+04 -1.000000000140428488e-08
1.610000000000000000e+04 1.000000001028119017e-08
1.620000000000000000e+04 -1.000000000140428488e-08
1.630000000000000000e+04 1.000000000140428488e-08
1.640000000000000000e+04 0.000000000000000000e+00
1.650000000000000000e+04 -1.000000000140428488e-08
1.660000000000000000e+04 9.999999992513827068e-09
1.670000000000000000e+04 -1.000000000140428488e-08
1.680000000000000000e+04 1.000000000140428488e-08
1.690000000000000000e+04 0.000000000000000000e+00
1.700000000000000000e+04 -9.999999992513827068e-09
1.710000000000000000e+04 1.000000000140428488e-08
1.720000000000000000e+04 -1.000000000140428488e-08
1.730000000000000000e+04 9.999999992513827068e-09
1.740000000000000000e+04 -1.000000000140428488e-08
1.750000000000000000e+04 1.000000000140428488e-08
1.760000000000000000e+04 0.000000000000000000e+00
1.770000000000000000e+04 -9.999999992513827068e-09
1.780000000000000000e+04 1.000000000140428488e-08
1.790000000000000000e+04 -1.000000000140428488e-08
1.800000000000000000e+04 1.000000000140428488e-08
1.810000000000000000e+04 0.000000000000000000e+00
1.820000000000000000e+04 -1.000000001028119017e-08
1.830000000000000000e+04 1.000000000140428488e-08
1.840000000000000000e+04 -1.000000000140428488e-08
1.850000000000000000e+04 1.000000000140428488e-08
1.860000000000000000e+04 0.000000000000000000e+00
1.870000000000000000e+04 -9.999999992513827068e-09
1.880000000000000000e+04 1.000000000140428488e-08
1.890000000000000000e+04 -1.000000000140428488e-08
1.900000000000000000e+04 9.999999992513827068e-09
1.910000000000000000e+04 -1.000000000140428488e-08
1.920000000000000000e+04 0.000000000000000000e+00
1.930000000000000000e+04 1.000000000140428488e-08
1.940000000000000000e+04 -9.999999992513827068e-09
1.950000000000000000e+04 1.000000000140428488e-08
1.960000000000000000e+04 -1.000000000140428488e-08
1.970000000000000000e+04 0.000000000000000000e+00
1.980000000000000000e+04 9.999999992513827068e-09
1.990000000000000000e+04 -1.000000000140428488e-08
2.000000000000000000e+04 1.000000000140428488e-08
2.010000000000000000e+04 -1.000000000140428488e-08
2.020000000000000000e+04 0.000000000000000000e+00
2.030000000000000000e+04 1.000000001028119017e-08
2.040000000000000000e+04 -1.000000000140428488e-08
2.050000000000000000e+04 1.000000000140428488e-08
2.060000000000000000e+04 -1.000000000140428488e-08
2.070000000000000000e+04 -8.876905287225067553e-18
2.080000000000000000e+04 1.000000000140428488e-08
2.090000000000000000e+04 -1.000000000140428488e-08
2.100000000000000000e+04 1.000000000140428488e-08
2.110000000000000000e+04 -9.999999992513827068e-09
2.120000000000000000e+04 0.000000000000000000e+00
2.130000000000000000e+04 0.000000000000000000e+00
2.140000000000000000e+04 0.000000000000000000e+00
2.150000000000000000e+04 9.999999992513827068e-09
2.160000000000000000e+04 -1.000000000140428488e-08
2.170000000000000000e+04 0.000000000000000000e+00
2.180000000000000000e+04 0.000000000000000000e+00
2.190000000000000000e+04 8.876905287225067553e-18
2.200000000000000000e+04 1.000000000140428488e-08
2.210000000000000000e+04 -1.000000000140428488e-08
2.220000000000000000e+04 0.000000000000000000e+00
2.230000000000000000e+04 0.000000000000000000e+00
2.240000000000000000e+04 -8.876905287225067553e-18
2.250000000000000000e+04 1.000000000140428488e-08
2.260000000000000000e+04 -1.000000000140428488e-08
2.270000000000000000e+04 0.000000000000000000e+00
2.280000000000000000e+04 8.890457814381136359e-18
2.290000000000000000e+04 0.000000000000000000e+00
2.300000000000000000e+04 1.000000000140428488e-08
2.310000000000000000e+04 -1.000000000140428488e-08
2.320000000000000000e+04 0.000000000000000000e+00
2.330000000000000000e+04 -8.890457814381136359e-18
2.340000000000000000e+04 0.000000000000000000e+00
2.350000000000000000e+04 8.890457814381136359e-18
2.360000000000000000e+04 0.000000000000000000e+00
2.370000000000000000e+04 0.000000000000000000e+00
2.380000000000000000e+04 0.000000000000000000e+00
2.390000000000000000e+04 0.000000000000000000e+00
2.400000000000000000e+04 -8.890457814381136359e-18
2.410000000000000000e+04 0.000000000000000000e+00
2.420000000000000000e+04 1.000000000140428488e-08
2.430000000000000000e+04 -1.000000000140428488e-08
2.440000000000000000e+04 8.876905287225067553e-18
2.450000000000000000e+04 0.000000000000000000e+00
2.460000000000000000e+04 0.000000000000000000e+00
2.470000000000000000e+04 1.000000000140428488e-08
2.480000000000000000e+04 -1.000000000140428488e-08
2.490000000000000000e+04 -8.876905287225067553e-18
2.500000000000000000e+04 0.000000000000000000e+00
2.510000000000000000e+04 0.000000000000000000e+00
2.520000000000000000e+04 1.000000000140428488e-08
2.530000000000000000e+04 -9.999999992513827068e-09
2.540000000000000000e+04 0.000000000000000000e+00
2.550000000000000000e+04 0.000000000000000000e+00
2.560000000000000000e+04 0.000000000000000000e+00
2.570000000000000000e+04 -8.890457814381136359e-18
2.580000000000000000e+04 0.000000000000000000e+00
2.590000000000000000e+04 0.000000000000000000e+00
2.600000000000000000e+04 8.890457814381136359e-18
2.610000000000000000e+04 0.000000000000000000e+00
2.620000000000000000e+04 0.000000000000000000e+00
2.630000000000000000e+04 0.000000000000000000e+00
2.640000000000000000e+04 0.000000000000000000e+00
2.650000000000000000e+04 -8.890457814381136359e-18
2.660000000000000000e+04 0.000000000000000000e+00
2.670000000000000000e+04 0.000000000000000000e+00
2.680000000000000000e+04 0.000000000000000000e+00
2.690000000000000000e+04 0.000000000000000000e+00
2.700000000000000000e+04 8.890457814381136359e-18
2.710000000000000000e+04 0.000000000000000000e+00
2.720000000000000000e+04 0.000000000000000000e+00
2.730000000000000000e+04 0.000000000000000000e+00
2.740000000000000000e+04 -8.876905287225067553e-18
2.750000000000000000e+04 0.000000000000000000e+00
2.760000000000000000e+04 0.000000000000000000e+00
2.770000000000000000e+04 8.890457814381136359e-18
2.780000000000000000e+04 0.000000000000000000e+00
2.790000000000000000e+04 0.000000000000000000e+00
2.800000000000000000e+04 0.000000000000000000e+00
2.810000000000000000e+04 0.000000000000000000e+00
2.820000000000000000e+04 -8.890457814381136359e-18
2.830000000000000000e+04 0.000000000000000000e+00
2.840000000000000000e+04 -1.000000000140428488e-08
2.850000000000000000e+04 1.000000000140428488e-08
2.860000000000000000e+04 8.876905287225067553e-18
2.870000000000000000e+04 0.000000000000000000e+00
2.880000000000000000e+04 0.000000000000000000e+00
2.890000000000000000e+04 -1.000000000140428488e-08
2.900000000000000000e+04 1.000000000140428488e-08
2.910000000000000000e+04 -8.876905287225067553e-18
2.920000000000000000e+04 0.000000000000000000e+00
2.930000000000000000e+04 0.000000000000000000e+00
2.940000000000000000e+04 -9.999999992513827068e-09
2.950000000000000000e+04 1.000000000140428488e-08
2.960000000000000000e+04 0.000000000000000000e+00
2.970000000000000000e+04 0.000000000000000000e+00
2.980000000000000000e+04 0.000000000000000000e+00
2.990000000000000000e+04 -1.000000000140428488e-08
3.000000000000000000e+04 9.999999992513827068e-09
3.010000000000000000e+04 0.000000000000000000e+00
3.020000000000000000e+04 8.890457814381136359e-18
3.030000000000000000e+04 0.000000000000000000e+00
3.040000000000000000e+04 0.000000000000000000e+00
3.050000000000000000e+04 0.000000000000000000e+00
3.060000000000000000e+04 0.000000000000000000e+00
3.070000000000000000e+04 -8.890457814381136359e-18
3.080000000000000000e+04 0.000000000000000000e+00
3.090000000000000000e+04 0.000000000000000000e+00
3.100000000000000000e+04 0.000000000000000000e+00
3.110000000000000000e+04 -9.999999992513827068e-09
3.120000000000000000e+04 1.000000000140428488e-08
3.130000000000000000e+04 0.000000000000000000e+00
3.140000000000000000e+04 0.000000000000000000e+00
3.150000000000000000e+04 0.000000000000000000e+00
3.160000000000000000e+04 -1.000000001028119017e-08
3.170000000000000000e+04 1.000000000140428488e-08
3.180000000000000000e+04 0.000000000000000000e+00
3.190000000000000000e+04 8.890457814381136359e-18
3.200000000000000000e+04 0.000000000000000000e+00
3.210000000000000000e+04 -1.000000000140428488e-08
3.220000000000000000e+04 1.000000000140428488e-08
3.230000000000000000e+04 0.000000000000000000e+00
3.240000000000000000e+04 -8.890457814381136359e-18
3.250000000000000000e+04 0.000000000000000000e+00
3.260000000000000000e+04 -1.000000000140428488e-08
3.270000000000000000e+04 1.000000001028119017e-08
3.280000000000000000e+04 0.000000000000000000e+00
3.290000000000000000e+04 0.000000000000000000e+00
3.300000000000000000e+04 0.000000000000000000e+00
3.310000000000000000e+04 -1.000000000140428488e-08
3.320000000000000000e+04 9.999999992513827068e-09
3.330000000000000000e+04 0.000000000000000000e+00
3.340000000000000000e+04 0.000000000000000000e+00
3.350000000000000000e+04 0.000000000000000000e+00
3.360000000000000000e+04 -9.999999992513827068e-09
3.370000000000000000e+04 1.000000000140428488e-08
3.380000000000000000e+04 0.000000000000000000e+00
3.390000000000000000e+04 0.000000000000000000e+00
3.400000000000000000e+04 0.000000000000000000e+00
3.410000000000000000e+04 -1.000000001028119017e-08
3.420000000000000000e+04 1.000000000140428488e-08
3.430000000000000000e+04 -9.999999992513827068e-09
3.440000000000000000e+04 1.000000000140428488e-08
3.450000000000000000e+04 0.000000000000000000e+00
3.460000000000000000e+04 -1.000000000140428488e-08
3.470000000000000000e+04 1.000000000140428488e-08
3.480000000000000000e+04 -1.000000000140428488e-08
3.490000000000000000e+04 9.999999992513827068e-09
3.500000000000000000e+04 0.000000000000000000e+00
3.510000000000000000e+04 -1.000000000140428488e-08
3.520000000000000000e+04 1.000000000140428488e-08
3.530000000000000000e+04 -9.999999992513827068e-09
3.540000000000000000e+04 1.000000000140428488e-08
3.550000000000000000e+04 0.000000000000000000e+00
3.560000000000000000e+04 -1.000000000140428488e-08
3.570000000000000000e+04 9.999999992513827068e-09
3.580000000000000000e+04 -1.000000000140428488e-08
3.590000000000000000e+04 1.000000000140428488e-08
3.600000000000000000e+04 0.000000000000000000e+00
3.610000000000000000e+04 -9.999999992513827068e-09
3.620000000000000000e+04 1.000000000140428488e-08
3.630000000000000000e+04 -1.000000000140428488e-08
3.640000000000000000e+04 1.000000000140428488e-08
3.650000000000000000e+04 0.000000000000000000e+00
3.660000000000000000e+04 -1.000000000140428488e-08
3.670000000000000000e+04 9.999999992513827068e-09
3.680000000000000000e+04 -1.000000000140428488e-08
3.690000000000000000e+04 1.000000001028119017e-08
3.700000000000000000e+04 0.000000000000000000e+00
3.710000000000000000e+04 0.000000000000000000e+00
3.720000000000000000e+04 0.000000000000000000e+00
3.730000000000000000e+04 -1.000000000140428488e-08
3.740000000000000000e+04 9.999999992513827068e-09
3.750000000000000000e+04 -1.000000000140428488e-08
3.760000000000000000e+04 1.000000000140428488e-08
3.770000000000000000e+04 0.000000000000000000e+00
3.780000000000000000e+04 -9.999999992513827068e-09
3.790000000000000000e+04 1.000000000140428488e-08
3.800000000000000000e+04 -1.000000000140428488e-08
3.810000000000000000e+04 1.000000000140428488e-08
3.820000000000000000e+04 0.000000000000000000e+00
3.830000000000000000e+04 -1.000000001028119017e-08
3.840000000000000000e+04 1.000000000140428488e-08
3.850000000000000000e+04 -9.999999992513827068e-09
3.860000000000000000e+04 1.000000000140428488e-08
3.870000000000000000e+04 0.000000000000000000e+00
3.880000000000000000e+04 -1.000000000140428488e-08
3.890000000000000000e+04 1.000000000140428488e-08
3.900000000000000000e+04 -1.000000000140428488e-08
3.910000000000000000e+04 9.999999992513827068e-09
3.920000000000000000e+04 0.000000000000000000e+00
3.930000000000000000e+04 -1.000000000140428488e-08
3.940000000000000000e+04 1.000000001028119017e-08
3.950000000000000000e+04 -1.000000000140428488e-08
3.960000000000000000e+04 1.000000000140428488e-08
3.970000000000000000e+04 0.000000000000000000e+00
3.980000000000000000e+04 -1.000000000140428488e-08
3.990000000000000000e+04 9.999999992513827068e-09
4.000000000000000000e+04 -1.000000000140428488e-08
4.010000000000000000e+04 1.000000000140428488e-08
4.020000000000000000e+04 0.000000000000000000e+00
4.030000000000000000e+04 -9.999999992513827068e-09
4.040000000000000000e+04 1.000000000140428488e-08
4.050000000000000000e+04 -1.000000000140428488e-08
4.060000000000000000e+04 1.000000000140428488e-08
4.070000000000000000e+04 0.000000000000000000e+00
4.080000000000000000e+04 -1.000000001028119017e-08
4.090000000000000000e+04 1.000000000140428488e-08
4.100000000000000000e+04 -9.999999992513827068e-09
4.110000000000000000e+04 1.000000000140428488e-08
4.120000000000000000e+04 -1.000000000140428488e-08
4.130000000000000000e+04 0.000000000000000000e+00
4.140000000000000000e+04 1.000000000140428488e-08
4.150000000000000000e+04 -1.000000000140428488e-08
4.160000000000000000e+04 9.999999992513827068e-09
4.170000000000000000e+04 -1.000000000140428488e-08
4.180000000000000000e+04 0.000000000000000000e+00
4.190000000000000000e+04 1.000000000140428488e-08
4.200000000000000000e+04 -9.999999992513827068e-09
4.210000000000000000e+04 1.000000000140428488e-08
4.220000000000000000e+04 -1.000000000140428488e-08
4.230000000000000000e+04 0.000000000000000000e+00
4.240000000000000000e+04 9.999999992513827068e-09
4.250000000000000000e+04 -1.000000000140428488e-08
4.260000000000000000e+04 1.000000000140428488e-08
4.270000000000000000e+04 -9.999999992513827068e-09
4.280000000000000000e+04 0.000000000000000000e+00
4.290000000000000000e+04 1.000000000140428488e-08
4.300000000000000000e+04 -1.000000000140428488e-08
4.310000000000000000e+04 1.000000000140428488e-08
4.320000000000000000e+04 -1.000000000140428488e-08
4.330000000000000000e+04 9.999999992513827068e-09
4.340000000000000000e+04 0.000000000000000000e+00
4.350000000000000000e+04 -1.000000000140428488e-08
4.360000000000000000e+04 1.000000001028119017e-08
4.370000000000000000e+04 -1.000000000140428488e-08
4.380000000000000000e+04 1.000000000140428488e-08
4.390000000000000000e+04 0.000000000000000000e+00
4.400000000000000000e+04 -1.000000000140428488e-08
4.410000000000000000e+04 9.999999992513827068e-09
4.420000000000000000e+04 -1.000000000140428488e-08
4.430000000000000000e+04 1.000000000140428488e-08
4.440000000000000000e+04 0.000000000000000000e+00
4.450000000000000000e+04 -9.999999992513827068e-09
4.460000000000000000e+04 1.000000000140428488e-08
4.470000000000000000e+04 -1.000000000140428488e-08
4.480000000000000000e+04 1.000000000140428488e-08
4.490000000000000000e+04 -1.000000000140428488e-08
4.500000000000000000e+04 -8.876905287225067553e-18
4.510000000000000000e+04 0.000000000000000000e+00
4.520000000000000000e+04 8.876905287225067553e-18
4.530000000000000000e+04 0.000000000000000000e+00
4.540000000000000000e+04 0.000000000000000000e+00
4.550000000000000000e+04 1.000000000139073236e-08
4.560000000000000000e+04 1.000000000140428488e-08
4.570000000000000000e+04 1.999999999390455942e-08
4.580000000000000000e+04 2.999999999530884431e-08
4.590000000000000000e+04 2.000000000279501724e-08
4.600000000000000000e+04 2.000000000279501724e-08
4.610000000000000000e+04 2.999999999530884431e-08
4.620000000000000000e+04 1.000000000139073236e-08
4.630000000000000000e+04 2.000000000279501724e-08
4.640000000000000000e+04 -1.000000000140428488e-08
4.650000000000000000e+04 -1.999999999391811195e-08
4.660000000000000000e+04 -3.000000000419930212e-08
4.670000000000000000e+04 -5.999999999950814643e-08
4.680000000000000000e+04 -9.000000000369389602e-08
4.690000000000000000e+04 -1.300000000004070252e-07
4.700000000000000000e+04 -1.699999999971201544e-07
4.710000000000000000e+04 -2.199999999952240159e-07
4.720000000000000000e+04 -2.800000000036090677e-07
4.730000000000000000e+04 -3.299999999928360239e-07
4.740000000000000000e+04 -4.100000000040160929e-07
4.750000000000000000e+04 -4.900000000063192565e-07
4.760000000000000000e+04 -5.699999999997319624e-07
4.770000000000000000e+04 -6.699999999959532380e-07
4.780000000000000000e+04 -7.700000000010514189e-07
4.790000000000000000e+04 -8.900000000000677118e-07
4.800000000000000000e+04 -1.009999999999070452e-06
4.810000000000000000e+04 -1.139999999999477477e-06
4.820000000000000000e+04 -1.280000000001288787e-06
4.830000000000000000e+04 -1.440000000005881562e-06
4.840000000000000000e+04 -1.600000000001597432e-06
4.850000000000000000e+04 -1.780000000000121871e-06
4.860000000000000000e+04 -1.939999999995837741e-06
4.870000000000000000e+04 -2.139999999997143645e-06
4.880000000000000000e+04 -2.319999999995654531e-06
4.890000000000000000e+04 -2.510000000004460161e-06
4.900000000000000000e+04 -2.689999999994094142e-06
4.910000000000000000e+04 -2.840000000006173090e-06
4.920000000000000000e+04 -2.970000000006580115e-06
4.930000000000000000e+04 -3.059999999992506648e-06
4.940000000000000000e+04 -3.120000000000905252e-06
4.950000000000000000e+04 -3.120000000000891700e-06
4.960000000000000000e+04 -3.099999999998110235e-06
4.970000000000000000e+04 -3.209999999995722243e-06
4.980000000000000000e+04 -3.340000000005006174e-06
4.990000000000000000e+04 -4.349999999995192944e-06
5.000000000000000000e+04 0.000000000000000000e+00
