0.000000000000000000e+00
1.000000000306277539e-09
-2.774032902257833610e-19
0.000000000000000000e+00
-9.999999997514709589e-10
0.000000000000000000e+00
9.999999997514709589e-10
0.000000000000000000e+00
2.774032902257833610e-19
-2.774032902257833610e-19
-1.000000000028874249e-09
1.000000000306277539e-09
-2.774032902257833610e-19
0.000000000000000000e+00
2.774032902257833610e-19
-2.774032902257833610e-19
0.000000000000000000e+00
0.000000000000000000e+00
2.774032902257833610e-19
9.999999997510474424e-10
0.000000000000000000e+00
0.000000000000000000e+00
0.000000000000000000e+00
1.000000000028450733e-09
0.000000000000000000e+00
2.774032902257833610e-19
-2.778268066994105112e-19
0.000000000000000000e+00
1.000000000028450733e-09
1.000000000028450733e-09
-1.000000000028874249e-09
1.000000000028450733e-09
1.000000000028450733e-09
0.000000000000000000e+00
9.999999997510474424e-10
2.778268066994105112e-19
1.000000000028450733e-09
0.000000000000000000e+00
9.999999997510474424e-10
0.000000000000000000e+00
2.778268066994105112e-19
1.000000000028874249e-09
1.000000000028450733e-09
-2.778268066994105112e-19
1.000000000028874249e-09
1.000000000028874249e-09
0.000000000000000000e+00
1.000000000028874249e-09
9.999999997510474424e-10
-9.999999997510474424e-10
1.000000000028874249e-09
1.000000000028874249e-09
0.000000000000000000e+00
1.000000000028874249e-09
1.000000000028874249e-09
9.999999997510474424e-10
0.000000000000000000e+00
1.000000000028874249e-09
1.000000000028874249e-09
0.000000000000000000e+00
1.000000000028874249e-09
0.000000000000000000e+00
1.000000000028874249e-09
1.000000000028874249e-09
1.000000000028874249e-09
9.999999997514709589e-10
0.000000000000000000e+00
0.000000000000000000e+00
2.000000000057748498e-09
1.000000000028874249e-09
0.000000000000000000e+00
0.000000000000000000e+00
2.000000000057748498e-09
0.000000000000000000e+00
0.000000000000000000e+00
1.000000000028874249e-09
1.000000000028874249e-09
0.000000000000000000e+00
1.000000000028874249e-09
9.999999997510474424e-10
0.000000000000000000e+00
1.000000000028874249e-09
2.778268066994105112e-19
1.000000000028874249e-09
1.000000000028874249e-09
0.000000000000000000e+00
2.000000000057324982e-09
-2.778268066994105112e-19
0.000000000000000000e+00
1.000000000028874249e-09
1.000000000028450733e-09
0.000000000000000000e+00
0.000000000000000000e+00
2.000000000057324982e-09
-2.778268066994105112e-19
1.000000000306277539e-09
0.000000000000000000e+00
1.000000000028450733e-09
0.000000000000000000e+00
-2.774032902257833610e-19
0.000000000000000000e+00
1.000000000028450733e-09
2.778268066994105112e-19
1.000000000028450733e-09
-1.000000000028450733e-09
9.999999997510474424e-10
1.000000000028450733e-09
-1.000000000028450733e-09
1.000000000306277539e-09
-1.000000000028450733e-09
9.999999997510474424e-10
1.000000000028450733e-09
-1.000000000028450733e-09
1.000000000028450733e-09
2.778268066994105112e-19
0.000000000000000000e+00
-1.389134033497052556e-19
-1.384898868760781054e-19
0.000000000000000000e+00
1.000000000167364136e-09
-1.000000000167364136e-09
1.000000000028450733e-09
1.389134033497052556e-19
9.999999998899608458e-10
0.000000000000000000e+00
0.000000000000000000e+00
0.000000000000000000e+00
0.000000000000000000e+00
0.000000000000000000e+00
1.389134033497052556e-19
9.999999998899608458e-10
1.000000000028874249e-09
0.000000000000000000e+00
-1.389134033497052556e-19
1.389134033497052556e-19
0.000000000000000000e+00
1.000000000028874249e-09
-1.389134033497052556e-19
1.000000000028874249e-09
-1.000000000028874249e-09
1.000000000167787652e-09
0.000000000000000000e+00
9.999999998899608458e-10
0.000000000000000000e+00
0.000000000000000000e+00
0.000000000000000000e+00
1.000000000028874249e-09
0.000000000000000000e+00
0.000000000000000000e+00
9.999999998899608458e-10
0.000000000000000000e+00
0.000000000000000000e+00
0.000000000000000000e+00
0.000000000000000000e+00
1.389134033497052556e-19
0.000000000000000000e+00
9.999999998899608458e-10
0.000000000000000000e+00
1.000000000028874249e-09
0.000000000000000000e+00
0.000000000000000000e+00
1.000000000028874249e-09
1.000000000028874249e-09
-1.000000000028874249e-09
1.000000000028874249e-09
1.000000000028874249e-09
-1.000000000028874249e-09
1.000000000028874249e-09
9.999999998899608458e-10
0.000000000000000000e+00
1.000000000028874249e-09
0.000000000000000000e+00
0.000000000000000000e+00
1.000000000028874249e-09
1.000000000028874249e-09
0.000000000000000000e+00
0.000000000000000000e+00
0.000000000000000000e+00
9.999999998899608458e-10
0.000000000000000000e+00
1.000000000167787652e-09
0.000000000000000000e+00
9.999999998899608458e-10
0.000000000000000000e+00
0.000000000000000000e+00
1.000000000028874249e-09
-1.000000000028874249e-09
1.000000000028874249e-09
0.000000000000000000e+00
1.000000000028874249e-09
0.000000000000000000e+00
-1.000000000028874249e-09
0.000000000000000000e+00
7.000000000481217100e-10
0.000000000000000000e+00
9.999999994727971193e-11
0.000000000000000000e+00
0.000000000000000000e+00
-1.000000000861931153e-10
1.389134033497052556e-19
0.000000000000000000e+00
-1.000000000861931153e-10
-1.999999998945594239e-10
0.000000000000000000e+00
-2.000000001723862306e-10
-9.999999994727971193e-11
-1.999999998945594239e-10
-2.000000000334728272e-10
-2.000000000334728272e-10
-2.000000000334728272e-10
-2.000000000334728272e-10
-1.999999998945594239e-10
-3.000000001196659425e-10
-9.999999994727971193e-11
-2.999999999807525391e-10
-1.999999998945594239e-10
-3.000000001196659425e-10
-1.999999998945594239e-10
-3.000000001196659425e-10
-2.999999998422626523e-10
-3.000000001196659425e-10
-2.000000000334728272e-10
-2.999999998422626523e-10
-2.000000000334728272e-10
-2.000000001723862306e-10
-2.999999999807525391e-10
-9.999999980878982505e-11
-3.000000001196659425e-10
-9.999999994770322840e-11
-2.000000000334728272e-10
-2.000000000334728272e-10
-1.999999998945594239e-10
-1.000000000857695988e-10
-9.999999994727971193e-11
-2.000000000334728272e-10
-9.999999994770322840e-11
-1.000000000861931153e-10
-9.999999994770322840e-11
-9.999999994770322840e-11
-1.000000000861931153e-10
9.999999994770322840e-11
-2.000000000334728272e-10
0.000000000000000000e+00
0.000000000000000000e+00
1.384898868760781054e-19
0.000000000000000000e+00
-1.000000000861931153e-10
1.000000000861931153e-10
-1.000000000861931153e-10
9.999999994727971193e-11
-9.999999994727971193e-11
1.000000000861931153e-10
0.000000000000000000e+00
9.999999994727971193e-11
9.999999994727971193e-11
0.000000000000000000e+00
1.000000000861931153e-10
9.999999994727971193e-11
9.999999994727971193e-11
1.000000000861931153e-10
9.999999994727971193e-11
2.000000000334728272e-10
9.999999994727971193e-11
1.000000000861931153e-10
2.000000000334728272e-10
2.999999999807525391e-10
2.000000000334728272e-10
2.999999998418391358e-10
2.999999999807525391e-10
2.999999999807525391e-10
3.000000001196659425e-10
2.999999999807525391e-10
4.999999998757354795e-10
4.000000000669456544e-10
4.000000000669456544e-10
5.000000000142253663e-10
4.999999998757354795e-10
5.000000001531387697e-10
5.999999999615050783e-10
6.000000001004184816e-10
5.999999998230151914e-10
6.000000001004184816e-10
7.000000000476981935e-10
5.999999998230151914e-10
7.000000000476981935e-10
7.000000000476981935e-10
7.999999999949779055e-10
6.000000001004184816e-10
7.999999998564880186e-10
7.000000000476981935e-10
7.999999999949779055e-10
7.999999999949779055e-10
6.000000001004184816e-10
7.999999999949779055e-10
7.999999999949779055e-10
6.999999999092083067e-10
7.000000000476981935e-10
7.999999999949779055e-10
6.999999999087847902e-10
6.000000001004184816e-10
7.000000000476981935e-10
5.999999999615050783e-10
7.000000000476981935e-10
6.999999999087847902e-10
6.000000001004184816e-10
5.999999998230151914e-10
5.999999999615050783e-10
6.000000001004184816e-10
5.000000000142253663e-10
5.000000000142253663e-10
5.000000000142253663e-10
5.999999999615050783e-10
3.999999999974889527e-10
5.000000000142253663e-10
4.999999999447686647e-10
3.999999999974889527e-10
4.000000000669456544e-10
3.999999999974889527e-10
3.999999999974889527e-10
3.999999999974889527e-10
1.999999999640161255e-10
4.000000000669456544e-10
2.999999999112958375e-10
2.000000000334728272e-10
3.999999999974889527e-10
2.000000000334728272e-10
1.999999999640161255e-10
1.999999999640161255e-10
2.000000001029295289e-10
9.999999994727971193e-11
2.000000000334728272e-10
9.999999994727971193e-11
1.000000000167364136e-10
1.000000000167364136e-10
0.000000000000000000e+00
1.000000000167364136e-10
-1.000000000167364136e-10
0.000000000000000000e+00
-6.945670167485262780e-20
0.000000000000000000e+00
-9.999999994770322840e-11
-1.000000000167364136e-10
6.945670167485262780e-20
-2.000000000334728272e-10
-6.945670167485262780e-20
-9.999999994727971193e-11
-1.999999999640161255e-10
-1.000000000861931153e-10
-9.999999994727971193e-11
-2.000000000334728272e-10
-1.999999999640161255e-10
0.000000000000000000e+00
-1.999999999640161255e-10
-1.000000000167364136e-10
-1.000000000167364136e-10
-1.999999999640161255e-10
0.000000000000000000e+00
-1.000000000861931153e-10
0.000000000000000000e+00
-9.999999994727971193e-11
-1.000000000167364136e-10
0.000000000000000000e+00
0.000000000000000000e+00
0.000000000000000000e+00
0.000000000000000000e+00
1.000000000167364136e-10
0.000000000000000000e+00
1.000000000167364136e-10
9.999999994770322840e-11
1.000000000171599301e-10
1.000000000171599301e-10
1.000000000167364136e-10
1.999999999640161255e-10
1.000000000167364136e-10
1.999999999640161255e-10
2.000000000334728272e-10
2.000000000334728272e-10
1.999999999640161255e-10
1.999999999640161255e-10
3.000000000502092408e-10
2.000000000334728272e-10
1.999999999640161255e-10
2.000000000334728272e-10
2.999999999112958375e-10
2.000000000334728272e-10
2.999999999807525391e-10
3.000000000502092408e-10
1.999999999640161255e-10
3.999999999974889527e-10
2.000000000334728272e-10
2.999999999807525391e-10
2.999999999807525391e-10
3.000000000502092408e-10
2.999999999807525391e-10
2.999999999807525391e-10
2.999999999807525391e-10
3.000000000502092408e-10
3.999999999974889527e-10
2.999999999807525391e-10
2.999999999807525391e-10
2.999999999807525391e-10
3.999999999974889527e-10
3.000000000502092408e-10
3.999999999974889527e-10
3.000000000154808900e-10
2.999999999807525391e-10
4.000000000322173036e-10
2.999999999807525391e-10
3.999999999627606019e-10
3.000000000154808900e-10
3.000000000154808900e-10
2.999999999807525391e-10
2.999999999807525391e-10
4.000000000322173036e-10
3.000000000154808900e-10
1.999999999987444764e-10
2.999999999807525391e-10
1.999999999987444764e-10
2.000000000334728272e-10
2.999999999460241883e-10
2.000000000334728272e-10
9.999999998200806276e-11
1.999999999991679928e-10
2.000000000334728272e-10
9.999999994727971193e-11
2.000000000338963437e-10
0.000000000000000000e+00
9.999999998243157924e-11
0.000000000000000000e+00
1.000000000167364136e-10
0.000000000000000000e+00
0.000000000000000000e+00
-3.430483436379916373e-20
3.472835083742631390e-20
0.000000000000000000e+00
-1.000000000167364136e-10
0.000000000000000000e+00
-9.999999998243157924e-11
-1.000000000167364136e-10
-9.999999998243157924e-11
-2.000000000334728272e-10
3.472835083742631390e-20
-1.999999999987444764e-10
-2.000000000334728272e-10
-9.999999994727971193e-11
-2.000000000334728272e-10
-1.999999999987444764e-10
-1.000000000167364136e-10
-1.999999999640161255e-10
-1.999999999987444764e-10
-3.000000000154808900e-10
-1.999999999987444764e-10
-1.999999999987444764e-10
-1.999999999987444764e-10
-1.999999999987444764e-10
-2.999999999981167145e-10
-2.000000000161086518e-10
-1.999999999813803009e-10
-3.000000000154808900e-10
-1.999999999987444764e-10
-1.999999999987444764e-10
-1.999999999987444764e-10
-1.999999999987444764e-10
-1.999999999987444764e-10
-1.999999999987444764e-10
-1.999999999987444764e-10
-1.999999999991679928e-10
0.000000000000000000e+00
-9.999999999937223818e-11
-1.000000000171599301e-10
-8.999999998723773992e-11
-4.999999999121578962e-11
-3.000000000167514394e-11
-9.999999994770322840e-12
2.999999998431096852e-11
5.000000000857996504e-11
6.999999999769709424e-11
9.999999999090190871e-11
1.300000000095177116e-10
1.600000000022990096e-10
1.699999999974928489e-10
1.799999999918396553e-10
2.100000000024086451e-10
2.100000000024086451e-10
2.300000000004196203e-10
2.699999999964415706e-10
2.800000000001057394e-10
2.999999999985402310e-10
3.100000000060160481e-10
3.299999999955566937e-10
3.400000000034560273e-10
3.600000000014670024e-10
3.599999999972318377e-10
3.800000000037131423e-10
3.799999999994779776e-10
4.099999999990355391e-10
4.100000000011531215e-10
4.199999999993115761e-10
4.400000000002871666e-10
4.459999999991822394e-10
4.452699999997105425e-10
4.417299999999982254e-10
4.449999999997899104e-10
4.539999999998265855e-10
4.579999999999370003e-10
4.500000000018337530e-10
4.399999999981695842e-10
4.200000000001586091e-10
4.400000000028282655e-10
4.299999999991640967e-10
4.100000000011531215e-10
4.099999999969179568e-10
3.800000000037131423e-10
3.799999999952428128e-10
3.600000000014670024e-10
3.400000000034560273e-10
3.199999999965512062e-10
3.000000000070105605e-10
2.799999999912118934e-10
2.600000000020947642e-10
2.300000000004196203e-10
2.199999999971789680e-10
2.000000000076383223e-10
1.799999999918396553e-10
1.500000000079522032e-10
1.299999999921535362e-10
9.999999999937223818e-11
6.999999999812061072e-11
4.999999999121578962e-11
4.000000001380964220e-11
9.999999994770322840e-12
6.000000002071446330e-11
-1.000000000167364136e-10
-9.999999999937223818e-11
0.000000000000000000e+00
-9.999999999937223818e-11
-9.999999998200806276e-11
-1.000000000167364136e-10
-1.999999999987444764e-10
-9.999999999937223818e-11
-1.999999999987444764e-10
-2.000000000161086518e-10
-1.999999999813803009e-10
-1.999999999987444764e-10
-3.000000000154808900e-10
-1.999999999987444764e-10
-2.999999999807525391e-10
-1.999999999987444764e-10
-2.000000000161086518e-10
-2.999999999811760556e-10
-3.999999999979124692e-10
-3.999999999979124692e-10
-3.000000000159044064e-10
-3.999999999979124692e-10
-3.999999999979124692e-10
-3.000000000159044064e-10
-5.000000000146488828e-10
-3.999999999979124692e-10
-4.999999999799205320e-10
-3.999999999974889527e-10
-5.000000000146488828e-10
-5.999999999619285947e-10
-5.000000000142253663e-10
-5.000000000142253663e-10
-5.999999999962334291e-10
-5.000000000142253663e-10
-5.999999999615050783e-10
-6.000000000309617799e-10
-7.000000000129698427e-10
-5.999999999962334291e-10
-6.999999999782414919e-10
-6.000000000309617799e-10
-5.999999999615050783e-10
-7.000000000129698427e-10
-7.999999999949779055e-10
-5.999999999962334291e-10
-6.999999999786650083e-10
-7.000000000129698427e-10
-7.000000000129698427e-10
-7.000000000133933592e-10
-6.999999999786650083e-10
-5.999999999966569456e-10
-7.999999999954014219e-10
-7.000000000133933592e-10
-6.999999999786650083e-10
-6.000000000313852964e-10
-6.999999999786650083e-10
-5.999999999966569456e-10
-7.000000000133933592e-10
-5.999999999966569456e-10
-6.000000000313852964e-10
-5.999999999966569456e-10
-4.999999999799205320e-10
-5.999999999966569456e-10
-3.999999999979124692e-10
-5.999999999966569456e-10
-3.999999999979124692e-10
-4.999999999799205320e-10
-3.999999999979124692e-10
-2.999999999811760556e-10
-4.000000000669456544e-10
-2.999999999811760556e-10
-3.000000000506327573e-10
-2.999999999811760556e-10
-1.999999999644396420e-10
-1.999999999644396420e-10
-2.000000000338963437e-10
-1.000000000167364136e-10
-1.999999999644396420e-10
-1.000000000167364136e-10
-1.000000000167364136e-10
-9.999999994727971193e-11
-1.000000000861931153e-10
0.000000000000000000e+00
-1.000000000167364136e-10
1.000000000167364136e-10
-9.999999994727971193e-11
9.999999994727971193e-11
6.945670167485262780e-20
9.999999994727971193e-11
1.000000000167364136e-10
0.000000000000000000e+00
1.999999999640161255e-10
1.000000000167364136e-10
1.000000000167364136e-10
2.000000000338963437e-10
1.999999999644396420e-10
1.999999999640161255e-10
3.000000000502092408e-10
9.999999994727971193e-11
3.000000000502092408e-10
1.999999999640161255e-10
3.000000000502092408e-10
2.999999999807525391e-10
2.999999999807525391e-10
2.000000000334728272e-10
2.999999999807525391e-10
2.000000000334728272e-10
1.999999999644396420e-10
2.000000000338963437e-10
1.999999999640161255e-10
2.000000000334728272e-10
-6.945670167485262780e-20
6.945670167485262780e-20
1.000000000167364136e-10
-1.000000000167364136e-10
-1.000000000861931153e-10
-9.999999994727971193e-11
-1.999999999640161255e-10
-2.000000000334728272e-10
-2.999999999807525391e-10
-3.000000000502092408e-10
-3.999999999280322511e-10
-4.000000000669456544e-10
-5.999999999619285947e-10
-5.000000000146488828e-10
-5.000000000146488828e-10
-5.999999999619285947e-10
-6.000000000313852964e-10
-6.000000000313852964e-10
-6.999999999786650083e-10
-5.999999999619285947e-10
-5.999999999619285947e-10
-8.000000000648581236e-10
-5.999999999619285947e-10
-6.000000000313852964e-10
-6.999999999786650083e-10
-5.000000000146488828e-10
-5.999999999619285947e-10
-6.000000000313852964e-10
-5.000000000146488828e-10
-3.999999999979124692e-10
-5.000000000146488828e-10
-2.999999999811760556e-10
-4.000000000673691709e-10
-2.999999999811760556e-10
-1.999999999644396420e-10
-9.999999994770322840e-11
-1.000000000861931153e-10
0.000000000000000000e+00
6.945670167485262780e-20
0.000000000000000000e+00
1.999999999640161255e-10
3.000000000502092408e-10
2.999999999807525391e-10
3.999999999974889527e-10
4.999999999447686647e-10
3.999999999974889527e-10
6.000000000309617799e-10
7.999999999949779055e-10
7.000000000476981935e-10
8.999999999426811339e-10
9.000000000121378355e-10
9.000000000121378355e-10
1.000000000028874249e-09
1.199999999923433673e-09
1.099999999976153961e-09
1.399999999956906500e-09
1.300000000148540192e-09
1.399999999957330017e-09
1.599999999990379327e-09
1.500000000043523132e-09
1.599999999990802844e-09
1.700000000076572443e-09
1.899999999832641980e-09
1.800000000023852155e-09
1.899999999971131867e-09
2.100000000143518097e-09
1.999999999918411578e-09
2.199999999952307922e-09
2.200000000090797809e-09
2.300000000038501037e-09
2.299999999899587634e-09
2.399999999985780749e-09
2.399999999985780749e-09
2.600000000019253577e-09
2.499999999933060461e-09
2.600000000158166980e-09
2.600000000019253577e-09
2.699999999828043402e-09
2.600000000157743463e-09
2.699999999966533288e-09
2.799999999914236517e-09
2.800000000053149920e-09
2.900000000000429632e-09
2.699999999966533288e-09
2.800000000052726404e-09
2.900000000000006116e-09
2.699999999966956805e-09
2.900000000138919519e-09
2.799999999775323113e-09
2.700000000105446692e-09
2.799999999913813000e-09
2.700000000105446692e-09
2.699999999966533288e-09
2.699999999966533288e-09
2.600000000158166980e-09
2.599999999880340173e-09
2.500000000071973865e-09
2.499999999933060461e-09
2.399999999985780749e-09
2.300000000038501037e-09
2.200000000091221325e-09
2.299999999899587634e-09
2.200000000091221325e-09
1.999999999918835095e-09
1.999999999918835095e-09
1.800000000162765558e-09
1.899999999832641980e-09
1.600000000129292731e-09
1.599999999851889441e-09
1.500000000182013019e-09
1.399999999956906500e-09
1.299999999870713385e-09
1.200000000062347076e-09
1.099999999976153961e-09
9.000000000815945372e-10
7.999999999954014219e-10
6.999999999092083067e-10
6.000000001008419981e-10
3.999999999284557675e-10
3.000000001196659425e-10
1.999999998949829403e-10
-1.000000000861931153e-10
-9.999999994727971193e-11
-2.999999999807525391e-10
-4.000000000669456544e-10
-5.999999999615050783e-10
-6.999999999087847902e-10
-9.000000000811710207e-10
-1.099999999976153961e-09
-1.299999999871136901e-09
-1.300000000148116675e-09
-1.699999999938082556e-09
-1.800000000024275671e-09
-1.899999999971555383e-09
-2.200000000090797809e-09
-2.299999999899587634e-09
-2.500000000071550348e-09
-2.699999999966956805e-09
-2.999999999947709344e-09
-3.100000000033902459e-09
-3.199999999981182171e-09
-3.600000000048127826e-09
-3.699999999995407538e-09
-3.999999999976160077e-09
-4.100000000062353192e-09
-4.299999999956912616e-09
-4.599999999937665155e-09
-4.800000000110051385e-09
-4.899999999918841211e-09
-5.200000000038507153e-09
-5.400000000071979980e-09
-5.599999999966962921e-09
-5.800000000000012231e-09
-6.099999999981188287e-09
-6.099999999981188287e-09
-6.499999999909220538e-09
-6.599999999995413653e-09
-6.900000000115079596e-09
-6.999999999923445904e-09
-7.200000000095832135e-09
-7.399999999851901672e-09
-7.700000000110057501e-09
-7.799999999918847326e-09
-7.999999999952743670e-09
-8.300000000210899499e-09
-8.299999999933496209e-09
-7.800000000057760730e-09
-8.999999999842280999e-09
-1.000000000001006865e-08
-9.000000000120107806e-09
-8.999999999981194403e-09
-1.000000000001006865e-08
-8.999999999842280999e-09
-1.100000000003894290e-08
-9.000000000120107806e-09
-1.000000000001006865e-08
-1.100000000003894290e-08
-1.000000000001006865e-08
-1.099999999990002950e-08
-1.100000000003894290e-08
-1.000000000001006865e-08
-1.099999999990002950e-08
-1.200000000006781715e-08
-1.100000000003894290e-08
-1.199999999992890375e-08
-1.099999999990002950e-08
-1.200000000006781715e-08
-1.100000000003894290e-08
-1.200000000006781715e-08
-1.199999999992890375e-08
-1.300000000009626788e-08
-1.199999999992890375e-08
-1.199999999992848023e-08
-1.199999999992890375e-08
-1.300000000009626788e-08
-1.200000000006739363e-08
-1.199999999992890375e-08
-1.299999999995735448e-08
-1.300000000009626788e-08
-1.199999999992890375e-08
-1.300000000009626788e-08
-1.299999999995735448e-08
-1.299999999995735448e-08
-1.300000000009626788e-08
-1.199999999992848023e-08
-1.399999999998622873e-08
-1.299999999995735448e-08
-1.300000000009626788e-08
-1.299999999995735448e-08
-1.299999999995735448e-08
-1.399999999998622873e-08
-1.299999999995735448e-08
-1.300000000009626788e-08
-1.299999999995735448e-08
-1.399999999998622873e-08
-1.300000000009626788e-08
-1.299999999995735448e-08
-1.199999999992890375e-08
-1.300000000009626788e-08
-1.200000000006739363e-08
-1.199999999992890375e-08
-1.100000000003894290e-08
-1.000000000001006865e-08
-1.000000000001006865e-08
-1.000000000001006865e-08
-7.999999999952320153e-09
-6.999999999923869421e-09
-7.000000000062782824e-09
-3.999999999976160077e-09
-5.000000000005034326e-09
-1.000000000028874249e-09
-1.999999999918835095e-09
2.000000000057324982e-09
1.999999999918835095e-09
5.000000000005034326e-09
6.000000000033485058e-09
8.999999999981194403e-09
8.999999999981194403e-09
1.299999999995735448e-08
1.300000000009626788e-08
1.699999999979502467e-08
1.700000000021134136e-08
1.999999999988122390e-08
2.100000000004901155e-08
2.199999999980005899e-08
2.500000000016408503e-08
2.399999999985780749e-08
2.700000000022141001e-08
2.699999999994358321e-08
2.700000000022141001e-08
2.799999999969463065e-08
2.900000000000133171e-08
2.799999999997245746e-08
2.799999999997245746e-08
2.800000000025028426e-08
2.699999999994358321e-08
2.599999999991513247e-08
2.499999999988625823e-08
2.399999999985738398e-08
2.200000000035528909e-08
2.199999999980005899e-08
2.000000000029754059e-08
1.699999999965611127e-08
1.699999999993393807e-08
1.500000000015359286e-08
1.200000000006739363e-08
1.200000000006739363e-08
8.999999999981194403e-09
7.999999999952320153e-09
6.000000000172398462e-09
3.999999999837670190e-09
2.999999999808795941e-09
1.000000000306277539e-09
0.000000000000000000e+00
-1.000000000028450733e-09
-3.000000000086199231e-09
-1.999999999779921692e-09
-5.000000000143947729e-09
-5.000000000143524213e-09
-5.000000000143524213e-09
-5.999999999617591881e-09
-7.000000000201272711e-09
-6.999999999923445904e-09
-7.000000000201272711e-09
-6.999999999923445904e-09
-7.999999999952320153e-09
-7.999999999952320153e-09
-6.999999999923869421e-09
-8.000000000230146960e-09
-7.999999999952743670e-09
-7.999999999952743670e-09
-7.000000000201272711e-09
-7.999999999674916863e-09
-6.999999999923869421e-09
-7.999999999952743670e-09
-7.000000000201272711e-09
-6.999999999923869421e-09
-6.999999999923869421e-09
-7.000000000201272711e-09
-5.999999999894995172e-09
-6.999999999923869421e-09
-7.000000000201272711e-09
-4.999999999866120922e-09
-6.999999999923869421e-09
-6.000000000172398462e-09
-5.999999999894995172e-09
-5.000000000143524213e-09
-5.999999999894995172e-09
-4.999999999866120922e-09
-5.000000000143524213e-09
-5.000000000143524213e-09
-5.999999999894995172e-09
-5.000000000143524213e-09
-3.999999999837246673e-09
-5.000000000143524213e-09
-3.999999999837246673e-09
-3.999999999837246673e-09
-5.000000000143524213e-09
-4.000000000115073480e-09
-4.000000000114649964e-09
-2.999999999808372424e-09
-3.999999999837246673e-09
-4.000000000114649964e-09
-2.000000000057324982e-09
-4.000000000114649964e-09
-2.999999999808372424e-09
-2.000000000057748498e-09
-3.999999999837246673e-09
-2.000000000335151788e-09
-1.999999999779921692e-09
-3.000000000086199231e-09
-2.000000000057324982e-09
-1.000000000028874249e-09
-1.999999999779921692e-09
-2.000000000057748498e-09
-1.000000000028874249e-09
-3.000000000086199231e-09
-1.000000000028874249e-09
-1.999999999779921692e-09
-2.774032902257833610e-19
-9.999999997514709589e-10
-1.000000000028874249e-09
-1.000000000028874249e-09
-1.000000000028874249e-09
-1.000000000028874249e-09
-1.000000000028874249e-09
0.000000000000000000e+00
0.000000000000000000e+00
0.000000000000000000e+00
-1.000000000028874249e-09
0.000000000000000000e+00
-9.999999997514709589e-10
9.999999997514709589e-10
0.000000000000000000e+00
2.774032902257833610e-19
-1.000000000306277539e-09
0.000000000000000000e+00
1.000000000306277539e-09
0.000000000000000000e+00
