0.000000000000000000e+00
1.000000000306277539e-09
-2.774032902257833610e-19
0.000000000000000000e+00
-9.999999997514709589e-10
0.000000000000000000e+00
9.999999997514709589e-10
2.774032902257833610e-19
-1.000000000028874249e-09
-2.774032902257833610e-19
2.774032902257833610e-19
0.000000000000000000e+00
-2.774032902257833610e-19
0.000000000000000000e+00
2.774032902257833610e-19
-1.000000000306277539e-09
0.000000000000000000e+00
2.774032902257833610e-19
-1.000000000028874249e-09
-2.774032902257833610e-19
2.774032902257833610e-19
-1.000000000028874249e-09
-2.774032902257833610e-19
2.774032902257833610e-19
-1.000000000028874249e-09
0.000000000000000000e+00
-1.000000000028874249e-09
-1.000000000028874249e-09
0.000000000000000000e+00
2.774032902257833610e-19
-1.000000000306277539e-09
-1.000000000028874249e-09
2.774032902257833610e-19
-1.000000000028450733e-09
-2.774032902257833610e-19
-1.999999999779921692e-09
0.000000000000000000e+00
-1.000000000028450733e-09
-2.774032902257833610e-19
-9.999999997510474424e-10
-1.000000000028450733e-09
-1.000000000028450733e-09
2.774032902257833610e-19
-1.000000000306277539e-09
-1.000000000028450733e-09
-1.000000000028450733e-09
-9.999999997510474424e-10
-1.000000000028450733e-09
-1.000000000306277539e-09
-1.999999999779921692e-09
-1.000000000028450733e-09
0.000000000000000000e+00
-2.000000000057324982e-09
2.778268066994105112e-19
-2.000000000057324982e-09
-1.000000000306277539e-09
-1.000000000028874249e-09
2.778268066994105112e-19
-2.000000000057324982e-09
-1.000000000028874249e-09
-1.000000000028874249e-09
-2.000000000057324982e-09
-9.999999997510474424e-10
-1.000000000028874249e-09
-1.000000000028874249e-09
-1.000000000306277539e-09
-1.000000000028874249e-09
-1.000000000028874249e-09
-9.999999997510474424e-10
-1.000000000028874249e-09
-2.000000000057748498e-09
-1.000000000028874249e-09
-1.000000000028874249e-09
-1.000000000028874249e-09
-1.000000000028874249e-09
-1.999999999779921692e-09
-1.000000000028874249e-09
-1.000000000028874249e-09
-1.000000000028874249e-09
-1.000000000028874249e-09
-1.000000000028874249e-09
-1.000000000028874249e-09
-1.999999999779921692e-09
-1.000000000028874249e-09
-1.000000000028874249e-09
-1.000000000028874249e-09
-1.000000000028874249e-09
-1.000000000028874249e-09
-1.999999999780345208e-09
0.000000000000000000e+00
-1.000000000306701056e-09
-1.000000000028874249e-09
-1.999999999780345208e-09
0.000000000000000000e+00
-1.000000000028874249e-09
-1.000000000028874249e-09
-1.000000000028874249e-09
0.000000000000000000e+00
-1.000000000028874249e-09
-2.000000000057324982e-09
-1.000000000028874249e-09
0.000000000000000000e+00
-9.999999997510474424e-10
0.000000000000000000e+00
-2.000000000057324982e-09
0.000000000000000000e+00
-1.000000000028874249e-09
-1.000000000028450733e-09
-9.999999997510474424e-10
-1.000000000028450733e-09
-1.000000000028874249e-09
-2.778268066994105112e-19
-1.000000000028450733e-09
-1.000000000028874249e-09
2.778268066994105112e-19
-1.000000000028450733e-09
-1.000000000028874249e-09
-1.000000000028450733e-09
-1.000000000028874249e-09
0.000000000000000000e+00
-1.000000000028450733e-09
-1.000000000028874249e-09
1.389134033497052556e-19
-1.000000000028874249e-09
0.000000000000000000e+00
-1.000000000028874249e-09
-1.000000000028874249e-09
-1.000000000028874249e-09
-1.000000000028874249e-09
1.389134033497052556e-19
-1.000000000028874249e-09
0.000000000000000000e+00
0.000000000000000000e+00
-1.000000000028874249e-09
-9.999999998899608458e-10
-1.000000000028874249e-09
0.000000000000000000e+00
-1.000000000167787652e-09
0.000000000000000000e+00
0.000000000000000000e+00
1.389134033497052556e-19
-1.000000000028874249e-09
-1.000000000028874249e-09
0.000000000000000000e+00
-1.000000000028874249e-09
0.000000000000000000e+00
0.000000000000000000e+00
0.000000000000000000e+00
0.000000000000000000e+00
-1.000000000028874249e-09
0.000000000000000000e+00
0.000000000000000000e+00
-1.000000000028874249e-09
0.000000000000000000e+00
1.389134033497052556e-19
-1.000000000028874249e-09
9.999999998899608458e-10
-1.000000000028874249e-09
1.000000000028874249e-09
-9.999999998899608458e-10
0.000000000000000000e+00
0.000000000000000000e+00
1.000000000028874249e-09
-1.000000000028874249e-09
0.000000000000000000e+00
1.000000000028874249e-09
-1.000000000028874249e-09
0.000000000000000000e+00
9.999999998899608458e-10
0.000000000000000000e+00
1.389134033497052556e-19
0.000000000000000000e+00
1.000000000028874249e-09
0.000000000000000000e+00
9.999999998899608458e-10
0.000000000000000000e+00
0.000000000000000000e+00
1.389134033497052556e-19
9.999999998899608458e-10
0.000000000000000000e+00
1.000000000028874249e-09
0.000000000000000000e+00
0.000000000000000000e+00
0.000000000000000000e+00
1.000000000028874249e-09
9.999999998899608458e-10
-1.000000000028874249e-09
1.000000000167787652e-09
0.000000000000000000e+00
9.999999998899608458e-10
0.000000000000000000e+00
1.389134033497052556e-19
-1.389134033497052556e-19
5.000000000142253663e-10
3.000000001196659425e-10
2.999999999807525391e-10
9.999999994727971193e-11
1.999999998949829403e-10
2.000000000334728272e-10
2.000000000334728272e-10
2.000000000334728272e-10
9.999999994727971193e-11
1.000000000861931153e-10
2.000000000334728272e-10
9.999999980836630858e-11
2.000000000334728272e-10
1.389134033497052556e-19
9.999999994727971193e-11
9.999999994727971193e-11
1.000000000861931153e-10
9.999999994727971193e-11
0.000000000000000000e+00
0.000000000000000000e+00
2.000000000334728272e-10
0.000000000000000000e+00
1.000000000861931153e-10
-1.389134033497052556e-19
1.000000000861931153e-10
9.999999994727971193e-11
0.000000000000000000e+00
9.999999994727971193e-11
1.000000000861931153e-10
9.999999994727971193e-11
1.000000000861931153e-10
1.999999998945594239e-10
2.000000000334728272e-10
2.000000000334728272e-10
1.000000000861931153e-10
2.999999998418391358e-10
2.000000000334728272e-10
1.999999998945594239e-10
3.000000001196659425e-10
2.999999999811760556e-10
2.999999999807525391e-10
3.000000001196659425e-10
3.999999999280322511e-10
2.999999999807525391e-10
4.000000000669456544e-10
2.999999999807525391e-10
3.999999999284557675e-10
5.000000000146488828e-10
3.999999999284557675e-10
4.000000000673691709e-10
5.000000000146488828e-10
5.000000000142253663e-10
5.000000000146488828e-10
3.999999999284557675e-10
5.000000000146488828e-10
3.999999999284557675e-10
5.000000000146488828e-10
4.000000000669456544e-10
5.000000000146488828e-10
4.000000000669456544e-10
3.999999999284557675e-10
3.999999999280322511e-10
3.000000001196659425e-10
3.999999999280322511e-10
2.999999999807525391e-10
2.999999999807525391e-10
3.000000001196659425e-10
1.999999998945594239e-10
2.000000000334728272e-10
9.999999994727971193e-11
1.000000000861931153e-10
9.999999994727971193e-11
1.000000000861931153e-10
-1.000000000861931153e-10
0.000000000000000000e+00
0.000000000000000000e+00
-2.000000000334728272e-10
-1.999999998945594239e-10
-2.000000000334728272e-10
-3.000000001196659425e-10
-2.999999998422626523e-10
-4.000000000673691709e-10
-3.999999999284557675e-10
-5.000000001531387697e-10
-4.999999998757354795e-10
-5.000000000146488828e-10
-6.999999999092083067e-10
-7.000000001866115969e-10
-7.999999998564880186e-10
-7.000000000481217100e-10
-9.000000000811710207e-10
-8.999999999426811339e-10
-1.000000000028874249e-09
-9.999999998899608458e-10
-1.099999999976153961e-09
-1.000000000167364136e-09
-1.199999999923433673e-09
-1.200000000062347076e-09
-1.199999999923857189e-09
-1.300000000009626788e-09
-1.300000000009626788e-09
-1.299999999871136901e-09
-1.400000000095396387e-09
-1.300000000009626788e-09
-1.399999999957330017e-09
-1.400000000095819904e-09
-1.499999999904609729e-09
-1.399999999957330017e-09
-1.400000000095819904e-09
-1.499999999904609729e-09
-1.400000000095819904e-09
-1.399999999957330017e-09
-1.400000000095819904e-09
-1.300000000009626788e-09
-1.399999999957330017e-09
-1.299999999940170087e-09
-1.400000000026363202e-09
-1.199999999992890375e-09
-1.100000000045610663e-09
-1.300000000009626788e-09
-9.999999999594175475e-10
-1.100000000045610663e-09
-9.999999999594175475e-10
-8.999999999426811339e-10
-1.000000000028874249e-09
-7.000000000481217100e-10
-7.999999999259447203e-10
-7.000000000481217100e-10
-5.999999999619285947e-10
-6.000000001008419981e-10
-4.999999999451921811e-10
-3.999999999974889527e-10
-2.999999999807525391e-10
-3.000000000502092408e-10
-2.999999999807525391e-10
-9.999999994727971193e-11
-2.000000000334728272e-10
0.000000000000000000e+00
-6.945670167485262780e-20
0.000000000000000000e+00
2.000000000334728272e-10
1.000000000167364136e-10
3.000000000502092408e-10
1.999999999644396420e-10
2.999999999811760556e-10
3.999999999979124692e-10
2.999999999807525391e-10
3.999999999974889527e-10
3.999999999974889527e-10
5.000000000836820680e-10
3.999999999280322511e-10
5.000000000142253663e-10
5.000000000142253663e-10
3.999999999974889527e-10
4.999999999447686647e-10
5.000000000142253663e-10
5.000000000142253663e-10
3.999999999974889527e-10
5.000000000142253663e-10
5.000000000142253663e-10
5.000000000142253663e-10
3.999999999974889527e-10
3.999999999974889527e-10
3.999999999974889527e-10
4.999999999447686647e-10
3.000000000502092408e-10
3.999999999974889527e-10
2.000000000334728272e-10
3.999999999280322511e-10
2.000000000334728272e-10
2.999999999807525391e-10
3.000000000502092408e-10
1.999999999640161255e-10
2.000000000334728272e-10
1.999999999640161255e-10
9.999999994770322840e-11
2.000000000338963437e-10
6.945670167485262780e-20
9.999999994727971193e-11
0.000000000000000000e+00
1.000000000167364136e-10
0.000000000000000000e+00
-1.000000000167364136e-10
0.000000000000000000e+00
0.000000000000000000e+00
-1.000000000167364136e-10
-9.999999994727971193e-11
-1.000000000167364136e-10
-1.000000000167364136e-10
-1.999999999640161255e-10
-1.000000000167364136e-10
-2.000000000334728272e-10
-1.000000000167364136e-10
-9.999999994727971193e-11
-2.000000000334728272e-10
-2.000000000334728272e-10
-1.999999998949829403e-10
-2.000000000334728272e-10
-2.000000000334728272e-10
-9.999999994770322840e-11
-3.000000000506327573e-10
-1.999999999644396420e-10
-2.000000000338963437e-10
-2.000000000334728272e-10
-1.999999999644396420e-10
-1.999999999644396420e-10
-3.000000000506327573e-10
-2.000000000334728272e-10
-9.999999994770322840e-11
-2.999999999807525391e-10
-2.000000000334728272e-10
-2.999999999811760556e-10
-2.999999999811760556e-10
-1.999999999987444764e-10
-3.000000000154808900e-10
-3.000000000154808900e-10
-2.999999999807525391e-10
-3.000000000154808900e-10
-3.999999999974889527e-10
-3.999999999974889527e-10
-3.999999999974889527e-10
-3.999999999974889527e-10
-5.999999999962334291e-10
-5.000000000142253663e-10
-4.999999999794970155e-10
-5.999999999962334291e-10
-5.000000000142253663e-10
-6.999999999782414919e-10
-7.000000000476981935e-10
-6.999999999782414919e-10
-7.999999999949779055e-10
-7.000000000129698427e-10
-7.999999999602495546e-10
-9.000000000464426699e-10
-9.000000000117143191e-10
-9.999999999594175475e-10
-9.000000000121378355e-10
-9.999999999941458983e-10
-1.199999999992890375e-09
-1.000000000028450733e-09
-1.199999999958162024e-09
-1.100000000045187146e-09
-1.300000000009626788e-09
-1.199999999958585540e-09
-1.199999999992890375e-09
-1.400000000026363202e-09
-1.299999999975321954e-09
-1.300000000043931623e-09
-1.299999999940170087e-09
-1.400000000026363202e-09
-1.400000000026363202e-09
-1.499999999973642914e-09
-1.300000000009626788e-09
-1.500000000008371265e-09
-1.399999999991634851e-09
-1.500000000008371265e-09
-1.299999999974898437e-09
-1.500000000008371265e-09
-1.399999999991634851e-09
-1.400000000008999026e-09
-1.399999999991634851e-09
-1.400000000008999026e-09
-1.299999999992262613e-09
-1.300000000009626788e-09
-1.299999999992262613e-09
-1.300000000009626788e-09
-1.299999999992262613e-09
-1.100000000010882312e-09
-1.100000000010882312e-09
-1.099999999993518136e-09
-1.099999999993518136e-09
-8.999999999947736601e-10
-1.000000000011510074e-09
-8.999999999947736601e-10
-6.999999999960291837e-10
-6.999999999960291837e-10
-7.000000000133933592e-10
-5.599999999997879623e-10
-5.099999999920550302e-10
-4.299999999991640967e-10
-3.499999999893325042e-10
-2.600000000020947642e-10
-1.699999999970693324e-10
-1.100000000115067364e-10
-2.000000000690482110e-11
8.000000000983159250e-11
1.699999999970693324e-10
2.499999999984305955e-10
3.600000000014670024e-10
4.499999999975985883e-10
5.299999999985363348e-10
6.199999999946679207e-10
7.300000000057511407e-10
8.200000000018827266e-10
9.299999999964488040e-10
1.020000000005285884e-09
1.119999999996187793e-09
1.200000000001784221e-09
1.300000000001156459e-09
1.400000000000528697e-09
1.490000000000895448e-09
1.560000000000710124e-09
1.669999999997393784e-09
1.780000000002124257e-09
1.848999999999581989e-09
1.948999999999801260e-09
2.035000000000057596e-09
2.125079999999443997e-09
2.214920000000500898e-09
2.300999999999776884e-09
2.383999999999738650e-09
2.471999999999626677e-09
2.560000000001208770e-09
2.639999999997911351e-09
2.719999999999272614e-09
2.810000000004298046e-09
2.879999999997759976e-09
2.940000000001110264e-09
3.009999999998807358e-09
3.050000000007958319e-09
3.129999999991955406e-09
3.169999999996871203e-09
3.230000000008691820e-09
3.259999999993002789e-09
3.300000000006388914e-09
3.349999999997181187e-09
3.389999999993626654e-09
3.400000000006184669e-09
3.440000000002206619e-09
3.449999999996976942e-09
3.479999999998228570e-09
3.469999999994987917e-09
3.480000000006698899e-09
3.469999999994987917e-09
3.469999999994987917e-09
3.480000000007122416e-09
3.450000000005447272e-09
3.439999999993312773e-09
3.430000000016330142e-09
3.399999999997290823e-09
3.399999999997290823e-09
3.299999999997918585e-09
3.399999999997290823e-09
3.199999999998546347e-09
3.299999999997495068e-09
3.099999999998750592e-09
3.199999999998122830e-09
3.099999999998750592e-09
2.999999999999378354e-09
3.000000000016742529e-09
2.999999999999378354e-09
2.799999999983269702e-09
2.800000000000633877e-09
2.700000000018625815e-09
2.699999999983897464e-09
2.600000000019253577e-09
2.499999999985152987e-09
2.400000000020509100e-09
2.199999999986612756e-09
2.300000000003349170e-09
2.099999999969876343e-09
2.000000000022596631e-09
1.999999999987868280e-09
1.900000000005860217e-09
1.699999999972387390e-09
1.600000000059836029e-09
1.599999999956074493e-09
1.400000000026363202e-09
1.300000000009626788e-09
1.199999999992890375e-09
1.099999999976153961e-09
9.000000000121378355e-10
9.999999999941458983e-10
7.000000000133933592e-10
5.999999999619285947e-10
5.000000000146488828e-10
3.999999999979124692e-10
3.000000000159044064e-10
1.999999999987444764e-10
9.999999998200806276e-11
-9.999999998200806276e-11
-2.999999999807525391e-10
-3.000000000154808900e-10
-3.999999999974889527e-10
-5.999999999962334291e-10
-7.000000000129698427e-10
-7.999999999954014219e-10
-1.099999999976153961e-09
-9.999999999941458983e-10
-1.200000000027618725e-09
-1.399999999991634851e-09
-1.500000000008371265e-09
-1.599999999990802844e-09
-1.799999999989547320e-09
-1.700000000007539257e-09
-2.100000000005028210e-09
-1.999999999988291797e-09
-2.200000000021764624e-09
-2.300000000003772687e-09
-2.500000000002517163e-09
-2.499999999967788812e-09
-2.600000000019253577e-09
-2.800000000018421569e-09
-2.900000000000429632e-09
-2.999999999982437695e-09
-3.099999999964445758e-09
-3.100000000033902459e-09
-3.400000000014231482e-09
-3.400000000014654998e-09
-3.499999999961934710e-09
-3.699999999995407538e-09
-3.699999999995407538e-09
-3.800000000012143951e-09
-3.999999999976583593e-09
-3.999999999976583593e-09
-4.200000000079513122e-09
-4.299999999957336132e-09
-4.400000000043529248e-09
-4.499999999921352258e-09
-4.600000000077002075e-09
-4.700000000024281787e-09
-4.799999999971561499e-09
-4.899999999988297912e-09
-5.000000000005034326e-09
-5.100000000021770739e-09
-5.199999999969050451e-09
-5.299999999985786865e-09
-5.299999999985786865e-09
-5.500000000019259692e-09
-5.500000000019259692e-09
-5.699999999983275818e-09
-5.600000000035996106e-09
-5.799999999930555530e-09
-5.700000000052732519e-09
-6.000000000033908575e-09
-5.899999999947715460e-09
-6.000000000033908575e-09
-6.099999999981188287e-09
-6.100000000050644989e-09
-6.099999999911731585e-09
-6.199999999997924700e-09
-6.200000000067381402e-09
-6.299999999945204412e-09
-6.300000000014661114e-09
-6.499999999978677240e-09
-6.500000000048133941e-09
-6.499999999978677240e-09
-6.599999999995837170e-09
-6.499999999979100756e-09
-6.700000000081606768e-09
-6.799999999959853295e-09
-6.699999999943116882e-09
-6.900000000045622894e-09
-6.999999999993326122e-09
-6.999999999992902606e-09
-7.100000000009639020e-09
-7.100000000009639020e-09
-7.199999999957342248e-09
-7.300000000043111847e-09
-7.399999999990391559e-09
-7.500000000007551489e-09
-7.599999999954831201e-09
-7.700000000041024316e-09
-7.699999999971991131e-09
-7.800000000057760730e-09
-7.999999999952743670e-09
-8.100000000038936785e-09
-8.199999999986216497e-09
-8.199999999986216497e-09
-8.399999999950232623e-09
-8.600000000053162151e-09
-8.700000000000441863e-09
-8.799999999947721575e-09
-8.900000000033914691e-09
-8.999999999981194403e-09
-9.200000000014667230e-09
-9.300000000031403643e-09
-9.399999999979106872e-09
-9.600000000012579699e-09
-9.700000000029316113e-09
-9.899999999993332238e-09
-1.000000000001006865e-08
-1.009999999995734836e-08
-1.030000000006027789e-08
-1.039999999993852442e-08
-1.050000000002429402e-08
-1.080000000000504656e-08
-1.080000000000504656e-08
-1.099999999996906268e-08
-1.109999999998622261e-08
-1.109999999998622261e-08
-1.130000000001969544e-08
-1.130000000001969544e-08
-1.130000000001969544e-08
-1.130000000001969544e-08
-1.129999999995023874e-08
-1.100000000003894290e-08
-1.089999999995274979e-08
-1.060000000004103043e-08
-1.039999999993810090e-08
-9.899999999992908722e-09
-9.499999999995419769e-09
-8.800000000086634979e-09
-8.199999999986216497e-09
-7.199999999957342248e-09
-6.499999999909220538e-09
-5.400000000210469867e-09
-4.199999999871143017e-09
-2.999999999947285828e-09
-1.599999999990379327e-09
-1.000000000861931153e-10
1.499999999904186212e-09
3.100000000033478943e-09
5.000000000005034326e-09
6.700000000081606768e-09
8.499999999966545520e-09
1.059999999997199725e-08
1.220000000010086646e-08
1.420000000001970156e-08
1.589999999981887071e-08
1.770000000012054967e-08
1.919999999988582248e-08
2.100000000004858804e-08
2.219999999997202171e-08
2.370000000001512132e-08
2.460000000009671586e-08
2.569999999993437994e-08
2.639999999998207813e-08
2.700000000008249661e-08
2.729999999992475926e-08
2.740000000001095238e-08
2.740000000001095238e-08
2.689999999999630350e-08
2.650000000006827124e-08
2.559999999984818682e-08
2.470000000018290898e-08
2.359999999992935173e-08
2.229999999991972494e-08
2.090000000010130832e-08
1.939999999991929531e-08
1.769999999998163627e-08
1.589999999995778411e-08
1.420000000001970156e-08
1.240000000013476280e-08
1.050000000002429402e-08
8.499999999966969036e-09
6.899999999976166192e-09
5.000000000005034326e-09
3.100000000033902459e-09
1.500000000043099615e-09
0.000000000000000000e+00
-1.599999999990379327e-09
-3.000000000086199231e-09
-4.300000000095826019e-09
-5.499999999880346289e-09
-6.500000000048133941e-09
-7.499999999938094787e-09
-8.400000000019265808e-09
-8.999999999981194403e-09
-9.700000000028892596e-09
-1.020000000004354148e-08
-1.080000000000504656e-08
-1.109999999998579910e-08
-1.139999999996697515e-08
-1.170000000008664109e-08
-1.179999999989500740e-08
-1.200000000006739363e-08
-1.199999999992848023e-08
-1.219999999996195306e-08
-1.210000000001467335e-08
-1.210000000015358675e-08
-1.209999999987575994e-08
-1.200000000006739363e-08
-1.189999999998120052e-08
-1.189999999998120052e-08
-1.169999999994772769e-08
-1.170000000008664109e-08
-1.150000000005316827e-08
-1.139999999982848526e-08
-1.120000000007199221e-08
-1.119999999993350232e-08
-1.109999999998622261e-08
-1.080000000000547007e-08
-1.080000000014395996e-08
-1.059999999997199725e-08
-1.040000000007701431e-08
-1.029999999999082119e-08
-1.019999999990462808e-08
-9.899999999923875536e-09
-9.799999999976595824e-09
-9.600000000081612884e-09
-9.499999999995843285e-09
-9.200000000014667230e-09
-9.100000000067387518e-09
-8.799999999947721575e-09
-8.799999999947721575e-09
-8.500000000105458923e-09
-8.299999999933072693e-09
-7.999999999952320153e-09
-7.900000000143953845e-09
-7.799999999919270843e-09
-7.500000000076584674e-09
-7.299999999904621960e-09
-7.000000000062782824e-09
-6.999999999923869421e-09
-6.599999999995413653e-09
-6.500000000048133941e-09
-6.300000000014661114e-09
-6.000000000033485058e-09
-5.799999999861522344e-09
-5.700000000191645923e-09
-5.499999999880769805e-09
-5.099999999952314038e-09
-5.200000000038507153e-09
-4.799999999971561499e-09
-4.600000000077002075e-09
-3.999999999976160077e-09
-5.000000000005034326e-09
-3.999999999976160077e-09
-3.999999999976160077e-09
-3.999999999976160077e-09
-2.999999999947285828e-09
-4.000000000115073480e-09
-3.000000000086199231e-09
-2.999999999947285828e-09
-2.999999999947709344e-09
-3.000000000086199231e-09
-2.999999999947709344e-09
-2.000000000057748498e-09
-2.000000000057748498e-09
-1.999999999779921692e-09
-3.000000000086622747e-09
-2.000000000057748498e-09
-1.999999999918835095e-09
-1.000000000028874249e-09
-1.999999999918835095e-09
-1.000000000028874249e-09
-1.000000000028874249e-09
-1.999999999918835095e-09
-1.000000000167364136e-09
-9.999999998899608458e-10
-2.000000000057324982e-09
1.384898868760781054e-19
-1.000000000167364136e-09
-1.000000000028450733e-09
1.384898868760781054e-19
-1.000000000028450733e-09
-1.000000000028874249e-09
0.000000000000000000e+00
0.000000000000000000e+00
-1.000000000028450733e-09
0.000000000000000000e+00
0.000000000000000000e+00
-1.000000000028450733e-09
-9.999999998899608458e-10
1.000000000028874249e-09
-1.389134033497052556e-19
-1.000000000028874249e-09
1.389134033497052556e-19
0.000000000000000000e+00
-1.000000000028874249e-09
9.999999998899608458e-10
0.000000000000000000e+00
-9.999999998899608458e-10
0.000000000000000000e+00
0.000000000000000000e+00
0.000000000000000000e+00
-1.389134033497052556e-19
0.000000000000000000e+00
-1.999999999918835095e-09
0.000000000000000000e+00
0.000000000000000000e+00
0.000000000000000000e+00
0.000000000000000000e+00
0.000000000000000000e+00
0.000000000000000000e+00
-9.999999998899608458e-10
0.000000000000000000e+00
-1.000000000028874249e-09
0.000000000000000000e+00
-1.000000000028874249e-09
0.000000000000000000e+00
-1.000000000028874249e-09
0.000000000000000000e+00
-9.999999998899608458e-10
0.000000000000000000e+00
-1.000000000028874249e-09
-1.389134033497052556e-19
-9.999999998899608458e-10
-1.389134033497052556e-19
-9.999999998899608458e-10
-1.389134033497052556e-19
-9.999999998899608458e-10
-1.000000000028450733e-09
2.778268066994105112e-19
-1.000000000306277539e-09
-9.999999997510474424e-10
-2.778268066994105112e-19
-1.999999999779921692e-09
0.000000000000000000e+00
-1.000000000306277539e-09
-9.999999997510474424e-10
-2.778268066994105112e-19
-9.999999997510474424e-10
-1.000000000028874249e-09
-1.000000000028450733e-09
-1.000000000028874249e-09
-1.000000000028874249e-09
-1.000000000028450733e-09
0.000000000000000000e+00
-9.999999997510474424e-10
-2.000000000057748498e-09
-2.774032902257833610e-19
-9.999999997514709589e-10
-1.000000000028874249e-09
-1.000000000028874249e-09
-1.000000000028874249e-09
0.000000000000000000e+00
-9.999999997514709589e-10
-1.000000000306277539e-09
-2.000000000057324982e-09
-9.999999997514709589e-10
-1.000000000028874249e-09
0.000000000000000000e+00
-2.000000000335151788e-09
-9.999999997510474424e-10
-1.000000000028874249e-09
-1.000000000028450733e-09
-1.000000000028450733e-09
-9.999999997510474424e-10
-1.000000000028450733e-09
-1.000000000028450733e-09
-2.778268066994105112e-19
-2.000000000057324982e-09
2.778268066994105112e-19
-2.000000000057324982e-09
-1.000000000028874249e-09
-1.000000000028874249e-09
0.000000000000000000e+00
-2.000000000057748498e-09
-1.000000000028874249e-09
-9.999999997510474424e-10
0.000000000000000000e+00
-2.000000000057748498e-09
0.000000000000000000e+00
-2.000000000057748498e-09
-1.000000000028874249e-09
0.000000000000000000e+00
-1.000000000028874249e-09
-1.000000000028874249e-09
-1.999999999779921692e-09
0.000000000000000000e+00
-1.000000000028874249e-09
-2.000000000057748498e-09
0.000000000000000000e+00
-1.000000000028874249e-09
0.000000000000000000e+00
-9.999999997510474424e-10
-1.000000000028874249e-09
-1.000000000306277539e-09
-1.000000000028874249e-09
-1.000000000028874249e-09
0.000000000000000000e+00
-1.999999999779921692e-09
0.000000000000000000e+00
0.000000000000000000e+00
-2.000000000057324982e-09
0.000000000000000000e+00
-1.000000000028450733e-09
-1.000000000028450733e-09
0.000000000000000000e+00
-9.999999997510474424e-10
-2.774032902257833610e-19
-1.000000000028450733e-09
-9.999999997510474424e-10
0.000000000000000000e+00
-1.000000000028450733e-09
-2.774032902257833610e-19
2.774032902257833610e-19
-1.000000000028450733e-09
-2.774032902257833610e-19
2.774032902257833610e-19
0.000000000000000000e+00
-1.000000000028874249e-09
0.000000000000000000e+00
-1.000000000028450733e-09
0.000000000000000000e+00
0.000000000000000000e+00
0.000000000000000000e+00
0.000000000000000000e+00
0.000000000000000000e+00
0.000000000000000000e+00
-1.000000000028874249e-09
0.000000000000000000e+00
0.000000000000000000e+00
0.000000000000000000e+00
0.000000000000000000e+00
0.000000000000000000e+00
0.000000000000000000e+00
0.000000000000000000e+00
0.000000000000000000e+00
0.000000000000000000e+00
0.000000000000000000e+00
0.000000000000000000e+00
0.000000000000000000e+00
0.000000000000000000e+00
0.000000000000000000e+00
0.000000000000000000e+00
