0.000000000000000000e+00
1.000000000306277539e-09
-1.000000000306277539e-09
0.000000000000000000e+00
2.774032902257833610e-19
0.000000000000000000e+00
9.999999997514709589e-10
0.000000000000000000e+00
-9.999999997514709589e-10
-2.774032902257833610e-19
0.000000000000000000e+00
1.000000000306277539e-09
-2.774032902257833610e-19
0.000000000000000000e+00
2.774032902257833610e-19
-2.774032902257833610e-19
0.000000000000000000e+00
0.000000000000000000e+00
2.774032902257833610e-19
-2.774032902257833610e-19
0.000000000000000000e+00
1.000000000306277539e-09
-2.774032902257833610e-19
0.000000000000000000e+00
1.000000000028450733e-09
2.774032902257833610e-19
-1.000000000306277539e-09
1.000000000028450733e-09
0.000000000000000000e+00
1.000000000306277539e-09
-2.778268066994105112e-19
0.000000000000000000e+00
1.000000000028450733e-09
0.000000000000000000e+00
1.000000000028874249e-09
-1.000000000028450733e-09
1.000000000028450733e-09
0.000000000000000000e+00
9.999999997510474424e-10
2.778268066994105112e-19
1.000000000028874249e-09
0.000000000000000000e+00
1.000000000028450733e-09
-2.778268066994105112e-19
0.000000000000000000e+00
1.000000000306277539e-09
0.000000000000000000e+00
1.000000000028874249e-09
-2.778268066994105112e-19
0.000000000000000000e+00
0.000000000000000000e+00
1.000000000028874249e-09
0.000000000000000000e+00
2.778268066994105112e-19
0.000000000000000000e+00
9.999999997510474424e-10
0.000000000000000000e+00
1.000000000028874249e-09
0.000000000000000000e+00
0.000000000000000000e+00
0.000000000000000000e+00
1.000000000028874249e-09
0.000000000000000000e+00
0.000000000000000000e+00
1.000000000028874249e-09
-2.774032902257833610e-19
1.000000000028874249e-09
-1.000000000028874249e-09
1.000000000028874249e-09
1.000000000028874249e-09
-1.000000000028874249e-09
0.000000000000000000e+00
1.000000000028874249e-09
0.000000000000000000e+00
0.000000000000000000e+00
1.000000000028874249e-09
0.000000000000000000e+00
0.000000000000000000e+00
0.000000000000000000e+00
1.000000000028874249e-09
0.000000000000000000e+00
1.000000000028874249e-09
-9.999999997510474424e-10
1.000000000028874249e-09
1.000000000028874249e-09
-1.000000000028874249e-09
1.000000000028874249e-09
-2.778268066994105112e-19
0.000000000000000000e+00
1.000000000028874249e-09
0.000000000000000000e+00
0.000000000000000000e+00
0.000000000000000000e+00
1.000000000028874249e-09
0.000000000000000000e+00
0.000000000000000000e+00
0.000000000000000000e+00
1.000000000028450733e-09
0.000000000000000000e+00
-1.000000000028450733e-09
1.000000000028450733e-09
-2.778268066994105112e-19
1.000000000306277539e-09
0.000000000000000000e+00
0.000000000000000000e+00
0.000000000000000000e+00
1.000000000028450733e-09
-1.000000000306277539e-09
1.000000000306277539e-09
-1.000000000028450733e-09
1.000000000028450733e-09
1.000000000028450733e-09
-1.000000000306277539e-09
1.000000000028450733e-09
1.000000000306277539e-09
-1.000000000028450733e-09
9.999999998899608458e-10
0.000000000000000000e+00
0.000000000000000000e+00
1.000000000028874249e-09
0.000000000000000000e+00
-1.389134033497052556e-19
1.000000000167364136e-09
9.999999998899608458e-10
0.000000000000000000e+00
1.000000000028450733e-09
-9.999999998899608458e-10
9.999999998899608458e-10
0.000000000000000000e+00
1.000000000028874249e-09
0.000000000000000000e+00
1.000000000028874249e-09
9.999999998899608458e-10
0.000000000000000000e+00
1.389134033497052556e-19
0.000000000000000000e+00
9.999999998899608458e-10
0.000000000000000000e+00
1.000000000028874249e-09
0.000000000000000000e+00
1.000000000028874249e-09
-1.000000000028874249e-09
1.000000000028874249e-09
1.000000000028874249e-09
-1.000000000028874249e-09
1.000000000028874249e-09
0.000000000000000000e+00
9.999999998899608458e-10
0.000000000000000000e+00
0.000000000000000000e+00
0.000000000000000000e+00
0.000000000000000000e+00
1.000000000028874249e-09
0.000000000000000000e+00
1.389134033497052556e-19
-1.000000000028874249e-09
9.999999998899608458e-10
0.000000000000000000e+00
1.000000000028874249e-09
0.000000000000000000e+00
0.000000000000000000e+00
0.000000000000000000e+00
1.000000000028874249e-09
-1.000000000028874249e-09
1.000000000028874249e-09
1.000000000028874249e-09
-1.000000000028874249e-09
0.000000000000000000e+00
9.999999998899608458e-10
0.000000000000000000e+00
1.389134033497052556e-19
0.000000000000000000e+00
1.000000000028874249e-09
0.000000000000000000e+00
9.999999998899608458e-10
0.000000000000000000e+00
-9.999999998899608458e-10
0.000000000000000000e+00
9.999999998899608458e-10
0.000000000000000000e+00
0.000000000000000000e+00
1.389134033497052556e-19
-1.389134033497052556e-19
-1.000000000028874249e-09
1.000000000028874249e-09
0.000000000000000000e+00
-1.000000000028874249e-09
1.389134033497052556e-19
1.000000000028874249e-09
-1.389134033497052556e-19
1.389134033497052556e-19
-1.000000000028874249e-09
-1.000000000167364136e-09
7.000000000481217100e-10
-9.999999994727971193e-11
-9.999999994727971193e-11
-2.000000000334728272e-10
0.000000000000000000e+00
-1.000000000861931153e-10
1.389134033497052556e-19
-1.389134033497052556e-19
-9.999999994727971193e-11
0.000000000000000000e+00
1.000000000861931153e-10
9.999999980836630858e-11
1.000000000861931153e-10
0.000000000000000000e+00
1.000000000861931153e-10
2.000000000334728272e-10
1.999999998945594239e-10
2.000000000334728272e-10
1.999999998945594239e-10
2.000000000334728272e-10
3.000000001196659425e-10
1.999999998945594239e-10
3.000000001196659425e-10
2.999999998418391358e-10
3.000000001196659425e-10
1.999999998945594239e-10
3.000000001196659425e-10
2.999999999807525391e-10
3.999999999280322511e-10
2.000000000334728272e-10
4.000000000669456544e-10
2.999999998418391358e-10
2.999999999807525391e-10
4.000000002058590578e-10
2.999999999807525391e-10
2.999999999807525391e-10
2.999999999807525391e-10
2.999999998418391358e-10
3.000000001196659425e-10
2.999999999811760556e-10
2.999999999807525391e-10
2.000000000334728272e-10
4.000000000669456544e-10
2.000000000334728272e-10
2.999999999807525391e-10
1.999999998945594239e-10
2.000000000334728272e-10
3.999999999284557675e-10
9.999999994770322840e-11
3.000000001196659425e-10
1.999999998949829403e-10
3.000000001196659425e-10
9.999999994727971193e-11
2.000000000334728272e-10
2.000000000334728272e-10
1.999999998945594239e-10
2.000000000334728272e-10
9.999999994727971193e-11
2.000000001723862306e-10
9.999999994727971193e-11
2.000000000334728272e-10
9.999999994727971193e-11
2.000000000334728272e-10
9.999999994727971193e-11
9.999999994727971193e-11
1.000000000861931153e-10
2.000000000334728272e-10
9.999999994727971193e-11
1.000000000861931153e-10
9.999999994727971193e-11
2.000000000334728272e-10
9.999999994727971193e-11
2.999999999807525391e-10
1.000000000861931153e-10
1.999999998945594239e-10
2.000000000334728272e-10
1.999999998945594239e-10
2.000000001723862306e-10
1.999999998945594239e-10
2.999999999811760556e-10
2.999999999807525391e-10
2.000000000334728272e-10
2.999999999807525391e-10
2.999999999811760556e-10
4.000000000669456544e-10
4.000000000669456544e-10
3.999999999280322511e-10
2.999999999811760556e-10
4.000000000669456544e-10
5.000000000142253663e-10
3.999999999284557675e-10
5.000000000142253663e-10
4.000000000669456544e-10
5.000000000142253663e-10
3.999999999280322511e-10
4.999999998757354795e-10
4.000000000669456544e-10
5.000000000142253663e-10
5.000000000142253663e-10
4.000000000669456544e-10
5.000000000142253663e-10
5.000000000142253663e-10
2.999999998422626523e-10
5.000000000142253663e-10
4.000000000669456544e-10
3.999999999280322511e-10
4.000000000669456544e-10
3.000000001196659425e-10
3.999999999280322511e-10
4.000000000669456544e-10
3.999999999280322511e-10
2.999999999807525391e-10
3.999999999284557675e-10
2.999999999807525391e-10
4.000000000669456544e-10
3.000000000502092408e-10
2.999999999807525391e-10
2.999999999807525391e-10
3.999999999974889527e-10
2.999999999807525391e-10
3.999999999974889527e-10
2.999999999807525391e-10
2.999999999807525391e-10
3.000000001196659425e-10
2.999999999112958375e-10
3.999999999974889527e-10
3.000000000502092408e-10
2.999999999807525391e-10
3.999999999974889527e-10
2.999999999807525391e-10
2.999999999807525391e-10
4.000000000669456544e-10
2.999999999807525391e-10
2.999999999807525391e-10
1.999999999640161255e-10
4.000000000669456544e-10
9.999999994727971193e-11
4.000000000669456544e-10
1.999999999640161255e-10
1.999999999640161255e-10
2.000000000334728272e-10
2.000000000338963437e-10
1.999999999640161255e-10
1.000000000167364136e-10
1.000000000171599301e-10
1.999999999644396420e-10
1.000000000167364136e-10
9.999999994727971193e-11
1.000000000167364136e-10
1.000000000861931153e-10
-6.945670167485262780e-20
9.999999994727971193e-11
1.000000000861931153e-10
0.000000000000000000e+00
9.999999994727971193e-11
1.000000000167364136e-10
0.000000000000000000e+00
1.000000000167364136e-10
1.000000000167364136e-10
0.000000000000000000e+00
1.999999999640161255e-10
1.000000000167364136e-10
1.000000000167364136e-10
2.000000000334728272e-10
1.999999998945594239e-10
2.000000000334728272e-10
2.000000000334728272e-10
1.000000000167364136e-10
2.999999999112958375e-10
2.000000000334728272e-10
2.999999999807525391e-10
3.000000000502092408e-10
3.999999999974889527e-10
2.999999999807525391e-10
4.000000000669456544e-10
2.999999999117193539e-10
3.999999999979124692e-10
3.000000000506327573e-10
3.999999999979124692e-10
3.999999999979124692e-10
3.999999999979124692e-10
2.999999999807525391e-10
3.999999999979124692e-10
3.000000000502092408e-10
3.999999999280322511e-10
3.999999999974889527e-10
3.000000000502092408e-10
2.999999999807525391e-10
3.999999999974889527e-10
2.000000000334728272e-10
3.999999999280322511e-10
2.000000000334728272e-10
2.999999999807525391e-10
3.000000000502092408e-10
1.999999999640161255e-10
2.999999999807525391e-10
2.000000001029295289e-10
1.999999999640161255e-10
1.999999999640161255e-10
2.999999999807525391e-10
1.000000000167364136e-10
2.999999999807525391e-10
2.000000000334728272e-10
1.000000000167364136e-10
1.999999999640161255e-10
2.000000000334728272e-10
1.999999999640161255e-10
1.000000000167364136e-10
1.999999999640161255e-10
1.000000000167364136e-10
2.000000000334728272e-10
9.999999998200806276e-11
1.000000000167364136e-10
1.000000000167364136e-10
9.999999998200806276e-11
9.999999998200806276e-11
1.000000000167364136e-10
0.000000000000000000e+00
0.000000000000000000e+00
-3.472835083742631390e-20
1.000000000167364136e-10
3.472835083742631390e-20
-1.000000000167364136e-10
-1.000000000167364136e-10
-9.999999998200806276e-11
-1.999999999987444764e-10
-3.472835083742631390e-20
-1.999999999640161255e-10
-2.000000000334728272e-10
-1.999999999640161255e-10
-1.999999999987444764e-10
-2.000000000334728272e-10
-1.999999999640161255e-10
-3.000000000154808900e-10
-2.000000000334728272e-10
-2.999999999811760556e-10
-1.999999999991679928e-10
-1.999999999644396420e-10
-3.000000000159044064e-10
-2.000000000334728272e-10
-1.999999999644396420e-10
-2.000000000334728272e-10
-1.999999999991679928e-10
-9.999999998243157924e-11
-9.999999998243157924e-11
-1.999999999991679928e-10
-1.000000000171599301e-10
-1.000000000167364136e-10
3.472835083742631390e-20
-1.000000000167364136e-10
0.000000000000000000e+00
0.000000000000000000e+00
9.999999998200806276e-11
0.000000000000000000e+00
1.000000000167364136e-10
9.999999998200806276e-11
1.000000000167364136e-10
1.000000000167364136e-10
9.999999998200806276e-11
1.999999999987444764e-10
1.000000000167364136e-10
1.999999999813803009e-10
2.000000000161086518e-10
1.999999999813803009e-10
2.000000000161086518e-10
9.999999998200806276e-11
1.999999999987444764e-10
3.000000000154808900e-10
1.999999999813803009e-10
2.000000000161086518e-10
1.999999999987444764e-10
1.999999999987444764e-10
1.999999999987444764e-10
2.999999999981167145e-10
2.999999999981167145e-10
2.000000000161086518e-10
2.999999999807525391e-10
2.699999999968650871e-10
2.700000000138057460e-10
2.799999999912118934e-10
2.900000000033463917e-10
2.999999999981167145e-10
3.200000000050215356e-10
3.100000000017808833e-10
3.399999999945621813e-10
3.500000000062731631e-10
3.599999999925731565e-10
3.500000000066966796e-10
3.499999999978028336e-10
3.499999999893325042e-10
3.500000000066966796e-10
3.499999999978028336e-10
3.600000000010434859e-10
3.600000000010434859e-10
3.799999999994779776e-10
3.600000000014670024e-10
3.599999999972318377e-10
3.600000000014670024e-10
3.700000000047076547e-10
3.499999999982263501e-10
3.600000000014670024e-10
3.499999999978028336e-10
3.599999999993494201e-10
3.600000000014670024e-10
3.539999999996073143e-10
3.679999999995702497e-10
3.679999999999937661e-10
3.631299999999038053e-10
3.568700000000655842e-10
3.559999999996625217e-10
3.640000000007303843e-10
3.699999999983549076e-10
3.700000000025900724e-10
3.499999999956852513e-10
3.500000000020379984e-10
3.700000000047076547e-10
3.599999999972318377e-10
3.499999999982263501e-10
3.600000000014670024e-10
3.300000000040270232e-10
3.499999999978028336e-10
3.299999999908980125e-10
3.400000000119263567e-10
3.099999999933105539e-10
3.000000000070105605e-10
2.799999999912118934e-10
2.699999999968650871e-10
2.400000000125541186e-10
2.399999999951899431e-10
2.100000000024086451e-10
2.099999999935147992e-10
1.600000000027225261e-10
1.399999999953941885e-10
9.999999999937223818e-11
6.000000000335028788e-11
3.999999999644546678e-11
0.000000000000000000e+00
-3.000000000167514394e-11
-5.999999998556259598e-11
-9.999999999937223818e-11
-1.999999999987444764e-10
-2.000000000161086518e-10
-9.999999999937223818e-11
-3.999999999801247773e-10
-1.999999999987444764e-10
-4.000000000148531281e-10
-3.999999999974889527e-10
-3.999999999974889527e-10
-5.000000000142253663e-10
-5.999999999792927701e-10
-5.000000000146488828e-10
-6.999999999960291837e-10
-5.999999999966569456e-10
-6.999999999960291837e-10
-5.999999999966569456e-10
-7.000000000133933592e-10
-7.999999999954014219e-10
-7.999999999954014219e-10
-9.000000000121378355e-10
-8.999999999774094847e-10
-9.000000000121378355e-10
-9.999999999941458983e-10
-9.000000000121378355e-10
-9.999999999941458983e-10
-1.000000000028874249e-09
-1.099999999976153961e-09
-9.999999999937223818e-10
-9.999999999941458983e-10
-1.199999999992890375e-09
-1.100000000010458795e-09
-1.100000000010458795e-09
-1.100000000010458795e-09
-1.199999999992890375e-09
-1.099999999976153961e-09
-1.200000000027618725e-09
-1.199999999992890375e-09
-1.100000000010882312e-09
-1.199999999958162024e-09
-1.100000000045610663e-09
-1.199999999992890375e-09
-1.199999999992890375e-09
-1.199999999992890375e-09
-1.100000000010882312e-09
-1.099999999976153961e-09
-1.100000000010882312e-09
-1.100000000010882312e-09
-9.999999999941458983e-10
-1.099999999976153961e-09
-9.000000000121378355e-10
-1.100000000010882312e-09
-8.999999999774094847e-10
-9.000000000121378355e-10
-9.000000000121378355e-10
-8.999999999774094847e-10
-7.000000000133933592e-10
-7.999999999954014219e-10
-7.000000000133933592e-10
-5.999999999966569456e-10
-5.999999999966569456e-10
-6.000000000313852964e-10
-4.999999999799205320e-10
-3.999999999979124692e-10
-3.999999999979124692e-10
-2.999999999811760556e-10
-3.000000000159044064e-10
-2.999999999811760556e-10
-1.000000000171599301e-10
-1.000000000167364136e-10
0.000000000000000000e+00
-1.000000000167364136e-10
0.000000000000000000e+00
2.000000000334728272e-10
1.000000000167364136e-10
2.000000000334728272e-10
2.999999999807525391e-10
1.999999999640161255e-10
2.999999999807525391e-10
2.999999999807525391e-10
4.000000000669456544e-10
3.999999999974889527e-10
4.999999999447686647e-10
3.999999999974889527e-10
6.000000000309617799e-10
5.000000000142253663e-10
4.999999999447686647e-10
6.000000000313852964e-10
6.999999999786650083e-10
7.000000000481217100e-10
6.000000000313852964e-10
7.999999999259447203e-10
7.000000000481217100e-10
7.999999999259447203e-10
9.000000000815945372e-10
8.999999999426811339e-10
9.000000000117143191e-10
1.000000000028450733e-09
8.999999999422576174e-10
1.000000000028874249e-09
1.099999999976153961e-09
1.100000000045610663e-09
1.199999999992890375e-09
9.999999999594175475e-10
1.200000000062347076e-09
1.199999999992890375e-09
1.099999999976153961e-09
1.199999999992890375e-09
1.199999999992890375e-09
1.100000000045187146e-09
1.300000000009626788e-09
1.099999999906697259e-09
1.100000000045610663e-09
1.100000000045610663e-09
9.999999999594175475e-10
1.099999999976153961e-09
1.000000000028874249e-09
9.000000000121378355e-10
1.000000000028874249e-09
9.000000000121378355e-10
8.999999999426811339e-10
7.999999999954014219e-10
9.000000000121378355e-10
7.000000000476981935e-10
7.999999999949779055e-10
6.999999999782414919e-10
7.999999999949779055e-10
6.000000000309617799e-10
6.999999999087847902e-10
6.000000000309617799e-10
7.000000000476981935e-10
6.999999999782414919e-10
5.000000000142253663e-10
7.999999999949779055e-10
6.000000000309617799e-10
5.999999999615050783e-10
7.999999999949779055e-10
6.000000000309617799e-10
6.999999999782414919e-10
7.999999999949779055e-10
6.999999999782414919e-10
7.999999999949779055e-10
7.999999999949779055e-10
7.999999999949779055e-10
6.999999999782414919e-10
7.999999999949779055e-10
9.000000000811710207e-10
8.999999999426811339e-10
7.999999999954014219e-10
9.000000000121378355e-10
8.000000000648581236e-10
7.999999999954014219e-10
8.999999999426811339e-10
8.000000000648581236e-10
8.999999999426811339e-10
7.999999999954014219e-10
6.999999999782414919e-10
7.999999999949779055e-10
9.000000000117143191e-10
7.000000000476981935e-10
6.999999999786650083e-10
6.999999999786650083e-10
7.000000000481217100e-10
6.000000001004184816e-10
6.999999997702949033e-10
6.000000001004184816e-10
5.999999999615050783e-10
6.000000001004184816e-10
4.999999998757354795e-10
6.000000001004184816e-10
5.000000000146488828e-10
5.000000000146488828e-10
5.000000000146488828e-10
5.999999998230151914e-10
5.000000001531387697e-10
4.999999998753119630e-10
6.000000001004184816e-10
3.999999999280322511e-10
7.000000000481217100e-10
5.000000000142253663e-10
5.999999999619285947e-10
5.999999999619285947e-10
6.000000001004184816e-10
5.999999999619285947e-10
6.999999999092083067e-10
6.000000001004184816e-10
6.999999999092083067e-10
7.000000000476981935e-10
6.999999999092083067e-10
7.000000001866115969e-10
6.999999999087847902e-10
7.000000000481217100e-10
7.999999999954014219e-10
7.999999999954014219e-10
5.999999999619285947e-10
7.000000000481217100e-10
6.999999999092083067e-10
7.000000000481217100e-10
7.000000000481217100e-10
5.999999999615050783e-10
5.000000000146488828e-10
5.999999999619285947e-10
5.000000000146488828e-10
5.000000000142253663e-10
4.999999998757354795e-10
4.000000002058590578e-10
2.999999999807525391e-10
2.000000000334728272e-10
2.999999999807525391e-10
9.999999994727971193e-11
9.999999994727971193e-11
1.389134033497052556e-19
-1.389134033497052556e-19
-9.999999994727971193e-11
-2.000000000334728272e-10
-2.999999999807525391e-10
-3.999999999280322511e-10
-4.000000000669456544e-10
-5.999999999615050783e-10
-6.000000001004184816e-10
-7.999999998564880186e-10
-8.000000001338913088e-10
-9.000000000811710207e-10
-1.099999999976153961e-09
-9.999999998899608458e-10
-1.300000000009626788e-09
-1.399999999956906500e-09
-1.400000000095819904e-09
-1.599999999990379327e-09
-1.699999999937659039e-09
-1.899999999971131867e-09
-1.899999999971131867e-09
-2.200000000090797809e-09
-2.300000000038077521e-09
-2.299999999899587634e-09
-2.600000000158166980e-09
-2.599999999880340173e-09
-2.800000000052726404e-09
-3.100000000033478943e-09
-3.100000000033478943e-09
-3.399999999875741595e-09
-3.400000000014231482e-09
-3.699999999995407538e-09
-3.900000000028880365e-09
-3.999999999976583593e-09
-4.200000000009632904e-09
-4.399999999904615844e-09
-4.500000000129298846e-09
-4.799999999971561499e-09
-5.000000000005034326e-09
-5.199999999899593750e-09
-5.299999999985786865e-09
-5.600000000105452807e-09
-5.800000000000435748e-09
-6.000000000033908575e-09
-6.199999999928467999e-09
-6.300000000014661114e-09
-6.699999999942693365e-09
-6.800000000028886480e-09
-7.000000000062359308e-09
-7.300000000043111847e-09
-7.399999999990391559e-09
-7.699999999971567614e-09
-7.900000000005040441e-09
-8.100000000038513269e-09
-8.199999999986216497e-09
-8.599999999914248748e-09
-8.599999999914248748e-09
-9.000000000120107806e-09
-9.100000000067387518e-09
-9.299999999961946942e-09
-9.499999999856929882e-09
-9.800000000115085711e-09
-1.000000000001006865e-08
-1.009999999995734836e-08
-1.040000000007701431e-08
-1.050000000002429402e-08
-1.019999999990462808e-08
-1.100000000003851938e-08
-1.199999999992848023e-08
-1.100000000003851938e-08
-1.200000000006739363e-08
-1.199999999992848023e-08
-1.099999999989960598e-08
-1.300000000009626788e-08
-1.100000000003894290e-08
-1.200000000006739363e-08
-1.299999999995735448e-08
-1.299999999995735448e-08
-1.300000000009626788e-08
-1.299999999995735448e-08
-1.299999999995735448e-08
-1.299999999995735448e-08
-1.299999999995777800e-08
-1.400000000012514213e-08
-1.399999999998622873e-08
-1.299999999995735448e-08
-1.399999999998622873e-08
-1.399999999998622873e-08
-1.300000000009626788e-08
-1.399999999984773884e-08
-1.500000000015359286e-08
-1.399999999984773884e-08
-1.400000000012471862e-08
-1.299999999995777800e-08
-1.399999999998622873e-08
-1.300000000009626788e-08
-1.299999999995777800e-08
-1.399999999984731532e-08
-1.300000000009626788e-08
-1.199999999992890375e-08
-1.200000000020630704e-08
-1.099999999990002950e-08
-1.099999999990002950e-08
-9.000000000120107806e-09
-8.999999999981194403e-09
-8.999999999981194403e-09
-5.999999999894995172e-09
-6.000000000172398462e-09
-3.999999999976160077e-09
-2.999999999947285828e-09
-1.999999999918835095e-09
0.000000000000000000e+00
2.999999999808795941e-09
4.000000000115073480e-09
5.000000000005034326e-09
7.999999999952320153e-09
9.000000000120107806e-09
1.099999999990002950e-08
1.399999999998622873e-08
1.500000000001510298e-08
1.500000000001510298e-08
1.899999999999126305e-08
2.000000000002013730e-08
2.199999999993854888e-08
2.100000000004858804e-08
2.500000000002517163e-08
2.500000000002517163e-08
2.399999999999629738e-08
2.699999999994358321e-08
2.600000000005362236e-08
2.699999999994358321e-08
2.500000000002474811e-08
2.700000000008249661e-08
2.499999999988625823e-08
2.500000000002517163e-08
2.399999999999629738e-08
2.300000000010633653e-08
2.099999999990967463e-08
2.099999999990967463e-08
1.800000000010130221e-08
1.699999999993351456e-08
1.500000000015401638e-08
1.399999999984731532e-08
1.300000000023518129e-08
8.999999999703791112e-09
9.000000000259021209e-09
5.999999999894995172e-09
5.000000000143947729e-09
2.999999999808795941e-09
1.000000000028874249e-09
0.000000000000000000e+00
-1.000000000306277539e-09
-2.999999999808372424e-09
-4.000000000115073480e-09
-4.999999999866120922e-09
-5.999999999894995172e-09
-6.999999999923445904e-09
-8.000000000230146960e-09
-8.999999999981194403e-09
-8.999999999981194403e-09
-8.999999999981194403e-09
-1.000000000000964514e-08
-1.100000000003894290e-08
-1.000000000001006865e-08
-9.999999999732665361e-09
-1.200000000034522044e-08
-1.099999999976153961e-08
-1.000000000001006865e-08
-1.100000000003894290e-08
-1.099999999976153961e-08
-1.100000000031634619e-08
-1.100000000003894290e-08
-1.099999999976153961e-08
-1.000000000001006865e-08
-1.000000000028747194e-08
-1.100000000003894290e-08
-9.999999999732665361e-09
-1.100000000003894290e-08
-8.999999999981194403e-09
-1.000000000028747194e-08
-8.999999999703791112e-09
-1.000000000001006865e-08
-8.999999999981194403e-09
-9.000000000259021209e-09
-8.999999999981194403e-09
-8.999999999703791112e-09
-8.999999999981194403e-09
-9.000000000259021209e-09
-7.999999999952743670e-09
-7.999999999952743670e-09
-7.999999999952743670e-09
-8.000000000230146960e-09
-8.999999999703791112e-09
-6.999999999923869421e-09
-8.000000000230146960e-09
-6.999999999923869421e-09
-7.999999999952743670e-09
-6.999999999923869421e-09
-6.000000000172398462e-09
-6.999999999923869421e-09
-6.999999999923869421e-09
-7.000000000201272711e-09
-4.999999999866120922e-09
-6.999999999923869421e-09
-7.000000000201272711e-09
-4.999999999866120922e-09
-5.999999999894995172e-09
-5.000000000143524213e-09
-4.999999999866120922e-09
-5.999999999894995172e-09
-5.000000000420927503e-09
-4.999999999866120922e-09
-5.000000000143524213e-09
-3.999999999837246673e-09
-4.999999999866120922e-09
-4.000000000114649964e-09
-3.999999999837246673e-09
-5.000000000143524213e-09
-3.000000000086199231e-09
-4.000000000114649964e-09
-2.999999999808372424e-09
-3.999999999837246673e-09
-3.000000000086199231e-09
-2.000000000057324982e-09
-4.000000000114649964e-09
-2.999999999808372424e-09
-2.000000000057748498e-09
-2.999999999808372424e-09
-2.000000000335151788e-09
-1.999999999779921692e-09
-2.000000000057324982e-09
-2.000000000335151788e-09
-9.999999997514709589e-10
-2.000000000057748498e-09
-9.999999997514709589e-10
-2.000000000335151788e-09
-1.999999999779921692e-09
-1.000000000028874249e-09
-1.000000000028874249e-09
0.000000000000000000e+00
-1.000000000028874249e-09
-9.999999997514709589e-10
-1.000000000306277539e-09
-1.000000000028874249e-09
-9.999999997514709589e-10
-2.774032902257833610e-19
-1.000000000028874249e-09
1.000000000306277539e-09
-1.000000000306277539e-09
0.000000000000000000e+00
-9.999999997514709589e-10
0.000000000000000000e+00
9.999999997514709589e-10
2.774032902257833610e-19
-1.000000000028874249e-09
-2.774032902257833610e-19
2.774032902257833610e-19
1.000000000028874249e-09
0.000000000000000000e+00
