0.000000000000000000e+00
1.000000000028874249e-09
-2.774032902257833610e-19
-9.999999997514709589e-10
0.000000000000000000e+00
0.000000000000000000e+00
1.000000000028874249e-09
-1.000000000028874249e-09
0.000000000000000000e+00
0.000000000000000000e+00
-1.000000000028874249e-09
1.000000000028874249e-09
0.000000000000000000e+00
-1.000000000028874249e-09
0.000000000000000000e+00
0.000000000000000000e+00
-1.000000000028874249e-09
0.000000000000000000e+00
-9.999999997514709589e-10
-2.774032902257833610e-19
0.000000000000000000e+00
-9.999999997514709589e-10
-2.774032902257833610e-19
0.000000000000000000e+00
-9.999999997514709589e-10
0.000000000000000000e+00
-1.000000000306277539e-09
-9.999999997514709589e-10
0.000000000000000000e+00
0.000000000000000000e+00
-1.000000000306277539e-09
-9.999999997514709589e-10
0.000000000000000000e+00
-1.000000000028450733e-09
0.000000000000000000e+00
-1.000000000028450733e-09
0.000000000000000000e+00
-9.999999997510474424e-10
-2.774032902257833610e-19
0.000000000000000000e+00
-1.000000000028450733e-09
-9.999999997510474424e-10
1.000000000028450733e-09
-1.000000000306277539e-09
-1.000000000028450733e-09
2.778268066994105112e-19
-1.000000000028450733e-09
0.000000000000000000e+00
-2.778268066994105112e-19
-1.000000000028874249e-09
-9.999999997510474424e-10
0.000000000000000000e+00
-1.000000000028874249e-09
0.000000000000000000e+00
-9.999999997510474424e-10
-2.778268066994105112e-19
0.000000000000000000e+00
0.000000000000000000e+00
-1.000000000028874249e-09
-1.000000000028874249e-09
0.000000000000000000e+00
-9.999999997510474424e-10
0.000000000000000000e+00
-1.000000000028874249e-09
0.000000000000000000e+00
-2.774032902257833610e-19
0.000000000000000000e+00
-2.000000000057748498e-09
0.000000000000000000e+00
0.000000000000000000e+00
-9.999999997514709589e-10
-1.000000000028874249e-09
0.000000000000000000e+00
0.000000000000000000e+00
-1.000000000028874249e-09
-1.000000000028874249e-09
-1.000000000028874249e-09
0.000000000000000000e+00
-1.000000000028874249e-09
0.000000000000000000e+00
-1.000000000028874249e-09
0.000000000000000000e+00
-9.999999997510474424e-10
0.000000000000000000e+00
-1.000000000028874249e-09
-1.000000000028874249e-09
0.000000000000000000e+00
-1.000000000028874249e-09
-1.000000000028874249e-09
0.000000000000000000e+00
0.000000000000000000e+00
-1.000000000028874249e-09
-1.000000000028874249e-09
1.000000000028874249e-09
-1.000000000028874249e-09
2.778268066994105112e-19
-1.000000000028874249e-09
-2.778268066994105112e-19
-1.000000000028874249e-09
-1.000000000028450733e-09
0.000000000000000000e+00
0.000000000000000000e+00
-9.999999997510474424e-10
0.000000000000000000e+00
-1.000000000028450733e-09
0.000000000000000000e+00
-2.778268066994105112e-19
-1.000000000028450733e-09
2.778268066994105112e-19
0.000000000000000000e+00
0.000000000000000000e+00
0.000000000000000000e+00
-1.000000000028450733e-09
-2.778268066994105112e-19
2.778268066994105112e-19
-1.000000000028450733e-09
1.000000000028450733e-09
-1.000000000028450733e-09
0.000000000000000000e+00
0.000000000000000000e+00
-1.000000000028450733e-09
1.000000000028450733e-09
0.000000000000000000e+00
0.000000000000000000e+00
0.000000000000000000e+00
0.000000000000000000e+00
-1.000000000028874249e-09
0.000000000000000000e+00
0.000000000000000000e+00
1.389134033497052556e-19
-1.389134033497052556e-19
1.000000000028874249e-09
-1.000000000028874249e-09
0.000000000000000000e+00
1.389134033497052556e-19
-1.000000000028874249e-09
9.999999998899608458e-10
-1.000000000028874249e-09
1.000000000028874249e-09
-1.000000000028874249e-09
1.389134033497052556e-19
-1.000000000028874249e-09
0.000000000000000000e+00
0.000000000000000000e+00
-1.000000000028874249e-09
0.000000000000000000e+00
0.000000000000000000e+00
-1.000000000028874249e-09
0.000000000000000000e+00
-1.000000000028874249e-09
0.000000000000000000e+00
-1.000000000028874249e-09
-1.000000000028874249e-09
-1.000000000028874249e-09
-9.999999997510474424e-10
-1.389134033497052556e-19
0.000000000000000000e+00
-1.000000000028874249e-09
-1.000000000028874249e-09
-1.000000000028874249e-09
-9.999999998899608458e-10
0.000000000000000000e+00
0.000000000000000000e+00
-2.000000000057748498e-09
0.000000000000000000e+00
-9.999999998899608458e-10
-1.000000000028874249e-09
0.000000000000000000e+00
-1.000000000167787652e-09
1.389134033497052556e-19
-1.000000000028874249e-09
-1.000000000028874249e-09
1.389134033497052556e-19
-1.000000000028874249e-09
-1.389134033497052556e-19
0.000000000000000000e+00
-9.999999998899608458e-10
-1.000000000028874249e-09
9.999999998899608458e-10
-9.999999998899608458e-10
0.000000000000000000e+00
-1.000000000028874249e-09
0.000000000000000000e+00
0.000000000000000000e+00
0.000000000000000000e+00
0.000000000000000000e+00
-1.000000000028874249e-09
0.000000000000000000e+00
1.389134033497052556e-19
-1.389134033497052556e-19
1.389134033497052556e-19
-1.000000000028874249e-09
-1.389134033497052556e-19
8.000000001338913088e-10
9.999999994770322840e-11
2.000000000334728272e-10
9.999999994727971193e-11
2.999999999807525391e-10
2.000000000334728272e-10
3.000000001196659425e-10
2.999999998422626523e-10
3.999999999280322511e-10
4.000000002058590578e-10
3.999999999284557675e-10
4.999999998753119630e-10
5.000000001531387697e-10
5.000000000142253663e-10
5.000000000142253663e-10
6.999999999092083067e-10
5.999999999615050783e-10
7.000000000476981935e-10
5.999999999615050783e-10
7.000000000476981935e-10
7.999999999954014219e-10
7.000000000476981935e-10
7.999999999954014219e-10
7.999999999949779055e-10
7.999999999954014219e-10
7.999999999949779055e-10
7.999999999954014219e-10
7.999999999949779055e-10
8.999999999426811339e-10
8.000000001338913088e-10
8.999999999426811339e-10
7.999999998560645021e-10
9.000000000811710207e-10
9.000000000811710207e-10
7.999999999949779055e-10
8.999999999422576174e-10
7.999999999949779055e-10
6.999999999087847902e-10
8.000000001338913088e-10
6.999999999092083067e-10
7.000000000476981935e-10
7.000000000476981935e-10
7.000000000476981935e-10
5.999999999615050783e-10
5.000000000142253663e-10
3.999999999280322511e-10
3.999999999284557675e-10
4.000000000673691709e-10
2.999999999811760556e-10
2.000000000338963437e-10
1.999999998949829403e-10
1.000000002246830022e-10
-1.000000000861931153e-10
-1.000000000861931153e-10
-9.999999994727971193e-11
-4.000000000669456544e-10
-2.999999999807525391e-10
-5.000000000142253663e-10
-4.999999998753119630e-10
-6.000000001004184816e-10
-6.999999999092083067e-10
-8.000000001343148253e-10
-8.999999999426811339e-10
-8.999999999426811339e-10
-1.100000000115067364e-09
-1.099999999976153961e-09
-1.199999999923433673e-09
-1.200000000062347076e-09
-1.399999999956906500e-09
-1.399999999956906500e-09
-1.400000000095819904e-09
-1.499999999904609729e-09
-1.500000000043099615e-09
-1.599999999990379327e-09
-1.599999999990802844e-09
-1.599999999990802844e-09
-1.700000000076995959e-09
-1.699999999938082556e-09
-1.800000000024275671e-09
-1.700000000076572443e-09
-1.799999999885362268e-09
-1.800000000024275671e-09
-1.800000000024275671e-09
-1.800000000023852155e-09
-1.800000000024275671e-09
-1.699999999938082556e-09
-1.799999999885362268e-09
-1.800000000162765558e-09
-1.799999999885362268e-09
-1.800000000024275671e-09
-1.800000000023852155e-09
-1.700000000076995959e-09
-1.799999999885362268e-09
-1.700000000076995959e-09
-1.899999999971555383e-09
-1.700000000076572443e-09
-1.799999999885362268e-09
-1.700000000076995959e-09
-1.699999999938082556e-09
-1.800000000024275671e-09
-1.699999999938082556e-09
-1.699999999938082556e-09
-1.800000000162765558e-09
-1.699999999938082556e-09
-1.599999999990802844e-09
-1.700000000076995959e-09
-1.799999999885362268e-09
-1.599999999990802844e-09
-1.700000000076995959e-09
-1.599999999990802844e-09
-1.599999999990802844e-09
-1.599999999990802844e-09
-1.600000000129292731e-09
-1.499999999904609729e-09
-1.500000000043523132e-09
-1.499999999974066430e-09
-1.499999999974066430e-09
-1.400000000026363202e-09
-1.300000000009626788e-09
-1.300000000009626788e-09
-1.199999999992890375e-09
-1.199999999992890375e-09
-1.099999999976153961e-09
-9.999999999594175475e-10
-1.100000000045610663e-09
-7.999999999954014219e-10
-7.999999999954014219e-10
-8.000000000648581236e-10
-4.999999999451921811e-10
-5.000000000146488828e-10
-5.000000000142253663e-10
-1.999999999640161255e-10
-1.000000000167364136e-10
-1.000000000167364136e-10
0.000000000000000000e+00
3.000000000502092408e-10
2.999999999807525391e-10
5.000000000142253663e-10
5.999999999619285947e-10
6.999999999786650083e-10
1.000000000028874249e-09
1.000000000028874249e-09
1.199999999992890375e-09
1.299999999940170087e-09
1.500000000043523132e-09
1.699999999938082556e-09
1.800000000023852155e-09
1.900000000040588568e-09
2.099999999935147992e-09
2.300000000107534223e-09
2.299999999969044336e-09
2.499999999933060461e-09
2.700000000035989990e-09
2.700000000035989990e-09
2.999999999947285828e-09
3.000000000016742529e-09
3.200000000050215356e-09
3.099999999964022241e-09
3.500000000031391412e-09
3.400000000014654998e-09
3.599999999978671124e-09
3.599999999978671124e-09
3.699999999995407538e-09
3.900000000028880365e-09
3.899999999959423663e-09
3.999999999976160077e-09
4.000000000045616778e-09
3.999999999976160077e-09
4.099999999992896490e-09
4.100000000062353192e-09
4.199999999940176202e-09
4.100000000062353192e-09
4.200000000009632904e-09
4.199999999940176202e-09
4.200000000009632904e-09
4.099999999993320007e-09
4.200000000010056420e-09
4.000000000046040295e-09
4.099999999923863305e-09
4.099999999992896490e-09
3.900000000028880365e-09
3.900000000028880365e-09
3.799999999942687249e-09
3.800000000081600653e-09
3.699999999925950836e-09
3.599999999978671124e-09
3.500000000100848114e-09
3.399999999945198297e-09
3.299999999997495068e-09
3.200000000050215356e-09
3.099999999964022241e-09
2.900000000000006116e-09
2.900000000000006116e-09
2.799999999983269702e-09
2.500000000002517163e-09
2.500000000002517163e-09
2.400000000055237451e-09
2.199999999951884406e-09
1.999999999987868280e-09
1.999999999987868280e-09
1.800000000023852155e-09
1.700000000007115741e-09
1.499999999973642914e-09
1.300000000009626788e-09
1.300000000009626788e-09
1.199999999992890375e-09
9.000000000117143191e-10
7.999999999949779055e-10
6.999999999782414919e-10
5.000000000142253663e-10
3.999999999974889527e-10
3.000000000154808900e-10
1.000000000167364136e-10
9.999999998200806276e-11
-1.999999999987444764e-10
-3.000000000154808900e-10
-3.999999999974889527e-10
-4.999999999799205320e-10
-8.000000000301297728e-10
-7.999999999954014219e-10
-8.999999999774094847e-10
-1.100000000010882312e-09
-1.199999999992890375e-09
-1.400000000026363202e-09
-1.499999999973642914e-09
-1.599999999990379327e-09
-1.600000000025107678e-09
-1.899999999971131867e-09
-2.100000000039333045e-09
-2.099999999969876343e-09
-2.199999999986612756e-09
-2.300000000038077521e-09
-2.499999999967788812e-09
-2.700000000035989990e-09
-2.700000000001261639e-09
-2.799999999983693219e-09
-2.999999999982437695e-09
-3.099999999999174108e-09
-3.299999999997918585e-09
-3.300000000032223419e-09
-3.399999999979926648e-09
-3.600000000012975958e-09
-3.699999999995407538e-09
-3.699999999995407538e-09
-3.899999999994575530e-09
-4.099999999993320007e-09
-4.099999999993320007e-09
-4.300000000026369317e-09
-4.299999999991640967e-09
-4.600000000007121857e-09
-4.600000000007121857e-09
-4.699999999989129919e-09
-4.800000000005866333e-09
-5.000000000005034326e-09
-5.000000000005034326e-09
-5.299999999985786865e-09
-5.200000000003778802e-09
-5.499999999984531341e-09
-5.499999999984531341e-09
-5.600000000018631930e-09
-5.800000000000012231e-09
-5.900000000017172161e-09
-5.999999999981816049e-09
-6.100000000015916638e-09
-6.199999999997924700e-09
-6.399999999996669177e-09
-6.499999999996041415e-09
-6.499999999996041415e-09
-6.600000000012777829e-09
-6.799999999994581646e-09
-6.899999999993953884e-09
-6.999999999993326122e-09
-7.100000000010062536e-09
-7.200000000009434774e-09
-7.099999999992698361e-09
-7.499999999990187313e-09
-7.400000000008179251e-09
-7.550000000015707937e-09
-7.629999999973870520e-09
-7.730000000007971109e-09
-7.810000000000438526e-09
-7.890000000010270119e-09
-7.949999999978892056e-09
-8.050000000012992645e-09
-8.120000000002219409e-09
-8.199999999994686827e-09
-8.270000000001277767e-09
-8.350000000002215513e-09
-8.420000000000336124e-09
-8.490000000006503548e-09
-8.569999999999394481e-09
-8.650000000000755744e-09
-8.699999999991971534e-09
-8.780000000001803126e-09
-8.849999999999076704e-09
-8.920000000001432480e-09
-8.990000000003788255e-09
-9.069999999996255672e-09
-9.129999999999605960e-09
-9.210000000000543707e-09
-9.269999999999658830e-09
-9.359999999997907998e-09
-9.420000000002952352e-09
-9.489999999998531864e-09
-9.575999999999635232e-09
-9.643000000000002373e-09
-9.721000000000037879e-09
-9.796220000000576864e-09
-9.875779999999918514e-09
-9.959000000001101845e-09
-1.004399999999900124e-08
-1.012500000000187241e-08
-1.020999999999680719e-08
-1.031000000000295569e-08
-1.041000000000021034e-08
-1.047999999999578986e-08
-1.057999999999939726e-08
-1.066999999999976401e-08
-1.076000000000436593e-08
-1.083999999999259818e-08
-1.089000000000541331e-08
-1.094000000000086426e-08
-1.095999999999887524e-08
-1.095999999999887524e-08
-1.090999999999918912e-08
-1.081000000000024040e-08
-1.066000000000075852e-08
-1.046000000000201405e-08
-1.019999999999991928e-08
-9.870000000000127424e-09
-9.440000000001386843e-09
-8.959999999993642782e-09
-8.350000000002639030e-09
-7.670000000004620821e-09
-6.859999999997508417e-09
-5.950000000007964434e-09
-4.940000000001684038e-09
-3.789999999982645277e-09
-2.509999999996863969e-09
-1.200000000010254550e-09
2.999999999981167145e-10
1.800000000006487979e-09
3.599999999996035299e-09
5.100000000004406564e-09
6.999999999992902606e-09
8.700000000000441863e-09
1.050000000000692984e-08
1.239999999999584940e-08
1.399999999998622873e-08
1.580000000002744506e-08
1.759999999998226403e-08
1.890000000000925499e-08
2.049999999998227014e-08
2.180000000002662528e-08
2.309999999998415954e-08
2.409999999999566962e-08
2.490000000000801170e-08
2.560000000002140506e-08
2.599999999998416566e-08
2.629999999999964655e-08
2.629999999999964655e-08
2.610000000000090207e-08
2.570000000000341312e-08
2.509999999997202782e-08
2.419999999999504186e-08
2.320000000003562431e-08
2.209999999999043716e-08
2.069999999999837880e-08
1.930000000000674394e-08
1.769999999998163627e-08
1.609999999999125694e-08
1.430000000000213313e-08
1.260000000002932223e-08
1.080000000000547007e-08
8.899999999964457989e-09
7.000000000028054473e-09
5.399999999968218444e-09
3.500000000031391412e-09
1.899999999971555383e-09
3.000000000154808900e-10
-1.299999999974898437e-09
-2.800000000017998053e-09
-4.000000000010888428e-09
-5.099999999987042389e-09
-6.300000000014661114e-09
-7.299999999974078662e-09
-8.000000000021776855e-09
-8.899999999999186340e-09
-9.299999999996675292e-09
-1.009999999999207671e-08
-1.040000000000755760e-08
-1.079999999997074172e-08
-1.100000000003894290e-08
-1.139999999996697515e-08
-1.140000000000170350e-08
-1.160000000003517633e-08
-1.149999999998371157e-08
-1.150000000001843992e-08
-1.160000000000044798e-08
-1.140000000000170350e-08
-1.139999999996697515e-08
-1.109999999998622261e-08
-1.120000000003768738e-08
-1.100000000000421455e-08
-1.079999999997074172e-08
-1.069999999998873366e-08
-1.050000000002471753e-08
-1.040000000000755760e-08
-1.019999999997450829e-08
-1.020000000004354148e-08
-1.000000000001006865e-08
-9.699999999959859411e-09
-9.799999999976595824e-09
-9.499999999995843285e-09
-9.399999999979106872e-09
-9.400000000048563573e-09
-9.200000000015090746e-09
-9.099999999998354333e-09
-8.999999999981194403e-09
-8.800000000017178277e-09
-8.700000000000441863e-09
-8.700000000000441863e-09
-8.499999999966969036e-09
-8.400000000019689324e-09
-8.300000000002952911e-09
-8.300000000002529394e-09
-8.100000000038513269e-09
-7.999999999952320153e-09
-7.900000000005040441e-09
-7.800000000057760730e-09
-7.699999999971567614e-09
-7.600000000024287902e-09
-7.599999999954831201e-09
-7.300000000043111847e-09
-7.399999999990815075e-09
-7.099999999940605834e-09
-7.200000000026798950e-09
-6.999999999993326122e-09
-7.000000000062782824e-09
-6.799999999890396594e-09
-6.700000000012150067e-09
-6.700000000081606768e-09
-6.599999999925956952e-09
-6.499999999978677240e-09
-6.400000000031397528e-09
-6.500000000048133941e-09
-6.199999999997501184e-09
-6.299999999945627929e-09
-6.100000000050644989e-09
-6.099999999981188287e-09
-6.099999999981188287e-09
-5.900000000017172161e-09
-6.000000000033908575e-09
-5.900000000017172161e-09
-5.699999999914242632e-09
-5.800000000000012231e-09
-5.699999999983275818e-09
-5.600000000035996106e-09
-5.500000000019259692e-09
-5.500000000019259692e-09
-5.299999999985786865e-09
-5.399999999933490093e-09
-5.300000000055667083e-09
-5.100000000021770739e-09
-5.100000000021770739e-09
-4.999999999935577624e-09
-4.900000000057754614e-09
-4.799999999971561499e-09
-4.600000000007545373e-09
-4.599999999938088671e-09
-4.500000000060265661e-09
-4.299999999957336132e-09
-4.200000000009632904e-09
-4.099999999992896490e-09
-3.900000000028880365e-09
-3.800000000012143951e-09
-3.699999999995407538e-09
-3.499999999961934710e-09
-3.400000000084111700e-09
-3.199999999981182171e-09
-3.099999999964445758e-09
-2.900000000069886334e-09
-2.799999999914236517e-09
-2.600000000088710278e-09
-2.499999999933060461e-09
-2.200000000021341107e-09
-2.200000000021341107e-09
-1.899999999971131867e-09
-1.899999999971131867e-09
-1.700000000007115741e-09
-1.499999999973642914e-09
-1.400000000026363202e-09
-1.199999999992890375e-09
-1.000000000028874249e-09
-1.000000000028874249e-09
-7.999999999954014219e-10
-5.999999999619285947e-10
-5.999999999619285947e-10
-3.000000000502092408e-10
-2.999999999807525391e-10
-9.999999987782301025e-11
-1.000000000861931153e-10
1.999999998945594239e-10
2.000000000334728272e-10
3.999999999280322511e-10
5.000000001531387697e-10
4.999999998757354795e-10
8.000000001338913088e-10
7.000000000481217100e-10
8.999999999426811339e-10
1.000000000028874249e-09
1.199999999923433673e-09
1.099999999976153961e-09
1.300000000009626788e-09
1.400000000095819904e-09
1.399999999956906500e-09
1.699999999938082556e-09
1.500000000043099615e-09
1.800000000024275671e-09
1.799999999885362268e-09
1.800000000024275671e-09
1.899999999971555383e-09
2.000000000057324982e-09
2.100000000005028210e-09
2.100000000004604694e-09
2.200000000090797809e-09
2.299999999899587634e-09
2.300000000038077521e-09
2.300000000038077521e-09
2.499999999933060461e-09
2.500000000071973865e-09
2.699999999966533288e-09
2.499999999933060461e-09
2.700000000105446692e-09
2.799999999913813000e-09
2.700000000105446692e-09
2.900000000000006116e-09
2.899999999861092712e-09
3.000000000086199231e-09
2.999999999947285828e-09
2.999999999947709344e-09
3.199999999981182171e-09
3.100000000033478943e-09
3.200000000120095575e-09
3.299999999928461883e-09
3.200000000119672058e-09
3.299999999928461883e-09
3.400000000014654998e-09
3.299999999928461883e-09
3.300000000067375287e-09
3.499999999961934710e-09
3.400000000014654998e-09
3.399999999875741595e-09
3.400000000014654998e-09
3.400000000153568402e-09
3.399999999875741595e-09
3.300000000067375287e-09
3.400000000014654998e-09
3.300000000067375287e-09
3.299999999928461883e-09
3.299999999928461883e-09
3.199999999981182171e-09
3.200000000120095575e-09
3.099999999894989056e-09
3.100000000033902459e-09
2.900000000000429632e-09
2.999999999947709344e-09
2.900000000000429632e-09
2.700000000105446692e-09
2.699999999966533288e-09
2.599999999880340173e-09
2.500000000071973865e-09
2.400000000124694153e-09
2.399999999846867346e-09
2.200000000091221325e-09
2.199999999952307922e-09
2.000000000057748498e-09
1.999999999918835095e-09
1.800000000162765558e-09
1.799999999885362268e-09
1.599999999990379327e-09
1.500000000043099615e-09
1.500000000043099615e-09
1.299999999871136901e-09
1.300000000148116675e-09
1.099999999837664074e-09
1.099999999976153961e-09
8.000000001338913088e-10
8.999999999426811339e-10
8.000000001338913088e-10
5.999999999615050783e-10
5.999999999615050783e-10
3.999999999280322511e-10
5.000000000142253663e-10
3.999999999280322511e-10
1.000000000861931153e-10
2.999999999807525391e-10
9.999999994727971193e-11
1.000000000861931153e-10
0.000000000000000000e+00
-9.999999994727971193e-11
-1.384898868760781054e-19
-9.999999994727971193e-11
-9.999999994727971193e-11
-2.999999999807525391e-10
-9.999999994727971193e-11
-3.000000001196659425e-10
-2.000000000334728272e-10
-2.000000000334728272e-10
-2.999999998422626523e-10
-3.000000001196659425e-10
-2.999999998422626523e-10
-2.000000000334728272e-10
-3.000000001196659425e-10
-2.000000000334728272e-10
6.000000001004184816e-10
-1.000000000028450733e-09
-9.999999998899608458e-10
9.999999998899608458e-10
-1.000000000028874249e-09
0.000000000000000000e+00
1.000000000028874249e-09
-9.999999998899608458e-10
-1.389134033497052556e-19
0.000000000000000000e+00
0.000000000000000000e+00
0.000000000000000000e+00
0.000000000000000000e+00
0.000000000000000000e+00
0.000000000000000000e+00
1.000000000028874249e-09
0.000000000000000000e+00
0.000000000000000000e+00
0.000000000000000000e+00
0.000000000000000000e+00
1.000000000028450733e-09
1.000000000028450733e-09
9.999999998899608458e-10
1.384898868760781054e-19
-1.384898868760781054e-19
1.384898868760781054e-19
9.999999998899608458e-10
1.384898868760781054e-19
9.999999998899608458e-10
9.999999998899608458e-10
1.000000000167364136e-09
1.000000000028874249e-09
-1.389134033497052556e-19
2.000000000057324982e-09
0.000000000000000000e+00
1.000000000028874249e-09
1.000000000028874249e-09
9.999999998899608458e-10
1.000000000028874249e-09
0.000000000000000000e+00
1.000000000028874249e-09
9.999999998899608458e-10
1.000000000028874249e-09
1.000000000028874249e-09
1.389134033497052556e-19
1.000000000028874249e-09
9.999999998899608458e-10
1.000000000028874249e-09
1.000000000028874249e-09
0.000000000000000000e+00
1.000000000028874249e-09
9.999999998899608458e-10
0.000000000000000000e+00
1.000000000028874249e-09
-1.389134033497052556e-19
1.000000000028874249e-09
1.389134033497052556e-19
9.999999998899608458e-10
0.000000000000000000e+00
1.000000000028874249e-09
1.000000000028874249e-09
0.000000000000000000e+00
1.000000000028874249e-09
-1.000000000028874249e-09
1.000000000028874249e-09
0.000000000000000000e+00
1.000000000028874249e-09
0.000000000000000000e+00
0.000000000000000000e+00
0.000000000000000000e+00
1.000000000028874249e-09
0.000000000000000000e+00
-1.389134033497052556e-19
1.389134033497052556e-19
9.999999998899608458e-10
-9.999999998899608458e-10
9.999999998899608458e-10
0.000000000000000000e+00
0.000000000000000000e+00
0.000000000000000000e+00
-1.000000000028450733e-09
2.778268066994105112e-19
-2.778268066994105112e-19
2.774032902257833610e-19
-1.000000000306277539e-09
0.000000000000000000e+00
0.000000000000000000e+00
0.000000000000000000e+00
2.778268066994105112e-19
-1.000000000306277539e-09
2.778268066994105112e-19
-1.000000000306277539e-09
-1.000000000028874249e-09
-9.999999997510474424e-10
-2.774032902257833610e-19
-9.999999997510474424e-10
-1.000000000028874249e-09
-2.774032902257833610e-19
-9.999999997514709589e-10
-1.000000000028874249e-09
-9.999999997514709589e-10
-1.000000000306277539e-09
-1.000000000028874249e-09
-9.999999997514709589e-10
-1.000000000028874249e-09
-1.000000000028874249e-09
-2.000000000057748498e-09
-1.000000000028874249e-09
-1.000000000028450733e-09
-2.000000000057324982e-09
-9.999999997510474424e-10
-2.000000000057324982e-09
-1.000000000028450733e-09
-1.000000000306277539e-09
-9.999999997510474424e-10
-2.000000000057324982e-09
-2.000000000057324982e-09
0.000000000000000000e+00
-2.000000000057324982e-09
-9.999999997510474424e-10
-3.000000000086199231e-09
-1.000000000028874249e-09
-1.000000000028874249e-09
-2.000000000057748498e-09
-2.000000000057748498e-09
-2.000000000057748498e-09
-1.999999999779921692e-09
-9.999999997514709589e-10
-2.000000000057748498e-09
-1.000000000028874249e-09
-3.000000000086622747e-09
-1.000000000028874249e-09
-2.000000000057748498e-09
-2.000000000057748498e-09
-1.999999999779921692e-09
-2.000000000057748498e-09
-1.000000000028874249e-09
-2.000000000057748498e-09
-2.000000000057748498e-09
-1.999999999779921692e-09
-1.000000000028874249e-09
-2.000000000057324982e-09
-2.000000000057324982e-09
-1.999999999779921692e-09
-2.000000000334728272e-09
-2.000000000057324982e-09
-2.000000000057324982e-09
-9.999999997510474424e-10
-2.000000000057324982e-09
-2.000000000057324982e-09
-9.999999997510474424e-10
-2.000000000057324982e-09
-2.000000000335151788e-09
-9.999999997510474424e-10
-2.000000000057324982e-09
-1.999999999779921692e-09
-2.000000000057324982e-09
-2.774032902257833610e-19
-1.999999999779921692e-09
-2.000000000057324982e-09
-1.000000000028874249e-09
-1.999999999779921692e-09
-2.774032902257833610e-19
-1.000000000028874249e-09
-1.999999999779921692e-09
-1.000000000306277539e-09
-9.999999997514709589e-10
-1.000000000028874249e-09
-1.000000000028874249e-09
-1.000000000028874249e-09
-1.000000000028450733e-09
-1.000000000028874249e-09
-9.999999997514709589e-10
-2.774032902257833610e-19
-9.999999997514709589e-10
0.000000000000000000e+00
-1.000000000306277539e-09
-9.999999997514709589e-10
0.000000000000000000e+00
-1.000000000306277539e-09
2.774032902257833610e-19
0.000000000000000000e+00
-2.774032902257833610e-19
2.774032902257833610e-19
-1.000000000028874249e-09
0.000000000000000000e+00
1.000000000028874249e-09
-1.000000000028874249e-09
0.000000000000000000e+00
0.000000000000000000e+00
0.000000000000000000e+00
1.000000000028874249e-09
0.000000000000000000e+00
