2.774032902257833610e-19
1.000000000028874249e-09
-2.774032902257833610e-19
-9.999999997514709589e-10
0.000000000000000000e+00
0.000000000000000000e+00
9.999999997514709589e-10
2.774032902257833610e-19
0.000000000000000000e+00
-1.000000000306277539e-09
2.774032902257833610e-19
1.000000000028874249e-09
-2.774032902257833610e-19
2.774032902257833610e-19
0.000000000000000000e+00
-2.774032902257833610e-19
0.000000000000000000e+00
2.774032902257833610e-19
0.000000000000000000e+00
-2.774032902257833610e-19
2.774032902257833610e-19
0.000000000000000000e+00
-2.774032902257833610e-19
0.000000000000000000e+00
1.000000000306277539e-09
0.000000000000000000e+00
-1.000000000306277539e-09
1.000000000028450733e-09
2.774032902257833610e-19
0.000000000000000000e+00
-2.778268066994105112e-19
0.000000000000000000e+00
1.000000000306277539e-09
-1.000000000028450733e-09
9.999999997510474424e-10
0.000000000000000000e+00
2.774032902257833610e-19
0.000000000000000000e+00
9.999999997510474424e-10
0.000000000000000000e+00
0.000000000000000000e+00
2.778268066994105112e-19
1.000000000028450733e-09
-2.778268066994105112e-19
0.000000000000000000e+00
0.000000000000000000e+00
1.000000000028874249e-09
2.778268066994105112e-19
-2.778268066994105112e-19
0.000000000000000000e+00
1.000000000028874249e-09
0.000000000000000000e+00
0.000000000000000000e+00
1.000000000028874249e-09
0.000000000000000000e+00
0.000000000000000000e+00
0.000000000000000000e+00
1.000000000028874249e-09
1.000000000028874249e-09
0.000000000000000000e+00
0.000000000000000000e+00
0.000000000000000000e+00
0.000000000000000000e+00
1.000000000028874249e-09
0.000000000000000000e+00
9.999999997514709589e-10
0.000000000000000000e+00
0.000000000000000000e+00
1.000000000028874249e-09
0.000000000000000000e+00
0.000000000000000000e+00
0.000000000000000000e+00
1.000000000028874249e-09
0.000000000000000000e+00
0.000000000000000000e+00
0.000000000000000000e+00
0.000000000000000000e+00
0.000000000000000000e+00
0.000000000000000000e+00
0.000000000000000000e+00
0.000000000000000000e+00
1.000000000028874249e-09
-9.999999997510474424e-10
1.000000000028874249e-09
0.000000000000000000e+00
0.000000000000000000e+00
-2.778268066994105112e-19
0.000000000000000000e+00
0.000000000000000000e+00
0.000000000000000000e+00
0.000000000000000000e+00
0.000000000000000000e+00
0.000000000000000000e+00
1.000000000028874249e-09
-1.000000000028874249e-09
2.778268066994105112e-19
-2.778268066994105112e-19
0.000000000000000000e+00
0.000000000000000000e+00
-1.000000000028450733e-09
0.000000000000000000e+00
0.000000000000000000e+00
2.778268066994105112e-19
0.000000000000000000e+00
-1.000000000306277539e-09
1.000000000028450733e-09
0.000000000000000000e+00
-1.000000000028450733e-09
2.778268066994105112e-19
-1.000000000028450733e-09
0.000000000000000000e+00
-2.778268066994105112e-19
-1.000000000028450733e-09
0.000000000000000000e+00
2.778268066994105112e-19
-1.000000000028450733e-09
0.000000000000000000e+00
-1.000000000167364136e-09
0.000000000000000000e+00
1.389134033497052556e-19
-1.000000000028450733e-09
-1.389134033497052556e-19
1.389134033497052556e-19
0.000000000000000000e+00
0.000000000000000000e+00
-1.389134033497052556e-19
-9.999999998899608458e-10
0.000000000000000000e+00
0.000000000000000000e+00
0.000000000000000000e+00
-1.000000000028874249e-09
1.000000000028874249e-09
0.000000000000000000e+00
0.000000000000000000e+00
0.000000000000000000e+00
0.000000000000000000e+00
1.000000000028874249e-09
-1.000000000028874249e-09
1.000000000028874249e-09
-1.389134033497052556e-19
1.000000000167787652e-09
-1.000000000028874249e-09
1.000000000028874249e-09
1.000000000028874249e-09
-1.000000000028874249e-09
9.999999998899608458e-10
0.000000000000000000e+00
1.000000000028874249e-09
0.000000000000000000e+00
1.000000000028874249e-09
0.000000000000000000e+00
9.999999998899608458e-10
0.000000000000000000e+00
0.000000000000000000e+00
1.389134033497052556e-19
0.000000000000000000e+00
1.999999999918835095e-09
0.000000000000000000e+00
1.000000000028874249e-09
0.000000000000000000e+00
0.000000000000000000e+00
0.000000000000000000e+00
1.000000000028874249e-09
0.000000000000000000e+00
1.000000000028874249e-09
1.000000000028874249e-09
-1.000000000028874249e-09
1.000000000028874249e-09
-1.389134033497052556e-19
1.000000000028874249e-09
0.000000000000000000e+00
1.000000000028874249e-09
0.000000000000000000e+00
1.000000000028874249e-09
9.999999998899608458e-10
1.389134033497052556e-19
0.000000000000000000e+00
1.000000000028874249e-09
9.999999998899608458e-10
0.000000000000000000e+00
1.000000000028874249e-09
0.000000000000000000e+00
1.000000000028874249e-09
0.000000000000000000e+00
1.000000000028874249e-09
-1.389134033497052556e-19
0.000000000000000000e+00
1.000000000167787652e-09
1.000000000028874249e-09
-1.389134033497052556e-19
1.000000000028874249e-09
0.000000000000000000e+00
0.000000000000000000e+00
1.099999999976153961e-09
5.000000001531387697e-10
5.999999999619285947e-10
3.999999999284557675e-10
3.999999999284557675e-10
4.000000000669456544e-10
5.000000000146488828e-10
3.999999999280322511e-10
2.999999999807525391e-10
3.000000001196659425e-10
4.000000000669456544e-10
2.999999998418391358e-10
2.000000000334728272e-10
2.000000000334728272e-10
1.000000000861931153e-10
1.999999998945594239e-10
9.999999994727971193e-11
0.000000000000000000e+00
0.000000000000000000e+00
0.000000000000000000e+00
-9.999999994727971193e-11
-9.999999994727971193e-11
-9.999999994727971193e-11
-2.000000001723862306e-10
-1.999999998945594239e-10
-3.000000001196659425e-10
-2.999999998422626523e-10
-4.000000000669456544e-10
-2.999999999807525391e-10
-3.999999999280322511e-10
-2.999999999807525391e-10
-4.000000002058590578e-10
-5.000000000146488828e-10
-2.999999998422626523e-10
-5.000000000146488828e-10
-2.999999999811760556e-10
-4.000000000673691709e-10
-4.000000000673691709e-10
-3.999999999284557675e-10
-4.000000000669456544e-10
-2.999999999811760556e-10
-2.999999998422626523e-10
-3.000000001196659425e-10
-1.999999998949829403e-10
-3.000000001196659425e-10
-1.999999998949829403e-10
-2.000000001719627141e-10
1.389134033497052556e-19
-2.000000001719627141e-10
-9.999999994727971193e-11
9.999999994727971193e-11
1.384898868760781054e-19
9.999999994727971193e-11
0.000000000000000000e+00
2.000000000334728272e-10
1.999999998945594239e-10
2.000000000334728272e-10
2.000000000334728272e-10
3.000000001196659425e-10
2.999999999807525391e-10
3.999999999284557675e-10
3.999999999280322511e-10
4.000000000669456544e-10
5.000000000142253663e-10
3.999999999280322511e-10
5.000000000142253663e-10
5.000000001531387697e-10
4.999999998753119630e-10
5.000000000142253663e-10
5.000000000142253663e-10
5.999999999615050783e-10
6.000000001004184816e-10
5.999999999615050783e-10
5.000000000142253663e-10
5.999999999615050783e-10
5.000000000142253663e-10
5.999999999615050783e-10
5.000000000142253663e-10
4.000000000669456544e-10
5.999999998230151914e-10
5.000000001531387697e-10
3.999999999280322511e-10
5.000000000142253663e-10
5.000000000146488828e-10
4.000000000669456544e-10
4.999999998753119630e-10
4.000000000669456544e-10
2.999999999811760556e-10
4.000000000669456544e-10
3.999999999280322511e-10
2.000000000338963437e-10
3.999999999280322511e-10
2.000000000334728272e-10
2.999999999807525391e-10
2.000000001723862306e-10
1.999999997560695370e-10
1.000000000861931153e-10
2.999999999807525391e-10
1.000000000857695988e-10
1.000000000861931153e-10
1.999999998945594239e-10
1.000000000857695988e-10
9.999999994770322840e-11
9.999999994727971193e-11
9.999999994727971193e-11
1.000000000857695988e-10
0.000000000000000000e+00
2.000000000334728272e-10
9.999999994727971193e-11
1.000000000857695988e-10
9.999999994727971193e-11
2.000000000334728272e-10
1.999999998949829403e-10
9.999999994727971193e-11
2.000000000334728272e-10
3.000000000502092408e-10
1.000000000167364136e-10
2.999999999807525391e-10
2.999999999807525391e-10
2.000000000334728272e-10
3.999999999974889527e-10
2.999999999807525391e-10
2.999999999807525391e-10
4.000000000669456544e-10
2.999999999807525391e-10
3.999999999974889527e-10
3.999999999974889527e-10
2.999999999807525391e-10
3.999999999974889527e-10
3.999999999974889527e-10
2.999999999807525391e-10
5.000000000142253663e-10
3.000000000502092408e-10
3.999999999280322511e-10
2.000000000334728272e-10
3.999999999974889527e-10
1.999999999640161255e-10
3.000000000502092408e-10
9.999999994727971193e-11
2.000000000334728272e-10
1.999999999640161255e-10
6.945670167485262780e-20
1.000000000167364136e-10
-6.945670167485262780e-20
-9.999999994727971193e-11
-1.000000000861931153e-10
-9.999999994770322840e-11
-3.000000000506327573e-10
-1.999999999644396420e-10
-1.999999999644396420e-10
-5.000000000146488828e-10
-3.000000000506327573e-10
-4.999999999451921811e-10
-5.000000000146488828e-10
-5.000000000146488828e-10
-5.000000000146488828e-10
-5.999999999619285947e-10
-6.999999999786650083e-10
-5.000000000146488828e-10
-6.999999999786650083e-10
-6.000000000313852964e-10
-7.999999999954014219e-10
-6.999999999786650083e-10
-6.000000000313852964e-10
-7.000000000481217100e-10
-5.999999999619285947e-10
-6.999999999786650083e-10
-5.999999999619285947e-10
-6.000000001008419981e-10
-5.999999999619285947e-10
-5.000000000146488828e-10
-4.999999999451921811e-10
-3.999999999979124692e-10
-3.999999999979124692e-10
-3.999999999979124692e-10
-3.000000000502092408e-10
-1.999999999640161255e-10
-2.999999999807525391e-10
-1.000000000167364136e-10
-1.000000000167364136e-10
-1.000000000167364136e-10
1.000000000167364136e-10
0.000000000000000000e+00
1.000000000167364136e-10
1.999999999640161255e-10
1.999999999640161255e-10
3.000000000502092408e-10
3.000000000502092408e-10
2.999999999807525391e-10
3.999999999974889527e-10
4.999999999447686647e-10
4.000000000669456544e-10
4.999999999447686647e-10
6.000000000309617799e-10
4.999999999447686647e-10
6.000000000309617799e-10
6.000000000309617799e-10
6.000000000309617799e-10
5.999999999615050783e-10
6.999999999782414919e-10
6.000000000309617799e-10
6.999999999782414919e-10
6.999999999782414919e-10
6.000000000309617799e-10
5.999999999615050783e-10
7.000000000476981935e-10
5.999999999615050783e-10
5.999999999615050783e-10
7.000000000476981935e-10
3.999999999974889527e-10
6.000000000309617799e-10
4.999999999794970155e-10
5.000000000142253663e-10
5.999999999962334291e-10
3.999999999974889527e-10
3.999999999974889527e-10
2.999999999807525391e-10
4.000000000322173036e-10
1.999999999640161255e-10
3.000000000154808900e-10
3.000000000154808900e-10
1.000000000167364136e-10
9.999999998200806276e-11
9.999999998200806276e-11
0.000000000000000000e+00
3.472835083742631390e-20
-3.472835083742631390e-20
-9.999999998200806276e-11
-1.000000000167364136e-10
-1.999999999987444764e-10
-1.999999999987444764e-10
-1.999999999987444764e-10
-2.999999999807525391e-10
-4.000000000322173036e-10
-1.999999999987444764e-10
-3.999999999979124692e-10
-3.999999999979124692e-10
-4.999999999799205320e-10
-5.000000000146488828e-10
-3.999999999974889527e-10
-4.999999999799205320e-10
-5.000000000142253663e-10
-5.000000000146488828e-10
-4.999999999799205320e-10
-5.000000000146488828e-10
-5.999999999966569456e-10
-4.999999999799205320e-10
-6.000000000309617799e-10
-3.999999999627606019e-10
-6.000000000309617799e-10
-5.000000000142253663e-10
-4.999999999794970155e-10
-5.000000000142253663e-10
-3.999999999974889527e-10
-3.999999999974889527e-10
-4.999999999794970155e-10
-3.999999999974889527e-10
-3.999999999974889527e-10
-3.999999999974889527e-10
-3.000000000154808900e-10
-2.999999999981167145e-10
-3.000000000154808900e-10
-1.999999999813803009e-10
-2.000000000161086518e-10
-1.999999999987444764e-10
-1.999999999987444764e-10
-1.999999999987444764e-10
0.000000000000000000e+00
-9.999999999937223818e-11
-9.999999999937223818e-11
0.000000000000000000e+00
1.736417541871315695e-20
-1.736417541871315695e-20
0.000000000000000000e+00
1.999999999987444764e-10
1.736417541871315695e-20
1.999999999813803009e-10
1.099999999941425610e-10
1.600000000196631850e-10
1.699999999970693324e-10
1.900000000039741535e-10
2.099999999935147992e-10
2.300000000004196203e-10
2.199999999967554515e-10
2.299999999915257744e-10
2.500000000069009249e-10
2.400000000036602726e-10
2.399999999951899431e-10
2.399999999951899431e-10
2.300000000004196203e-10
2.200000000056492975e-10
2.099999999935147992e-10
2.200000000056492975e-10
1.899999999955038241e-10
1.999999999991679928e-10
1.700000000059631784e-10
1.599999999984873613e-10
1.500000000037170385e-10
1.300000000010473821e-10
1.199999999978067298e-10
1.100000000030364070e-10
8.999999999782565176e-11
8.999999999824916824e-11
9.000000000036675061e-11
6.299999999983320895e-11
6.200000000044087996e-11
5.399999999979653389e-11
4.868999999938102528e-11
4.131000000056220885e-11
3.299999999985213091e-11
2.699999999968650871e-11
2.100000000079143593e-11
2.999999999955756157e-11
9.999999999005487576e-12
0.000000000000000000e+00
2.000000000266965636e-11
9.999999999429004050e-12
9.999999999429004050e-12
9.999999999429004050e-12
1.000000000366416879e-11
2.999999999701646273e-11
1.999999999801097515e-11
4.000000000491579625e-11
3.000000000167514394e-11
3.000000000167514394e-11
4.999999999079227314e-11
6.999999999769709424e-11
8.000000001025510898e-11
8.999999999613158587e-11
9.999999999979575466e-11
1.099999999941425610e-10
1.100000000030364070e-10
1.300000000095177116e-10
1.199999999889128839e-10
1.399999999958177050e-10
1.500000000079522032e-10
1.499999999905880278e-10
1.600000000027225261e-10
1.700000000148570243e-10
1.999999999987444764e-10
9.999999999937223818e-11
9.999999999937223818e-11
2.999999999981167145e-10
9.999999999937223818e-11
1.999999999987444764e-10
9.999999999937223818e-11
9.999999999937223818e-11
1.999999999987444764e-10
9.999999999937223818e-11
1.000000000167364136e-10
1.999999999813803009e-10
0.000000000000000000e+00
9.999999999937223818e-11
1.000000000167364136e-10
1.999999999987444764e-10
9.999999998200806276e-11
3.472835083742631390e-20
9.999999998200806276e-11
0.000000000000000000e+00
0.000000000000000000e+00
0.000000000000000000e+00
0.000000000000000000e+00
0.000000000000000000e+00
-1.000000000167364136e-10
-1.000000000167364136e-10
-9.999999994770322840e-11
-2.000000000334728272e-10
-9.999999998243157924e-11
-3.000000000159044064e-10
-1.999999999987444764e-10
-2.999999999807525391e-10
-3.000000000154808900e-10
-3.000000000154808900e-10
-3.999999999627606019e-10
-4.000000000322173036e-10
-4.999999999794970155e-10
-4.000000000322173036e-10
-4.999999999794970155e-10
-5.000000000142253663e-10
-4.999999999794970155e-10
-5.000000000142253663e-10
-5.999999999615050783e-10
-6.000000000309617799e-10
-3.999999999974889527e-10
-5.999999999962334291e-10
-4.999999999794970155e-10
-5.000000000142253663e-10
-5.000000000142253663e-10
-3.999999999631841184e-10
-5.000000000142253663e-10
-3.000000000154808900e-10
-3.999999999974889527e-10
-3.000000000154808900e-10
-3.999999999631841184e-10
-1.999999999987444764e-10
-2.000000000334728272e-10
-1.999999999987444764e-10
0.000000000000000000e+00
-9.999999998200806276e-11
-3.472835083742631390e-20
3.472835083742631390e-20
1.999999999987444764e-10
9.999999998200806276e-11
1.999999999987444764e-10
2.000000000334728272e-10
2.999999999807525391e-10
3.999999999974889527e-10
3.999999999979124692e-10
3.999999999974889527e-10
3.999999999974889527e-10
5.000000000142253663e-10
6.000000000309617799e-10
4.999999999447686647e-10
6.000000000309617799e-10
6.000000000309617799e-10
4.999999999447686647e-10
6.000000000309617799e-10
5.999999999615050783e-10
6.000000000309617799e-10
5.999999999615050783e-10
6.999999999782414919e-10
5.000000000142253663e-10
7.000000000476981935e-10
4.999999999447686647e-10
6.000000000309617799e-10
5.000000000142253663e-10
5.999999999619285947e-10
6.000000000313852964e-10
5.000000000146488828e-10
5.999999999619285947e-10
3.999999999979124692e-10
6.000000000313852964e-10
5.000000000146488828e-10
5.999999999619285947e-10
3.999999999974889527e-10
5.000000000142253663e-10
5.000000000142253663e-10
5.000000000142253663e-10
3.999999999280322511e-10
5.000000000836820680e-10
5.000000000142253663e-10
3.999999999280322511e-10
3.999999999974889527e-10
5.000000000146488828e-10
2.999999999811760556e-10
2.999999999811760556e-10
4.000000000673691709e-10
2.999999999807525391e-10
2.000000000334728272e-10
1.999999999640161255e-10
1.000000000167364136e-10
1.000000000167364136e-10
0.000000000000000000e+00
-1.000000000861931153e-10
6.945670167485262780e-20
-2.999999999807525391e-10
-2.000000000334728272e-10
-1.999999999640161255e-10
-4.000000000669456544e-10
-4.999999999447686647e-10
-4.000000000669456544e-10
-6.999999999092083067e-10
-6.000000000313852964e-10
-6.999999999786650083e-10
-7.000000000481217100e-10
-8.999999999426811339e-10
-9.000000000815945372e-10
-9.999999999594175475e-10
-1.000000000028874249e-09
-9.999999999594175475e-10
-1.199999999992890375e-09
-1.099999999976153961e-09
-1.200000000062347076e-09
-1.299999999940170087e-09
-1.199999999992890375e-09
-1.400000000026363202e-09
-1.300000000009626788e-09
-1.300000000009626788e-09
-1.400000000026363202e-09
-1.400000000026363202e-09
-1.299999999940170087e-09
-1.400000000026363202e-09
-1.400000000026363202e-09
-1.400000000026363202e-09
-1.299999999940170087e-09
-1.200000000061923560e-09
-1.299999999940170087e-09
-1.300000000009626788e-09
-1.199999999992890375e-09
-1.199999999992890375e-09
-9.999999999594175475e-10
-1.100000000045610663e-09
-1.000000000028874249e-09
-9.000000000121378355e-10
-9.000000000121378355e-10
-7.999999999259447203e-10
-7.000000000481217100e-10
-5.999999999619285947e-10
-6.000000000309617799e-10
-3.999999999280322511e-10
-4.999999999447686647e-10
-2.999999999807525391e-10
-3.000000001196659425e-10
-1.000000000861931153e-10
0.000000000000000000e+00
1.389134033497052556e-19
9.999999994770322840e-11
2.000000000334728272e-10
2.999999999811760556e-10
2.999999999811760556e-10
5.000000000146488828e-10
5.999999999615050783e-10
5.000000000142253663e-10
6.999999999087847902e-10
9.000000000811710207e-10
7.000000000476981935e-10
1.099999999976153961e-09
9.000000000811710207e-10
1.099999999976153961e-09
1.099999999976153961e-09
1.199999999923433673e-09
1.200000000062347076e-09
1.299999999870713385e-09
1.300000000009626788e-09
1.400000000095819904e-09
1.300000000009626788e-09
1.499999999904609729e-09
1.400000000095819904e-09
1.399999999956906500e-09
1.399999999957330017e-09
1.500000000043523132e-09
1.400000000095819904e-09
1.299999999870713385e-09
1.500000000043099615e-09
1.300000000009626788e-09
1.300000000009626788e-09
1.300000000009626788e-09
1.199999999923433673e-09
1.100000000115067364e-09
1.199999999923433673e-09
1.000000000028874249e-09
1.000000000028874249e-09
8.999999999426811339e-10
9.000000000815945372e-10
7.999999999954014219e-10
5.999999999619285947e-10
5.999999999619285947e-10
6.000000001004184816e-10
3.999999999284557675e-10
3.000000001196659425e-10
2.999999999807525391e-10
2.000000000334728272e-10
1.999999997560695370e-10
1.389134033497052556e-19
0.000000000000000000e+00
-1.000000000861931153e-10
-1.999999998945594239e-10
-2.000000000334728272e-10
-2.999999999807525391e-10
-4.000000000669456544e-10
-2.999999999807525391e-10
-6.000000001004184816e-10
-3.999999999280322511e-10
-5.999999999615050783e-10
-5.999999999615050783e-10
-7.000000000476981935e-10
-5.999999999615050783e-10
-7.000000000476981935e-10
-7.999999999949779055e-10
-6.999999999087847902e-10
-8.000000001338913088e-10
-7.999999999949779055e-10
-7.999999998560645021e-10
-8.000000001338913088e-10
-7.999999999949779055e-10
-6.999999999087847902e-10
-9.000000000811710207e-10
-7.999999999949779055e-10
-6.999999999092083067e-10
-7.999999999949779055e-10
-7.999999999954014219e-10
-7.000000000481217100e-10
-6.999999999092083067e-10
-8.000000001338913088e-10
-5.999999999619285947e-10
-6.000000001004184816e-10
-6.999999999092083067e-10
-5.999999999619285947e-10
-5.999999999619285947e-10
-5.000000000146488828e-10
-5.000000000142253663e-10
-5.000000000142253663e-10
-5.000000000146488828e-10
-2.999999999807525391e-10
-4.000000000669456544e-10
-3.999999999280322511e-10
-2.000000000334728272e-10
-2.999999999807525391e-10
-2.000000000334728272e-10
-2.000000000334728272e-10
-1.999999998949829403e-10
-1.000000000857695988e-10
-1.000000000861931153e-10
1.389134033497052556e-19
-1.000000000861931153e-10
1.000000000861931153e-10
-1.389134033497052556e-19
1.000000000861931153e-10
9.999999994727971193e-11
1.000000000861931153e-10
9.999999994770322840e-11
1.000000000861931153e-10
2.999999999807525391e-10
-1.389134033497052556e-19
3.000000001196659425e-10
3.999999999280322511e-10
1.389134033497052556e-19
0.000000000000000000e+00
-1.389134033497052556e-19
0.000000000000000000e+00
0.000000000000000000e+00
1.000000000167787652e-09
-1.000000000028874249e-09
9.999999998899608458e-10
0.000000000000000000e+00
0.000000000000000000e+00
0.000000000000000000e+00
0.000000000000000000e+00
0.000000000000000000e+00
0.000000000000000000e+00
1.389134033497052556e-19
-1.389134033497052556e-19
-1.000000000028874249e-09
0.000000000000000000e+00
1.389134033497052556e-19
0.000000000000000000e+00
-1.389134033497052556e-19
0.000000000000000000e+00
-9.999999998899608458e-10
-1.000000000028450733e-09
0.000000000000000000e+00
-1.000000000028450733e-09
0.000000000000000000e+00
-1.000000000028450733e-09
0.000000000000000000e+00
0.000000000000000000e+00
-9.999999998899608458e-10
-2.000000000057324982e-09
0.000000000000000000e+00
-1.000000000028874249e-09
-1.000000000028450733e-09
-9.999999998899608458e-10
-1.389134033497052556e-19
-9.999999998899608458e-10
-2.000000000057324982e-09
-9.999999998899608458e-10
-1.000000000167364136e-09
-9.999999998899608458e-10
-1.000000000028450733e-09
-1.999999999918835095e-09
-2.000000000057324982e-09
0.000000000000000000e+00
-2.000000000057324982e-09
-1.999999999918835095e-09
-2.000000000057324982e-09
-9.999999998899608458e-10
-2.000000000057324982e-09
-2.000000000057748498e-09
-2.000000000057324982e-09
-1.999999999918835095e-09
-2.000000000057324982e-09
-1.999999999918835095e-09
-2.000000000057324982e-09
-2.999999999947709344e-09
-2.000000000057324982e-09
-9.999999998899608458e-10
-3.000000000086199231e-09
-1.999999999918835095e-09
-3.000000000086199231e-09
-1.999999999918835095e-09
-3.000000000086199231e-09
-1.999999999918835095e-09
-3.000000000086199231e-09
-1.999999999918835095e-09
-3.000000000086199231e-09
-1.999999999918835095e-09
-2.999999999947709344e-09
-2.000000000196238385e-09
-2.999999999808795941e-09
-2.000000000196238385e-09
-2.999999999808795941e-09
-2.000000000196238385e-09
-1.999999999918411578e-09
-4.000000000114649964e-09
-1.999999999779921692e-09
-3.000000000086199231e-09
-1.999999999779921692e-09
-2.000000000335151788e-09
-3.999999999837246673e-09
-2.000000000057748498e-09
-2.000000000057748498e-09
-2.999999999808372424e-09
-2.000000000335151788e-09
-1.999999999779921692e-09
-3.000000000086199231e-09
-1.999999999779921692e-09
-3.000000000086199231e-09
-2.000000000335151788e-09
-2.999999999808372424e-09
-1.000000000028874249e-09
-2.999999999808372424e-09
-2.000000000057748498e-09
-2.000000000057324982e-09
-1.999999999779921692e-09
-2.000000000335151788e-09
-1.999999999779921692e-09
-2.000000000057324982e-09
-2.000000000057324982e-09
-9.999999997514709589e-10
-2.000000000057324982e-09
-2.000000000335151788e-09
-1.999999999779921692e-09
-2.000000000057324982e-09
-1.000000000028450733e-09
-2.000000000057324982e-09
-9.999999997510474424e-10
-2.000000000057324982e-09
-1.000000000028450733e-09
-1.000000000306277539e-09
-9.999999997510474424e-10
-1.000000000028450733e-09
-1.000000000028450733e-09
0.000000000000000000e+00
-2.000000000057324982e-09
2.778268066994105112e-19
-1.000000000028450733e-09
-1.000000000028874249e-09
0.000000000000000000e+00
-1.000000000028874249e-09
-2.778268066994105112e-19
-1.000000000028874249e-09
2.778268066994105112e-19
0.000000000000000000e+00
-1.000000000028874249e-09
0.000000000000000000e+00
0.000000000000000000e+00
0.000000000000000000e+00
0.000000000000000000e+00
0.000000000000000000e+00
1.000000000028874249e-09
0.000000000000000000e+00
2.000000000057748498e-09
0.000000000000000000e+00
1.000000000028874249e-09
2.999999999808795941e-09
3.000000000086199231e-09
3.000000000086199231e-09
4.000000000115073480e-09
4.999999999866120922e-09
4.999999999866544439e-09
5.999999999894995172e-09
7.000000000201272711e-09
1.000000000001006865e-08
8.999999999981194403e-09
1.200000000006781715e-08
1.399999999984773884e-08
1.400000000012514213e-08
1.599999999990506382e-08
1.799999999996281232e-08
2.000000000002013730e-08
2.200000000007788580e-08
2.300000000010633653e-08
2.599999999963730567e-08
2.700000000022141001e-08
2.799999999997245746e-08
3.100000000005865669e-08
3.100000000005908020e-08
3.299999999983857838e-08
3.500000000017373017e-08
3.399999999986745263e-08
3.599999999992520113e-08
3.699999999995365186e-08
3.600000000020260442e-08
3.699999999995365186e-08
3.699999999995365186e-08
3.499999999989632688e-08
3.500000000017373017e-08
3.400000000014485592e-08
3.299999999983900190e-08
3.100000000005865669e-08
3.000000000002978244e-08
2.699999999994358321e-08
2.499999999988625823e-08
2.300000000010633653e-08
2.099999999977118475e-08
1.900000000026866634e-08
1.699999999993351456e-08
1.399999999984731532e-08
1.100000000003851938e-08
1.000000000001006865e-08
7.000000000201272711e-09
6.999999999923869421e-09
4.000000000115073480e-09
2.000000000057324982e-09
9.999999997510474424e-10
0.000000000000000000e+00
1.000000000028874249e-09
0.000000000000000000e+00
