0.000000000000000000e+00
1.000000000028874249e-09
-2.774032902257833610e-19
2.774032902257833610e-19
-1.000000000028874249e-09
0.000000000000000000e+00
1.000000000028874249e-09
0.000000000000000000e+00
0.000000000000000000e+00
0.000000000000000000e+00
0.000000000000000000e+00
1.000000000028874249e-09
-2.774032902257833610e-19
2.774032902257833610e-19
0.000000000000000000e+00
-2.774032902257833610e-19
2.774032902257833610e-19
0.000000000000000000e+00
0.000000000000000000e+00
-2.774032902257833610e-19
2.774032902257833610e-19
1.000000000028450733e-09
-2.774032902257833610e-19
0.000000000000000000e+00
1.000000000306277539e-09
0.000000000000000000e+00
-2.778268066994105112e-19
0.000000000000000000e+00
1.000000000306277539e-09
1.000000000028450733e-09
-1.000000000306277539e-09
1.000000000028450733e-09
1.000000000028450733e-09
2.778268066994105112e-19
9.999999997510474424e-10
0.000000000000000000e+00
1.000000000028450733e-09
0.000000000000000000e+00
1.000000000028874249e-09
1.000000000028874249e-09
0.000000000000000000e+00
0.000000000000000000e+00
2.000000000057324982e-09
-2.778268066994105112e-19
1.000000000028874249e-09
1.000000000028874249e-09
2.778268066994105112e-19
1.000000000028874249e-09
9.999999997510474424e-10
0.000000000000000000e+00
1.000000000028874249e-09
1.000000000028874249e-09
0.000000000000000000e+00
1.000000000028874249e-09
0.000000000000000000e+00
9.999999997510474424e-10
1.000000000028874249e-09
1.000000000028874249e-09
2.774032902257833610e-19
1.000000000028874249e-09
9.999999997510474424e-10
2.774032902257833610e-19
1.000000000028874249e-09
1.000000000028874249e-09
0.000000000000000000e+00
9.999999997514709589e-10
1.000000000028874249e-09
0.000000000000000000e+00
1.000000000028874249e-09
1.000000000028874249e-09
9.999999997510474424e-10
0.000000000000000000e+00
1.000000000028874249e-09
0.000000000000000000e+00
1.000000000028874249e-09
0.000000000000000000e+00
1.000000000028874249e-09
0.000000000000000000e+00
1.000000000028874249e-09
1.000000000028874249e-09
0.000000000000000000e+00
1.000000000028874249e-09
2.778268066994105112e-19
-2.778268066994105112e-19
1.000000000028874249e-09
0.000000000000000000e+00
1.000000000028874249e-09
0.000000000000000000e+00
0.000000000000000000e+00
1.000000000028874249e-09
0.000000000000000000e+00
-2.778268066994105112e-19
0.000000000000000000e+00
2.000000000057324982e-09
0.000000000000000000e+00
2.778268066994105112e-19
0.000000000000000000e+00
1.000000000028450733e-09
-2.778268066994105112e-19
-1.000000000028450733e-09
1.000000000028450733e-09
0.000000000000000000e+00
1.000000000306277539e-09
0.000000000000000000e+00
-1.000000000306277539e-09
1.000000000028450733e-09
0.000000000000000000e+00
0.000000000000000000e+00
2.778268066994105112e-19
0.000000000000000000e+00
-2.778268066994105112e-19
1.000000000028450733e-09
-1.000000000028450733e-09
1.000000000028450733e-09
2.778268066994105112e-19
-2.774032902257833610e-19
1.384898868760781054e-19
-1.000000000167364136e-09
1.000000000028450733e-09
1.389134033497052556e-19
-1.384898868760781054e-19
0.000000000000000000e+00
1.389134033497052556e-19
9.999999998899608458e-10
0.000000000000000000e+00
0.000000000000000000e+00
0.000000000000000000e+00
0.000000000000000000e+00
0.000000000000000000e+00
1.389134033497052556e-19
-1.389134033497052556e-19
1.000000000028874249e-09
0.000000000000000000e+00
0.000000000000000000e+00
0.000000000000000000e+00
0.000000000000000000e+00
1.000000000028874249e-09
0.000000000000000000e+00
9.999999998899608458e-10
0.000000000000000000e+00
1.389134033497052556e-19
0.000000000000000000e+00
1.000000000028874249e-09
9.999999998899608458e-10
-1.000000000028874249e-09
1.000000000028874249e-09
0.000000000000000000e+00
1.000000000028874249e-09
0.000000000000000000e+00
9.999999998899608458e-10
0.000000000000000000e+00
0.000000000000000000e+00
1.000000000028874249e-09
0.000000000000000000e+00
1.389134033497052556e-19
0.000000000000000000e+00
9.999999998899608458e-10
0.000000000000000000e+00
1.000000000028874249e-09
0.000000000000000000e+00
0.000000000000000000e+00
1.000000000028874249e-09
1.000000000028874249e-09
0.000000000000000000e+00
0.000000000000000000e+00
1.000000000028874249e-09
0.000000000000000000e+00
0.000000000000000000e+00
9.999999998899608458e-10
0.000000000000000000e+00
1.000000000028874249e-09
0.000000000000000000e+00
0.000000000000000000e+00
1.000000000028874249e-09
9.999999998899608458e-10
1.389134033497052556e-19
0.000000000000000000e+00
0.000000000000000000e+00
9.999999998899608458e-10
0.000000000000000000e+00
1.000000000028874249e-09
-9.999999998899608458e-10
9.999999998899608458e-10
0.000000000000000000e+00
0.000000000000000000e+00
1.000000000028874249e-09
0.000000000000000000e+00
0.000000000000000000e+00
1.389134033497052556e-19
9.999999998899608458e-10
0.000000000000000000e+00
-1.000000000028874249e-09
0.000000000000000000e+00
8.999999999426811339e-10
1.000000000861931153e-10
2.000000000334728272e-10
-1.389134033497052556e-19
1.000000000861931153e-10
0.000000000000000000e+00
1.000000000861931153e-10
-1.389134033497052556e-19
0.000000000000000000e+00
-9.999999994727971193e-11
1.000000000861931153e-10
-1.000000000861931153e-10
0.000000000000000000e+00
-9.999999994727971193e-11
-9.999999994727971193e-11
-1.000000000861931153e-10
-9.999999994727971193e-11
-1.000000000861931153e-10
-2.000000000334728272e-10
-9.999999994727971193e-11
-2.000000000334728272e-10
-2.000000000334728272e-10
-1.999999998945594239e-10
-2.000000000334728272e-10
-1.999999998945594239e-10
-3.000000001196659425e-10
-1.999999998945594239e-10
-4.000000000669456544e-10
-2.000000000334728272e-10
-2.999999999807525391e-10
-2.999999999807525391e-10
-3.000000001196659425e-10
-3.999999999284557675e-10
-1.999999998945594239e-10
-4.000000000669456544e-10
-2.999999999811760556e-10
-3.000000001196659425e-10
-2.999999999811760556e-10
-3.999999999284557675e-10
-3.000000001196659425e-10
-2.999999998422626523e-10
-2.999999999811760556e-10
-2.999999999811760556e-10
-2.000000000338963437e-10
-2.999999999811760556e-10
-3.000000001196659425e-10
-2.000000000334728272e-10
-1.999999998945594239e-10
-3.000000001196659425e-10
-9.999999994727971193e-11
-1.000000000861931153e-10
-9.999999980878982505e-11
-1.000000000861931153e-10
-2.000000000334728272e-10
1.000000000861931153e-10
-1.389134033497052556e-19
0.000000000000000000e+00
1.000000000861931153e-10
1.000000000861931153e-10
9.999999994727971193e-11
2.000000000334728272e-10
2.999999998418391358e-10
2.000000000334728272e-10
3.000000001196659425e-10
2.999999999807525391e-10
2.999999999807525391e-10
4.000000000669456544e-10
4.999999998753119630e-10
4.000000000669456544e-10
3.999999999280322511e-10
5.000000000142253663e-10
5.000000000142253663e-10
5.999999999615050783e-10
6.000000001004184816e-10
5.999999999615050783e-10
5.999999999615050783e-10
5.999999999615050783e-10
6.000000001004184816e-10
5.999999999615050783e-10
6.999999999092083067e-10
7.000000000476981935e-10
5.999999999615050783e-10
7.000000000476981935e-10
7.000000000481217100e-10
7.000000000476981935e-10
6.999999999087847902e-10
7.000000000476981935e-10
5.999999999619285947e-10
7.000000000476981935e-10
7.000000000476981935e-10
5.999999998230151914e-10
7.000000000476981935e-10
6.000000001004184816e-10
5.999999999615050783e-10
6.000000001004184816e-10
5.999999998230151914e-10
5.000000000142253663e-10
6.000000001004184816e-10
5.999999999615050783e-10
4.000000000669456544e-10
5.999999999615050783e-10
5.000000000142253663e-10
3.999999999284557675e-10
5.000000000142253663e-10
4.000000000669456544e-10
4.999999998753119630e-10
3.000000001196659425e-10
4.000000000669456544e-10
3.999999999280322511e-10
4.000000000669456544e-10
3.999999999280322511e-10
4.000000000669456544e-10
2.999999998422626523e-10
3.999999999280322511e-10
3.000000001196659425e-10
3.999999999974889527e-10
2.000000000334728272e-10
3.999999999974889527e-10
2.999999999807525391e-10
2.999999999807525391e-10
2.999999999807525391e-10
3.000000000502092408e-10
2.999999999807525391e-10
3.000000000502092408e-10
2.999999999807525391e-10
2.999999999807525391e-10
3.000000000502092408e-10
1.999999998945594239e-10
3.000000000502092408e-10
2.999999999807525391e-10
1.999999999640161255e-10
3.000000000502092408e-10
2.999999999807525391e-10
2.000000000334728272e-10
1.999999999640161255e-10
2.000000000334728272e-10
1.999999999640161255e-10
3.000000000502092408e-10
9.999999994727971193e-11
1.000000000167364136e-10
1.999999999640161255e-10
1.000000000861931153e-10
1.999999999640161255e-10
0.000000000000000000e+00
1.000000000171599301e-10
9.999999994770322840e-11
0.000000000000000000e+00
0.000000000000000000e+00
0.000000000000000000e+00
1.000000000861931153e-10
-1.000000000861931153e-10
0.000000000000000000e+00
-9.999999994727971193e-11
-1.000000000167364136e-10
-1.000000000167364136e-10
-1.000000000167364136e-10
-9.999999994727971193e-11
-2.000000000334728272e-10
-9.999999994727971193e-11
-2.000000000334728272e-10
-1.000000000167364136e-10
-1.999999999640161255e-10
-2.000000000334728272e-10
-9.999999994727971193e-11
-2.000000001029295289e-10
-1.999999999640161255e-10
-1.999999999640161255e-10
-2.000000000334728272e-10
-2.000000000334728272e-10
-1.999999999640161255e-10
-1.000000000167364136e-10
-1.999999999640161255e-10
-1.000000000167364136e-10
-1.999999999644396420e-10
-1.000000000171599301e-10
-1.000000000167364136e-10
-1.000000000167364136e-10
-9.999999994727971193e-11
-1.000000000167364136e-10
0.000000000000000000e+00
-1.000000000167364136e-10
0.000000000000000000e+00
0.000000000000000000e+00
0.000000000000000000e+00
0.000000000000000000e+00
9.999999994727971193e-11
6.945670167485262780e-20
1.000000000167364136e-10
1.000000000167364136e-10
0.000000000000000000e+00
9.999999994727971193e-11
1.000000000167364136e-10
1.999999999640161255e-10
1.000000000167364136e-10
1.000000000167364136e-10
1.999999999640161255e-10
2.000000000334728272e-10
2.000000000334728272e-10
9.999999994727971193e-11
2.000000000334728272e-10
1.999999999640161255e-10
2.000000000334728272e-10
1.999999999640161255e-10
1.000000000167364136e-10
2.999999999807525391e-10
2.000000000334728272e-10
9.999999994727971193e-11
2.000000000334728272e-10
2.999999999807525391e-10
6.945670167485262780e-20
1.999999999640161255e-10
1.999999999987444764e-10
1.000000000167364136e-10
1.999999999987444764e-10
9.999999998200806276e-11
9.999999998200806276e-11
1.000000000167364136e-10
1.000000000167364136e-10
-3.472835083742631390e-20
1.000000000167364136e-10
1.000000000167364136e-10
0.000000000000000000e+00
0.000000000000000000e+00
0.000000000000000000e+00
0.000000000000000000e+00
0.000000000000000000e+00
-3.472835083742631390e-20
-9.999999998200806276e-11
-1.000000000167364136e-10
-9.999999998200806276e-11
0.000000000000000000e+00
-1.000000000167364136e-10
-9.999999998200806276e-11
-1.000000000167364136e-10
-1.000000000167364136e-10
-9.999999998243157924e-11
-9.999999998243157924e-11
-9.999999998243157924e-11
-1.999999999991679928e-10
-3.430483436379916373e-20
-9.999999998200806276e-11
-1.000000000167364136e-10
-1.000000000167364136e-10
3.430483436379916373e-20
0.000000000000000000e+00
-1.000000000167364136e-10
-9.999999998243157924e-11
-3.430483436379916373e-20
1.000000000514647644e-10
-1.000000000167364136e-10
-3.472835083742631390e-20
3.472835083742631390e-20
9.999999998200806276e-11
1.000000000167364136e-10
9.999999998200806276e-11
1.000000000167364136e-10
1.000000000167364136e-10
9.999999998200806276e-11
1.000000000167364136e-10
1.999999999813803009e-10
1.999999999987444764e-10
1.999999999987444764e-10
9.999999999937223818e-11
2.999999999981167145e-10
1.999999999987444764e-10
9.999999999937223818e-11
1.999999999987444764e-10
3.000000000154808900e-10
1.999999999813803009e-10
1.999999999987444764e-10
2.000000000161086518e-10
1.999999999987444764e-10
9.999999998200806276e-11
2.000000000161086518e-10
2.999999999981167145e-10
9.999999999937223818e-11
1.999999999987444764e-10
1.499999999905880278e-10
1.300000000179880411e-10
1.099999999941425610e-10
9.999999999937223818e-11
9.000000000460191534e-11
9.000000000460191534e-11
3.999999998755162083e-11
3.000000000167514394e-11
1.999999999801097515e-11
0.000000000000000000e+00
-2.999999999278129799e-11
-5.000000000815644856e-11
-8.000000000093774656e-11
-1.100000000026128905e-10
-1.399999999958177050e-10
-1.499999999990583573e-10
-1.699999999974928489e-10
-1.800000000003099847e-10
-2.100000000019851287e-10
-2.200000000009906163e-10
-2.599999999974360830e-10
-2.599999999974360830e-10
-2.800000000043409041e-10
-2.899999999948760622e-10
-3.200000000029039533e-10
-3.100000000013573669e-10
-3.199999999982452721e-10
-3.310000000000312204e-10
-3.260000000009519931e-10
-3.259999999996814437e-10
-3.265100000004726743e-10
-3.274899999997924534e-10
-3.260000000001049602e-10
-3.169999999996447686e-10
-3.100000000005103339e-10
-2.899999999991112270e-10
-3.000000000027753958e-10
-2.900000000016523258e-10
-2.599999999932009183e-10
-2.500000000026657602e-10
-2.399999999994251079e-10
-2.200000000009906163e-10
-2.099999999977499639e-10
-1.700000000059631784e-10
-1.600000000027225261e-10
-1.399999999953941885e-10
-1.300000000006238656e-10
-1.199999999973832133e-10
-9.000000000460191534e-11
-4.999999999968611909e-11
-3.999999999602195030e-11
-1.999999999801097515e-11
0.000000000000000000e+00
1.999999999801097515e-11
3.000000000167514394e-11
5.000000000815644856e-11
5.999999998598611246e-11
7.999999999289093356e-11
9.999999999937223818e-11
1.000000000167364136e-10
1.199999999889128839e-10
1.300000000184115575e-10
1.999999999987444764e-10
9.999999998200806276e-11
1.999999999987444764e-10
1.999999999987444764e-10
1.000000000167364136e-10
2.999999999981167145e-10
9.999999999937223818e-11
1.999999999987444764e-10
2.999999999981167145e-10
1.999999999987444764e-10
1.999999999987444764e-10
1.999999999987444764e-10
1.999999999987444764e-10
1.999999999987444764e-10
2.000000000161086518e-10
2.999999999981167145e-10
1.999999999813803009e-10
2.000000000334728272e-10
1.999999999987444764e-10
1.999999999640161255e-10
2.000000000334728272e-10
1.999999999640161255e-10
2.000000000334728272e-10
1.999999999640161255e-10
1.999999999987444764e-10
1.999999999987444764e-10
1.000000000514647644e-10
1.999999999644396420e-10
1.000000000167364136e-10
1.999999999987444764e-10
1.999999999991679928e-10
1.999999999991679928e-10
9.999999998243157924e-11
1.999999999991679928e-10
2.000000000334728272e-10
9.999999998200806276e-11
9.999999998200806276e-11
1.999999999987444764e-10
1.000000000167364136e-10
1.999999999987444764e-10
1.999999999987444764e-10
1.000000000167364136e-10
9.999999998200806276e-11
1.999999999987444764e-10
3.000000000154808900e-10
9.999999998200806276e-11
2.000000000334728272e-10
2.999999999807525391e-10
1.000000000167364136e-10
2.999999999807525391e-10
1.999999999987444764e-10
1.999999999987444764e-10
1.999999999987444764e-10
3.000000000154808900e-10
1.999999999987444764e-10
3.000000000154808900e-10
1.999999999640161255e-10
3.000000000154808900e-10
2.999999999807525391e-10
1.999999999987444764e-10
2.999999999807525391e-10
3.000000000502092408e-10
2.999999999807525391e-10
2.999999999807525391e-10
3.000000000154808900e-10
3.000000000154808900e-10
2.999999999807525391e-10
3.000000000502092408e-10
2.999999999117193539e-10
3.000000000502092408e-10
2.999999999807525391e-10
2.000000000334728272e-10
3.999999999974889527e-10
2.000000000334728272e-10
2.999999999807525391e-10
1.999999999640161255e-10
2.000000000334728272e-10
9.999999994727971193e-11
2.000000000334728272e-10
1.000000000167364136e-10
9.999999994727971193e-11
1.000000000167364136e-10
-1.000000000167364136e-10
0.000000000000000000e+00
-1.000000000167364136e-10
-1.999999999640161255e-10
-1.999999999640161255e-10
-2.000000000334728272e-10
-1.999999999640161255e-10
-3.999999999974889527e-10
-3.000000000502092408e-10
-3.999999999974889527e-10
-5.000000000142253663e-10
-4.999999999447686647e-10
-5.000000000836820680e-10
-5.999999999619285947e-10
-5.999999999619285947e-10
-8.000000000648581236e-10
-6.999999999092083067e-10
-7.000000001175784117e-10
-7.999999999259447203e-10
-7.999999999954014219e-10
-9.000000000121378355e-10
-9.999999999594175475e-10
-9.000000000121378355e-10
-1.100000000045610663e-09
-1.000000000028450733e-09
-1.099999999975730445e-09
-1.199999999992890375e-09
-1.099999999976153961e-09
-1.300000000009626788e-09
-1.300000000009626788e-09
-1.199999999992890375e-09
-1.400000000026363202e-09
-1.400000000026363202e-09
-1.299999999940170087e-09
-1.499999999973642914e-09
-1.400000000026363202e-09
-1.399999999956906500e-09
-1.500000000043099615e-09
-1.499999999973642914e-09
-1.400000000026363202e-09
-1.599999999990802844e-09
-1.499999999974066430e-09
-1.500000000043523132e-09
-1.499999999974066430e-09
-1.499999999973642914e-09
-1.500000000043099615e-09
-1.500000000043099615e-09
-1.399999999956906500e-09
-1.399999999956906500e-09
-1.500000000043099615e-09
-1.399999999956906500e-09
-1.400000000026363202e-09
-1.300000000009626788e-09
-1.300000000009626788e-09
-1.300000000009626788e-09
-1.199999999992890375e-09
-1.199999999992890375e-09
-1.100000000045610663e-09
-1.099999999976153961e-09
-9.999999999594175475e-10
-1.000000000028874249e-09
-1.000000000028874249e-09
-9.000000000121378355e-10
-7.999999999259447203e-10
-6.000000000309617799e-10
-7.000000000476981935e-10
-5.999999999615050783e-10
-5.999999999615050783e-10
-5.000000000142253663e-10
-2.999999999807525391e-10
-3.999999999974889527e-10
-2.000000000334728272e-10
-1.000000000167364136e-10
-2.000000000334728272e-10
6.945670167485262780e-20
1.999999999640161255e-10
2.000000000334728272e-10
2.999999999811760556e-10
3.999999999979124692e-10
4.000000000673691709e-10
5.000000000146488828e-10
5.999999998230151914e-10
7.000000000476981935e-10
8.999999999426811339e-10
9.000000002200844241e-10
9.999999998899608458e-10
1.099999999976153961e-09
1.200000000062347076e-09
1.300000000009626788e-09
1.399999999956906500e-09
1.499999999904186212e-09
1.500000000043099615e-09
1.699999999937659039e-09
1.800000000162765558e-09
1.699999999937659039e-09
1.999999999918835095e-09
2.000000000196238385e-09
2.099999999866114807e-09
2.199999999952307922e-09
2.200000000091221325e-09
2.299999999899587634e-09
2.399999999985780749e-09
2.399999999985780749e-09
2.500000000071973865e-09
2.500000000071973865e-09
2.699999999966956805e-09
2.600000000019253577e-09
2.600000000019253577e-09
2.699999999966956805e-09
2.800000000053149920e-09
2.799999999914236517e-09
2.600000000019253577e-09
2.900000000000429632e-09
2.699999999966533288e-09
2.700000000105446692e-09
2.800000000052726404e-09
2.699999999827619885e-09
2.600000000019253577e-09
2.699999999966533288e-09
2.600000000019253577e-09
2.500000000071973865e-09
2.599999999880340173e-09
2.400000000124694153e-09
2.399999999985780749e-09
2.200000000091221325e-09
2.299999999899587634e-09
2.100000000005028210e-09
2.000000000057748498e-09
2.000000000057748498e-09
1.899999999971555383e-09
1.800000000024275671e-09
1.699999999799169152e-09
1.600000000129292731e-09
1.399999999957330017e-09
1.399999999956906500e-09
1.300000000009626788e-09
1.099999999976153961e-09
1.100000000115067364e-09
9.999999998899608458e-10
8.999999999426811339e-10
7.000000000481217100e-10
7.000000000481217100e-10
5.000000000146488828e-10
4.000000000669456544e-10
3.999999999284557675e-10
2.000000000334728272e-10
1.999999998949829403e-10
1.389134033497052556e-19
0.000000000000000000e+00
-1.000000000861931153e-10
-2.999999999807525391e-10
-2.999999999807525391e-10
-3.000000001196659425e-10
-3.999999999280322511e-10
-4.999999998753119630e-10
-6.000000001004184816e-10
-7.000000000476981935e-10
-6.999999999092083067e-10
-7.000000000476981935e-10
-8.999999999426811339e-10
-8.999999999426811339e-10
-9.000000000815945372e-10
-1.000000000028450733e-09
-9.999999998899608458e-10
-1.100000000114643848e-09
-1.099999999976153961e-09
-1.300000000009626788e-09
-1.199999999923433673e-09
-1.200000000062347076e-09
-1.300000000009626788e-09
-1.399999999956906500e-09
-1.400000000095819904e-09
-1.299999999870713385e-09
-1.400000000095819904e-09
-1.599999999990379327e-09
-1.500000000043099615e-09
-1.500000000043099615e-09
-1.599999999851465924e-09
-1.600000000129292731e-09
-1.699999999938082556e-09
-1.700000000076572443e-09
-1.699999999938082556e-09
-1.699999999938082556e-09
-1.800000000023852155e-09
-1.799999999885362268e-09
-1.900000000248958673e-09
-1.799999999884938751e-09
-1.899999999971131867e-09
-1.899999999971555383e-09
-2.000000000057324982e-09
-2.100000000005028210e-09
-1.999999999918835095e-09
-2.100000000143941614e-09
-2.099999999866114807e-09
-2.200000000091221325e-09
-1.999999999918411578e-09
-2.999999999947285828e-09
-2.000000000196238385e-09
-1.999999999918835095e-09
-2.999999999947285828e-09
-1.000000000028450733e-09
-3.999999999976160077e-09
-2.000000000057748498e-09
-2.000000000057324982e-09
-2.999999999947709344e-09
-3.000000000086199231e-09
-2.999999999947709344e-09
-2.000000000057748498e-09
-2.999999999947709344e-09
-1.999999999918835095e-09
-3.999999999976583593e-09
-3.000000000086622747e-09
-2.999999999947709344e-09
-2.999999999947709344e-09
-3.000000000086622747e-09
-2.999999999947709344e-09
-2.000000000057748498e-09
-3.999999999976583593e-09
-3.000000000086199231e-09
-3.999999999837670190e-09
-3.000000000086199231e-09
-2.999999999947709344e-09
-3.999999999976160077e-09
-3.000000000086199231e-09
-2.999999999947709344e-09
-3.999999999976160077e-09
-4.000000000115073480e-09
-2.999999999947709344e-09
-3.000000000086199231e-09
-3.999999999976160077e-09
-3.999999999837246673e-09
-4.000000000115073480e-09
-2.999999999947285828e-09
-5.000000000005034326e-09
-2.999999999947285828e-09
-4.000000000115073480e-09
-3.999999999976160077e-09
-3.999999999976160077e-09
-3.999999999976160077e-09
-5.000000000005034326e-09
-3.000000000086199231e-09
-3.999999999976160077e-09
-5.000000000005034326e-09
-3.999999999976160077e-09
-3.999999999976160077e-09
-5.000000000005034326e-09
-4.000000000115073480e-09
-3.999999999976160077e-09
-5.000000000005034326e-09
-4.999999999866120922e-09
-4.000000000115073480e-09
-3.999999999976160077e-09
-5.000000000005034326e-09
-4.999999999866120922e-09
-3.999999999976160077e-09
-5.000000000143947729e-09
-3.999999999976160077e-09
-5.999999999894995172e-09
-3.999999999976160077e-09
-5.000000000005034326e-09
-4.000000000115073480e-09
-5.999999999894995172e-09
-3.999999999976160077e-09
-5.000000000005034326e-09
-4.000000000115073480e-09
-5.999999999894995172e-09
-4.000000000115073480e-09
-4.999999999866120922e-09
-4.000000000115073480e-09
-5.999999999894995172e-09
-4.000000000115073480e-09
-3.999999999837246673e-09
-5.000000000143524213e-09
-4.999999999866120922e-09
-5.000000000143524213e-09
-3.999999999837246673e-09
-4.000000000115073480e-09
-5.999999999894995172e-09
-4.000000000115073480e-09
-4.000000000115073480e-09
-3.999999999837246673e-09
-4.000000000115073480e-09
-4.999999999866120922e-09
-4.000000000115073480e-09
-3.999999999837246673e-09
-4.000000000115073480e-09
-4.000000000115073480e-09
-4.999999999866120922e-09
-3.000000000086199231e-09
-3.999999999837246673e-09
-4.000000000115073480e-09
-3.000000000086199231e-09
-2.999999999808795941e-09
-5.000000000143947729e-09
-2.999999999808795941e-09
-3.000000000086199231e-09
-3.000000000086199231e-09
-2.999999999808795941e-09
-3.000000000086199231e-09
-4.000000000115073480e-09
-2.999999999808795941e-09
-3.000000000086199231e-09
-2.000000000057324982e-09
-3.000000000086199231e-09
-1.999999999779921692e-09
-3.000000000086199231e-09
-2.000000000057324982e-09
-2.000000000057324982e-09
-1.999999999779921692e-09
-1.000000000028450733e-09
-1.000000000306277539e-09
0.000000000000000000e+00
0.000000000000000000e+00
1.000000000306277539e-09
9.999999997514709589e-10
2.000000000057324982e-09
3.000000000086199231e-09
3.999999999837246673e-09
5.000000000143524213e-09
5.999999999894995172e-09
8.000000000230146960e-09
8.999999999981194403e-09
1.000000000000964514e-08
1.199999999978999034e-08
1.300000000009626788e-08
1.599999999990506382e-08
1.799999999996238881e-08
1.899999999999126305e-08
2.100000000004858804e-08
2.300000000010633653e-08
2.599999999991513247e-08
2.599999999991470896e-08
2.800000000024986075e-08
3.099999999978125340e-08
3.300000000011640519e-08
3.400000000014527943e-08
3.499999999989632688e-08
3.699999999995365186e-08
3.699999999995407538e-08
3.900000000001140036e-08
3.900000000001140036e-08
4.100000000006872534e-08
4.000000000003985109e-08
4.100000000006872534e-08
4.099999999979132205e-08
4.000000000003985109e-08
3.900000000001097684e-08
3.900000000001140036e-08
3.799999999998252611e-08
3.699999999995407538e-08
3.600000000020260442e-08
3.499999999961850007e-08
3.200000000008753094e-08
3.100000000005908020e-08
3.000000000002978244e-08
2.700000000022141001e-08
2.599999999963730567e-08
2.400000000013478727e-08
2.100000000004901155e-08
2.099999999977118475e-08
1.800000000023979210e-08
1.699999999993351456e-08
1.500000000015359286e-08
1.299999999981886459e-08
1.100000000003894290e-08
1.000000000001006865e-08
9.000000000258597693e-09
7.999999999674916863e-09
7.000000000201272711e-09
5.000000000143524213e-09
4.999999999588717632e-09
3.000000000086199231e-09
4.000000000115073480e-09
1.999999999779921692e-09
2.000000000057324982e-09
2.000000000335151788e-09
9.999999997510474424e-10
1.000000000028450733e-09
1.000000000028450733e-09
0.000000000000000000e+00
1.000000000028874249e-09
0.000000000000000000e+00
0.000000000000000000e+00
0.000000000000000000e+00
0.000000000000000000e+00
0.000000000000000000e+00
0.000000000000000000e+00
