-9.999999997514709589e-10
1.000000000028874249e-09
-2.774032902257833610e-19
0.000000000000000000e+00
2.774032902257833610e-19
-1.000000000028874249e-09
9.999999997514709589e-10
2.774032902257833610e-19
0.000000000000000000e+00
-1.000000000306277539e-09
2.774032902257833610e-19
1.000000000028874249e-09
-2.774032902257833610e-19
-9.999999997514709589e-10
0.000000000000000000e+00
-2.774032902257833610e-19
0.000000000000000000e+00
2.774032902257833610e-19
-1.000000000028874249e-09
-2.774032902257833610e-19
2.774032902257833610e-19
0.000000000000000000e+00
-2.774032902257833610e-19
2.774032902257833610e-19
0.000000000000000000e+00
0.000000000000000000e+00
-1.000000000306277539e-09
2.774032902257833610e-19
0.000000000000000000e+00
0.000000000000000000e+00
-1.000000000028874249e-09
0.000000000000000000e+00
0.000000000000000000e+00
-1.000000000028450733e-09
1.000000000028874249e-09
-1.000000000028450733e-09
0.000000000000000000e+00
-9.999999997510474424e-10
9.999999997510474424e-10
-1.000000000028450733e-09
0.000000000000000000e+00
-1.000000000028450733e-09
1.000000000306277539e-09
-1.000000000306277539e-09
0.000000000000000000e+00
0.000000000000000000e+00
-9.999999997510474424e-10
0.000000000000000000e+00
-2.778268066994105112e-19
-1.000000000028874249e-09
0.000000000000000000e+00
-9.999999997510474424e-10
-1.000000000028874249e-09
1.000000000028874249e-09
-1.000000000028874249e-09
-2.778268066994105112e-19
-1.000000000028874249e-09
2.778268066994105112e-19
0.000000000000000000e+00
-1.000000000028874249e-09
0.000000000000000000e+00
-1.000000000028874249e-09
0.000000000000000000e+00
0.000000000000000000e+00
0.000000000000000000e+00
-1.000000000028450733e-09
0.000000000000000000e+00
0.000000000000000000e+00
0.000000000000000000e+00
0.000000000000000000e+00
-1.000000000028874249e-09
-1.000000000028874249e-09
1.000000000028874249e-09
-1.000000000028874249e-09
0.000000000000000000e+00
-1.000000000028874249e-09
0.000000000000000000e+00
0.000000000000000000e+00
0.000000000000000000e+00
-1.000000000028874249e-09
0.000000000000000000e+00
0.000000000000000000e+00
2.778268066994105112e-19
0.000000000000000000e+00
0.000000000000000000e+00
-1.000000000028874249e-09
1.000000000028874249e-09
-1.000000000028874249e-09
-1.000000000028874249e-09
1.000000000028874249e-09
0.000000000000000000e+00
-1.000000000028874249e-09
-2.778268066994105112e-19
1.000000000028874249e-09
-1.000000000028874249e-09
2.778268066994105112e-19
0.000000000000000000e+00
0.000000000000000000e+00
0.000000000000000000e+00
-1.000000000028450733e-09
-2.778268066994105112e-19
0.000000000000000000e+00
2.778268066994105112e-19
0.000000000000000000e+00
-1.000000000028450733e-09
0.000000000000000000e+00
0.000000000000000000e+00
-1.000000000028450733e-09
0.000000000000000000e+00
-1.000000000028450733e-09
0.000000000000000000e+00
0.000000000000000000e+00
-1.000000000028450733e-09
0.000000000000000000e+00
2.778268066994105112e-19
-2.000000000057324982e-09
-1.389134033497052556e-19
-1.000000000028450733e-09
0.000000000000000000e+00
0.000000000000000000e+00
-1.000000000028450733e-09
-1.000000000028874249e-09
1.389134033497052556e-19
0.000000000000000000e+00
-1.389134033497052556e-19
-1.000000000028874249e-09
-9.999999998899608458e-10
-1.000000000028874249e-09
0.000000000000000000e+00
-9.999999998899608458e-10
0.000000000000000000e+00
-1.389134033497052556e-19
0.000000000000000000e+00
-1.000000000028874249e-09
-9.999999998899608458e-10
0.000000000000000000e+00
0.000000000000000000e+00
-1.000000000028874249e-09
0.000000000000000000e+00
0.000000000000000000e+00
0.000000000000000000e+00
-1.000000000028874249e-09
0.000000000000000000e+00
0.000000000000000000e+00
-1.000000000028874249e-09
0.000000000000000000e+00
0.000000000000000000e+00
0.000000000000000000e+00
0.000000000000000000e+00
0.000000000000000000e+00
0.000000000000000000e+00
-1.000000000028874249e-09
0.000000000000000000e+00
0.000000000000000000e+00
1.389134033497052556e-19
-1.000000000028874249e-09
9.999999998899608458e-10
0.000000000000000000e+00
0.000000000000000000e+00
0.000000000000000000e+00
0.000000000000000000e+00
0.000000000000000000e+00
1.000000000028874249e-09
-9.999999998899608458e-10
9.999999998899608458e-10
1.389134033497052556e-19
-1.000000000028874249e-09
1.000000000028874249e-09
-1.389134033497052556e-19
0.000000000000000000e+00
0.000000000000000000e+00
0.000000000000000000e+00
1.389134033497052556e-19
0.000000000000000000e+00
9.999999998899608458e-10
0.000000000000000000e+00
0.000000000000000000e+00
0.000000000000000000e+00
0.000000000000000000e+00
0.000000000000000000e+00
1.000000000028874249e-09
-9.999999998899608458e-10
-1.389134033497052556e-19
0.000000000000000000e+00
0.000000000000000000e+00
0.000000000000000000e+00
-1.000000000028874249e-09
1.389134033497052556e-19
0.000000000000000000e+00
-1.389134033497052556e-19
1.389134033497052556e-19
-1.000000000028874249e-09
-1.389134033497052556e-19
-1.999999998945594239e-10
-2.999999999807525391e-10
-2.999999999807525391e-10
-4.000000000669456544e-10
-4.000000000669456544e-10
-3.999999999280322511e-10
-2.999999999807525391e-10
-4.000000000669456544e-10
-4.000000000669456544e-10
-3.999999997891188477e-10
-2.999999999807525391e-10
-4.000000002058590578e-10
-3.999999999280322511e-10
-3.999999999280322511e-10
-4.000000000669456544e-10
-2.999999999807525391e-10
-2.999999999807525391e-10
-4.000000000669456544e-10
-2.999999999807525391e-10
-2.999999999807525391e-10
-2.000000000334728272e-10
-2.999999999807525391e-10
-1.999999998945594239e-10
-2.000000000334728272e-10
-2.000000000334728272e-10
-2.000000000334728272e-10
-9.999999994727971193e-11
-2.000000000334728272e-10
0.000000000000000000e+00
-9.999999994727971193e-11
-9.999999994727971193e-11
-1.389134033497052556e-19
0.000000000000000000e+00
1.000000000861931153e-10
0.000000000000000000e+00
9.999999994727971193e-11
9.999999994727971193e-11
9.999999994727971193e-11
1.000000000861931153e-10
2.000000000338963437e-10
2.000000000334728272e-10
9.999999994727971193e-11
2.999999999807525391e-10
2.000000000334728272e-10
2.000000000334728272e-10
9.999999994727971193e-11
2.000000000334728272e-10
2.999999999811760556e-10
1.999999998949829403e-10
2.000000000338963437e-10
2.000000000334728272e-10
2.000000000334728272e-10
1.000000000861931153e-10
9.999999994727971193e-11
2.000000000334728272e-10
-1.389134033497052556e-19
1.000000000861931153e-10
0.000000000000000000e+00
0.000000000000000000e+00
0.000000000000000000e+00
0.000000000000000000e+00
-1.000000000861931153e-10
-9.999999994727971193e-11
-2.000000000334728272e-10
-9.999999994727971193e-11
-2.999999999807525391e-10
-2.000000000334728272e-10
-2.999999999811760556e-10
-2.999999999807525391e-10
-4.000000000669456544e-10
-2.999999999807525391e-10
-3.999999999284557675e-10
-4.000000000673691709e-10
-3.999999999284557675e-10
-4.000000000673691709e-10
-5.000000000146488828e-10
-5.000000000146488828e-10
-4.999999998757354795e-10
-5.000000000146488828e-10
-5.000000001531387697e-10
-3.999999999284557675e-10
-5.999999999619285947e-10
-5.000000000146488828e-10
-6.000000001004184816e-10
-4.999999998757354795e-10
-4.000000000673691709e-10
-4.999999998757354795e-10
-6.000000001004184816e-10
-5.999999999619285947e-10
-5.000000000146488828e-10
-6.000000001004184816e-10
-5.000000000146488828e-10
-5.999999998230151914e-10
-5.000000000146488828e-10
-5.999999999619285947e-10
-6.000000001004184816e-10
-5.999999999619285947e-10
-5.000000000146488828e-10
-5.000000000146488828e-10
-6.999999999092083067e-10
-5.000000000146488828e-10
-5.000000000146488828e-10
-6.000000001004184816e-10
-5.999999999619285947e-10
-5.000000000146488828e-10
-5.000000000146488828e-10
-5.999999999619285947e-10
-5.999999999619285947e-10
-5.000000000146488828e-10
-5.000000000146488828e-10
-5.000000000146488828e-10
-5.000000000146488828e-10
-5.000000000142253663e-10
-5.000000000146488828e-10
-4.000000000673691709e-10
-3.999999998589990659e-10
-6.000000000313852964e-10
-2.999999999811760556e-10
-3.999999999979124692e-10
-4.000000000673691709e-10
-2.999999999811760556e-10
-2.999999999811760556e-10
-3.000000000506327573e-10
-1.999999998949829403e-10
-3.000000000502092408e-10
-1.000000000167364136e-10
-1.999999999640161255e-10
-1.000000000167364136e-10
-1.000000000167364136e-10
0.000000000000000000e+00
-1.000000000167364136e-10
1.000000000167364136e-10
1.000000000167364136e-10
1.000000000167364136e-10
-6.945670167485262780e-20
2.000000001029295289e-10
9.999999994727971193e-11
3.000000000502092408e-10
1.999999998945594239e-10
2.000000000334728272e-10
3.999999999979124692e-10
2.000000000338963437e-10
3.999999999979124692e-10
2.999999999811760556e-10
2.999999999811760556e-10
3.999999999979124692e-10
3.999999999974889527e-10
3.999999999974889527e-10
3.999999999974889527e-10
4.000000000669456544e-10
2.999999999807525391e-10
4.999999999447686647e-10
4.000000000669456544e-10
2.999999999807525391e-10
3.999999999280322511e-10
3.000000000502092408e-10
2.999999999807525391e-10
2.000000000334728272e-10
3.999999999974889527e-10
2.000000000334728272e-10
1.999999999640161255e-10
2.000000000334728272e-10
9.999999994727971193e-11
2.000000000334728272e-10
9.999999994727971193e-11
1.000000000167364136e-10
0.000000000000000000e+00
0.000000000000000000e+00
0.000000000000000000e+00
-9.999999994727971193e-11
-6.945670167485262780e-20
-1.999999999640161255e-10
-9.999999994770322840e-11
-1.000000000167364136e-10
-2.000000000338963437e-10
-2.000000000334728272e-10
-2.999999999807525391e-10
-2.999999999807525391e-10
-2.999999999807525391e-10
-3.000000000502092408e-10
-3.999999999974889527e-10
-3.999999999974889527e-10
-3.999999999974889527e-10
-3.999999999280322511e-10
-5.000000000836820680e-10
-3.999999999974889527e-10
-4.999999999447686647e-10
-5.000000000142253663e-10
-5.000000000142253663e-10
-4.999999999451921811e-10
-5.000000000841055845e-10
-5.999999999619285947e-10
-3.999999999979124692e-10
-5.999999999619285947e-10
-5.000000000841055845e-10
-5.000000000146488828e-10
-4.999999999451921811e-10
-5.999999999619285947e-10
-5.000000000146488828e-10
-3.999999999979124692e-10
-5.000000000146488828e-10
-5.000000000146488828e-10
-3.999999999979124692e-10
-5.000000000146488828e-10
-5.000000000146488828e-10
-3.999999999979124692e-10
-3.999999999979124692e-10
-5.000000000146488828e-10
-2.999999999811760556e-10
-4.999999999451921811e-10
-3.000000000506327573e-10
-4.999999999799205320e-10
-3.999999999979124692e-10
-2.999999999811760556e-10
-4.000000000322173036e-10
-3.999999999979124692e-10
-5.000000000142253663e-10
-3.999999999974889527e-10
-4.999999999799205320e-10
-4.000000000322173036e-10
-3.999999999627606019e-10
-5.000000000142253663e-10
-5.999999999962334291e-10
-5.000000000142253663e-10
-5.999999999962334291e-10
-4.999999999794970155e-10
-5.000000000142253663e-10
-5.999999999962334291e-10
-7.000000000129698427e-10
-6.999999999782414919e-10
-5.999999999962334291e-10
-6.000000000309617799e-10
-7.999999999602495546e-10
-8.000000000297062563e-10
-7.000000000129698427e-10
-7.999999999954014219e-10
-7.999999999954014219e-10
-6.999999999786650083e-10
-9.000000000121378355e-10
-9.000000000117143191e-10
-8.999999999774094847e-10
-8.000000000297062563e-10
-9.999999999941458983e-10
-7.999999999954014219e-10
-8.999999999774094847e-10
-9.999999999941458983e-10
-9.000000000121378355e-10
-1.000000000028450733e-09
-7.999999999602495546e-10
-1.000000000028450733e-09
-9.000000000117143191e-10
-8.999999999769859682e-10
-9.000000000117143191e-10
-8.999999999769859682e-10
-8.000000000297062563e-10
-8.999999999769859682e-10
-7.999999999949779055e-10
-9.000000000117143191e-10
-7.999999999949779055e-10
-6.999999999956056673e-10
-6.999999999956056673e-10
-7.000000000133933592e-10
-5.999999999962334291e-10
-5.999999999966569456e-10
-4.999999999968611909e-10
-6.000000000140211210e-10
-3.999999999974889527e-10
-3.999999999979124692e-10
-2.999999999981167145e-10
-2.999999999981167145e-10
-9.999999999937223818e-11
-9.999999999937223818e-11
-9.999999999937223818e-11
9.999999999937223818e-11
1.999999999987444764e-10
1.000000000167364136e-10
3.999999999801247773e-10
3.399999999945621813e-10
4.700000000125502224e-10
5.699999999945582852e-10
6.500000000048133941e-10
7.699999999937262780e-10
8.500000000035578705e-10
9.500000000029301087e-10
1.049999999993832017e-09
1.160000000004915237e-09
1.259999999995817146e-09
1.360000000004083230e-09
1.489999999996236766e-09
1.579999999992368352e-09
1.680000000000634436e-09
1.770000000004812835e-09
1.890000000002619565e-09
1.990000000001991803e-09
2.079999999998123389e-09
2.180000000001730792e-09
2.259999999994621726e-09
2.350000000003458806e-09
2.430000000000161387e-09
2.520000000000951655e-09
2.590000000002883914e-09
2.639999999995793769e-09
2.729999999998701618e-09
2.790000000001628390e-09
2.850000000000743513e-09
2.914999999999784896e-09
2.964999999999894532e-09
3.005779999999592960e-09
3.043219999999881054e-09
3.076999999999174498e-09
3.106000000000186764e-09
3.127999999999947012e-09
3.160000000002100880e-09
3.179999999995876690e-09
3.190000000003352507e-09
3.220000000000792487e-09
3.220000000001216003e-09
3.189999999999540859e-09
3.189999999999540859e-09
3.170000000005341532e-09
3.169999999996871203e-09
3.129999999991955406e-09
3.120000000005655413e-09
3.069999999997498965e-09
3.030000000001053498e-09
2.989999999996137702e-09
2.940000000005345428e-09
2.880000000001995140e-09
2.819999999999068369e-09
2.750000000001371275e-09
2.699999999992791310e-09
2.610000000005553570e-09
2.539999999998539113e-09
2.459999999989131037e-09
2.390000000008374602e-09
2.309999999998543009e-09
2.219999999993941094e-09
2.150000000013184659e-09
2.109999999999798533e-09
2.000000000005655972e-09
1.799999999989123804e-09
1.800000000006487979e-09
1.799999999989123804e-09
1.600000000007743503e-09
1.600000000007743503e-09
1.399999999991634851e-09
1.399999999991634851e-09
1.300000000009626788e-09
1.199999999992890375e-09
1.100000000010882312e-09
1.099999999993518136e-09
8.999999999947736601e-10
7.999999999949779055e-10
8.000000000123420809e-10
6.999999999956056673e-10
5.999999999962334291e-10
5.000000000315895417e-10
3.999999999974889527e-10
1.999999999640161255e-10
3.000000000154808900e-10
9.999999998200806276e-11
1.000000000167364136e-10
0.000000000000000000e+00
-1.000000000167364136e-10
-1.999999999991679928e-10
-3.999999999631841184e-10
-3.000000000154808900e-10
-5.000000000146488828e-10
-5.999999999619285947e-10
-6.000000000309617799e-10
-7.000000000129698427e-10
-7.999999999949779055e-10
-8.999999999769859682e-10
-9.000000000117143191e-10
-1.100000000010882312e-09
-1.199999999992890375e-09
-1.300000000009626788e-09
-1.299999999974898437e-09
-1.500000000008371265e-09
-1.500000000008371265e-09
-1.699999999972387390e-09
-1.800000000023852155e-09
-1.900000000005860217e-09
-1.899999999971555383e-09
-2.100000000005028210e-09
-2.300000000003772687e-09
-2.200000000021764624e-09
-2.499999999967788812e-09
-2.400000000020509100e-09
-2.700000000001261639e-09
-2.799999999983269702e-09
-2.900000000000006116e-09
-3.000000000017166046e-09
-3.199999999981182171e-09
-3.099999999999174108e-09
-3.400000000014654998e-09
-3.499999999996663061e-09
-3.499999999996663061e-09
-3.800000000012143951e-09
-3.800000000012143951e-09
-3.899999999994152014e-09
-3.999999999976583593e-09
-4.200000000010056420e-09
-4.299999999992064483e-09
-4.300000000026792834e-09
-4.499999999990808959e-09
-4.499999999990808959e-09
-4.700000000023858270e-09
-4.799999999971561499e-09
-4.899999999988297912e-09
-5.100000000021770739e-09
-5.000000000005034326e-09
-5.299999999986210381e-09
-5.299999999986210381e-09
-5.500000000019683209e-09
-5.599999999966962921e-09
-5.700000000053156036e-09
-5.699999999983699334e-09
-5.999999999964451873e-09
-5.900000000017172161e-09
-6.000000000033908575e-09
-6.300000000014661114e-09
-6.199999999997924700e-09
-6.399999999961940826e-09
-6.500000000048133941e-09
-6.599999999925956952e-09
-6.600000000064870355e-09
-6.799999999959429779e-09
-6.799999999959429779e-09
-6.800000000098343182e-09
-7.099999999940182318e-09
-7.000000000062359308e-09
-7.199999999956918731e-09
-7.100000000009639020e-09
-7.399999999990815075e-09
-7.299999999974078662e-09
-7.500000000007551489e-09
-7.500000000007551489e-09
-7.600000000024287902e-09
-7.699999999971567614e-09
-7.699999999971567614e-09
-7.800000000057760730e-09
-7.999999999952320153e-09
-8.000000000021776855e-09
-8.199999999985792981e-09
-8.200000000055249682e-09
-8.299999999933072693e-09
-8.500000000036425738e-09
-8.599999999983705450e-09
-8.700000000069898565e-09
-8.899999999964457989e-09
-8.799999999947721575e-09
-9.200000000014667230e-09
-9.200000000014667230e-09
-9.299999999961946942e-09
-9.600000000012156182e-09
-9.499999999995419769e-09
-9.800000000045629010e-09
-9.899999999993332238e-09
-1.000000000000964514e-08
-1.010000000002680507e-08
-1.039999999993852442e-08
-1.050000000002471753e-08
-1.059999999997199725e-08
-1.070000000005819036e-08
-1.099999999996948620e-08
-1.100000000003894290e-08
-1.129999999995023874e-08
-1.120000000000295903e-08
-1.139999999996697515e-08
-1.160000000000044798e-08
-1.149999999998371157e-08
-1.160000000000044798e-08
-1.150000000005316827e-08
-1.139999999996697515e-08
-1.140000000003643185e-08
-1.120000000000295903e-08
-1.079999999993601337e-08
-1.060000000011048713e-08
-1.019999999997408478e-08
-9.599999999943122997e-09
-9.000000000050651104e-09
-8.400000000019689324e-09
-7.500000000007551489e-09
-6.599999999926380468e-09
-5.500000000088716394e-09
-4.399999999973649029e-09
-3.099999999964022241e-09
-1.799999999954395453e-09
-3.000000000502092408e-10
1.400000000026363202e-09
2.900000000000006116e-09
4.699999999954825085e-09
6.499999999978677240e-09
8.199999999985792981e-09
1.010000000002680507e-08
1.199999999999793693e-08
1.370000000007450937e-08
1.549999999996029516e-08
1.710000000002013119e-08
1.870000000001051052e-08
2.010000000010633042e-08
2.149999999978541011e-08
2.280000000007286371e-08
2.389999999991010426e-08
2.470000000018290898e-08
2.529999999986743428e-08
2.590000000010634265e-08
2.610000000000132559e-08
2.610000000000132559e-08
2.600000000005404588e-08
2.569999999979504302e-08
2.490000000007789192e-08
2.419999999989085680e-08
2.330000000022600248e-08
2.199999999993854888e-08
2.079999999987662532e-08
1.940000000019669860e-08
1.779999999992891598e-08
1.619999999993853665e-08
1.440000000005317438e-08
1.269999999997660194e-08
1.099999999990002950e-08
9.100000000067387518e-09
7.399999999990815075e-09
5.500000000019259692e-09
3.799999999943110766e-09
2.100000000143518097e-09
5.999999999615050783e-10
-1.000000000028450733e-09
-2.300000000038077521e-09
-3.499999999961934710e-09
-5.000000000143524213e-09
-5.799999999861098828e-09
-6.900000000115079596e-09
-7.699999999832654211e-09
-8.400000000019265808e-09
-9.100000000067387518e-09
-9.599999999942699481e-09
-1.010000000009626177e-08
-1.049999999988538061e-08
-1.070000000005776685e-08
-1.100000000003894290e-08
-1.109999999984730921e-08
-1.130000000001969544e-08
-1.139999999996697515e-08
-1.140000000010588856e-08
-1.130000000001969544e-08
-1.139999999996697515e-08
-1.130000000001969544e-08
-1.119999999993350232e-08
-1.120000000007199221e-08
-1.109999999998622261e-08
-1.100000000003851938e-08
-1.099999999989960598e-08
-1.070000000005776685e-08
-1.080000000000504656e-08
-1.070000000005776685e-08
-1.059999999983266033e-08
-1.040000000007701431e-08
-1.040000000007701431e-08
-1.029999999999082119e-08
-1.019999999990462808e-08
-1.020000000004354148e-08
-1.000000000001006865e-08
-1.000000000001006865e-08
-9.900000000062365423e-09
-9.799999999976172308e-09
-9.699999999889979193e-09
-9.600000000081612884e-09
-9.499999999995419769e-09
-9.499999999995419769e-09
-9.299999999961946942e-09
-9.200000000153580633e-09
-9.099999999928474114e-09
-8.999999999981194403e-09
-8.900000000033914691e-09
-8.900000000033914691e-09
-8.599999999914248748e-09
-8.600000000052738635e-09
-8.399999999880775921e-09
-8.300000000072409612e-09
-8.199999999986216497e-09
-8.100000000038513269e-09
-7.899999999866550555e-09
-7.700000000110057501e-09
-7.600000000024287902e-09
-7.600000000024287902e-09
-7.299999999904621960e-09
-7.199999999957342248e-09
-7.100000000010062536e-09
-6.899999999976589709e-09
-6.700000000081606768e-09
-6.599999999995413653e-09
-6.300000000014661114e-09
-6.399999999961940826e-09
-6.000000000033908575e-09
-5.900000000086205347e-09
-5.699999999913819116e-09
-5.600000000105452807e-09
-5.499999999880769805e-09
-5.200000000038507153e-09
-5.000000000005034326e-09
-4.799999999971561499e-09
-4.799999999971561499e-09
-4.499999999990385443e-09
-4.400000000043105731e-09
-4.200000000009632904e-09
-3.900000000028880365e-09
-3.899999999890390478e-09
-3.700000000133897424e-09
-3.499999999823021307e-09
-3.300000000067375287e-09
-3.200000000119672058e-09
-2.999999999947285828e-09
-2.000000000057748498e-09
-2.999999999947285828e-09
-2.999999999947285828e-09
-2.000000000057324982e-09
-2.999999999947285828e-09
-2.000000000057324982e-09
-9.999999998899608458e-10
-3.000000000086199231e-09
-1.000000000028874249e-09
-2.000000000057324982e-09
-9.999999998899608458e-10
-2.000000000057748498e-09
-1.000000000028874249e-09
-1.000000000028874249e-09
-1.000000000028874249e-09
-9.999999997510474424e-10
-1.000000000028874249e-09
-1.000000000028874249e-09
-1.389134033497052556e-19
-9.999999998899608458e-10
0.000000000000000000e+00
0.000000000000000000e+00
-1.389134033497052556e-19
1.384898868760781054e-19
-1.000000000028450733e-09
0.000000000000000000e+00
1.000000000028874249e-09
0.000000000000000000e+00
0.000000000000000000e+00
9.999999998899608458e-10
1.000000000028450733e-09
1.389134033497052556e-19
-1.389134033497052556e-19
1.000000000028450733e-09
1.000000000028874249e-09
0.000000000000000000e+00
1.000000000028874249e-09
9.999999998899608458e-10
1.000000000028874249e-09
0.000000000000000000e+00
1.000000000167787652e-09
1.999999999779921692e-09
1.389134033497052556e-19
2.000000000057748498e-09
0.000000000000000000e+00
1.000000000028874249e-09
1.999999999779921692e-09
1.000000000028874249e-09
1.000000000028874249e-09
1.000000000028874249e-09
1.000000000028874249e-09
1.000000000028874249e-09
9.999999998899608458e-10
2.000000000057324982e-09
0.000000000000000000e+00
1.999999999918835095e-09
1.000000000028874249e-09
1.000000000028874249e-09
1.000000000028450733e-09
2.000000000057324982e-09
1.000000000028874249e-09
9.999999998899608458e-10
2.000000000057324982e-09
0.000000000000000000e+00
2.000000000057324982e-09
9.999999998899608458e-10
2.000000000057324982e-09
1.000000000028450733e-09
1.000000000028874249e-09
9.999999998899608458e-10
2.000000000057324982e-09
1.000000000028450733e-09
1.999999999918411578e-09
1.000000000028874249e-09
1.999999999918411578e-09
1.000000000167364136e-09
9.999999998899608458e-10
2.000000000196238385e-09
9.999999997514709589e-10
2.000000000057748498e-09
1.000000000028874249e-09
2.000000000057748498e-09
1.000000000028450733e-09
1.000000000028874249e-09
1.999999999779921692e-09
1.000000000028450733e-09
2.000000000057748498e-09
1.000000000028450733e-09
2.000000000057748498e-09
9.999999997510474424e-10
2.000000000335151788e-09
9.999999997510474424e-10
1.000000000028450733e-09
2.000000000057748498e-09
1.999999999779921692e-09
1.000000000306277539e-09
9.999999997510474424e-10
2.000000000057324982e-09
1.000000000028450733e-09
1.000000000028450733e-09
2.000000000057324982e-09
1.000000000028874249e-09
1.999999999779921692e-09
1.000000000306277539e-09
9.999999997510474424e-10
1.000000000028874249e-09
1.000000000306277539e-09
9.999999997510474424e-10
2.000000000057748498e-09
-2.774032902257833610e-19
2.000000000335151788e-09
0.000000000000000000e+00
1.999999999779921692e-09
1.000000000028874249e-09
1.000000000306277539e-09
9.999999997514709589e-10
1.000000000028874249e-09
1.000000000028450733e-09
9.999999997514709589e-10
1.000000000306277539e-09
1.000000000028874249e-09
1.000000000028450733e-09
9.999999997510474424e-10
1.000000000028450733e-09
0.000000000000000000e+00
1.000000000028450733e-09
2.778268066994105112e-19
1.999999999779921692e-09
0.000000000000000000e+00
1.000000000028874249e-09
0.000000000000000000e+00
1.000000000028874249e-09
0.000000000000000000e+00
1.000000000028874249e-09
0.000000000000000000e+00
0.000000000000000000e+00
1.000000000028874249e-09
0.000000000000000000e+00
0.000000000000000000e+00
1.000000000028874249e-09
1.000000000028874249e-09
0.000000000000000000e+00
0.000000000000000000e+00
1.000000000028874249e-09
-2.774032902257833610e-19
0.000000000000000000e+00
-1.000000000028874249e-09
1.000000000028874249e-09
0.000000000000000000e+00
0.000000000000000000e+00
1.000000000028874249e-09
-9.999999997510474424e-10
-2.778268066994105112e-19
0.000000000000000000e+00
0.000000000000000000e+00
0.000000000000000000e+00
2.778268066994105112e-19
9.999999997510474424e-10
-1.000000000028450733e-09
0.000000000000000000e+00
2.774032902257833610e-19
0.000000000000000000e+00
-2.774032902257833610e-19
0.000000000000000000e+00
-9.999999997510474424e-10
9.999999997510474424e-10
0.000000000000000000e+00
0.000000000000000000e+00
2.774032902257833610e-19
-2.774032902257833610e-19
-1.000000000028450733e-09
2.774032902257833610e-19
-1.000000000028874249e-09
9.999999997514709589e-10
2.774032902257833610e-19
0.000000000000000000e+00
-2.774032902257833610e-19
-1.000000000028874249e-09
2.774032902257833610e-19
-2.774032902257833610e-19
0.000000000000000000e+00
1.000000000306277539e-09
-1.000000000306277539e-09
0.000000000000000000e+00
2.774032902257833610e-19
0.000000000000000000e+00
9.999999997514709589e-10
-9.999999997514709589e-10
0.000000000000000000e+00
-2.774032902257833610e-19
0.000000000000000000e+00
1.000000000306277539e-09
0.000000000000000000e+00
