-5.000000000000000000e+04 -4.000000000279821388e-11
-4.990000000000000000e+04 4.000000000279821388e-11
-4.980000000000000000e+04 -9.999999997989048039e-11
-4.970000000000000000e+04 -1.000000000205480619e-10
-4.960000000000000000e+04 -4.065758146820641628e-20
-4.950000000000000000e+04 6.776263578034402713e-20
-4.940000000000000000e+04 -1.000000000205480619e-10
-4.930000000000000000e+04 -1.000000000205480619e-10
-4.920000000000000000e+04 0.000000000000000000e+00
-4.910000000000000000e+04 -6.776263578034402713e-20
-4.900000000000000000e+04 -9.999999981726015452e-11
-4.890000000000000000e+04 0.000000000000000000e+00
-4.880000000000000000e+04 -1.355252715606880543e-19
-4.870000000000000000e+04 -9.999999995278542608e-11
-4.860000000000000000e+04 0.000000000000000000e+00
-4.850000000000000000e+04 -4.000000000686397203e-10
-4.840000000000000000e+04 1.000000000029297766e-09
-4.830000000000000000e+04 0.000000000000000000e+00
-4.820000000000000000e+04 0.000000000000000000e+00
-4.810000000000000000e+04 0.000000000000000000e+00
-4.800000000000000000e+04 -9.999999997582472225e-10
-4.790000000000000000e+04 -2.710505431213761085e-19
-4.780000000000000000e+04 0.000000000000000000e+00
-4.770000000000000000e+04 0.000000000000000000e+00
-4.760000000000000000e+04 0.000000000000000000e+00
-4.750000000000000000e+04 2.710505431213761085e-19
-4.740000000000000000e+04 -2.710505431213761085e-19
-4.730000000000000000e+04 0.000000000000000000e+00
-4.720000000000000000e+04 0.000000000000000000e+00
-4.710000000000000000e+04 0.000000000000000000e+00
-4.700000000000000000e+04 0.000000000000000000e+00
-4.690000000000000000e+04 0.000000000000000000e+00
-4.680000000000000000e+04 0.000000000000000000e+00
-4.670000000000000000e+04 0.000000000000000000e+00
-4.660000000000000000e+04 -9.999999997582472225e-10
-4.650000000000000000e+04 -2.710505431213761085e-19
-4.640000000000000000e+04 0.000000000000000000e+00
-4.630000000000000000e+04 0.000000000000000000e+00
-4.620000000000000000e+04 0.000000000000000000e+00
-4.610000000000000000e+04 0.000000000000000000e+00
-4.600000000000000000e+04 0.000000000000000000e+00
-4.590000000000000000e+04 0.000000000000000000e+00
-4.580000000000000000e+04 5.556536133988210224e-19
-4.570000000000000000e+04 -5.556536133988210224e-19
-4.560000000000000000e+04 0.000000000000000000e+00
-4.550000000000000000e+04 0.000000000000000000e+00
-4.540000000000000000e+04 0.000000000000000000e+00
-4.530000000000000000e+04 0.000000000000000000e+00
-4.520000000000000000e+04 0.000000000000000000e+00
-4.510000000000000000e+04 0.000000000000000000e+00
-4.500000000000000000e+04 0.000000000000000000e+00
-4.490000000000000000e+04 5.556536133988210224e-19
-4.480000000000000000e+04 -5.556536133988210224e-19
-4.470000000000000000e+04 0.000000000000000000e+00
-4.460000000000000000e+04 0.000000000000000000e+00
-4.450000000000000000e+04 0.000000000000000000e+00
-4.440000000000000000e+04 0.000000000000000000e+00
-4.430000000000000000e+04 0.000000000000000000e+00
-4.420000000000000000e+04 0.000000000000000000e+00
-4.410000000000000000e+04 0.000000000000000000e+00
-4.400000000000000000e+04 5.556536133988210224e-19
-4.390000000000000000e+04 -5.556536133988210224e-19
-4.380000000000000000e+04 0.000000000000000000e+00
-4.370000000000000000e+04 -1.000000000029297766e-09
-4.360000000000000000e+04 0.000000000000000000e+00
-4.350000000000000000e+04 0.000000000000000000e+00
-4.340000000000000000e+04 0.000000000000000000e+00
-4.330000000000000000e+04 0.000000000000000000e+00
-4.320000000000000000e+04 0.000000000000000000e+00
-4.310000000000000000e+04 0.000000000000000000e+00
-4.300000000000000000e+04 5.556536133988210224e-19
-4.290000000000000000e+04 -5.556536133988210224e-19
-4.280000000000000000e+04 0.000000000000000000e+00
-4.270000000000000000e+04 0.000000000000000000e+00
-4.260000000000000000e+04 0.000000000000000000e+00
-4.250000000000000000e+04 0.000000000000000000e+00
-4.240000000000000000e+04 -5.556536133988210224e-19
-4.230000000000000000e+04 -9.999999994736441522e-10
-4.220000000000000000e+04 0.000000000000000000e+00
-4.210000000000000000e+04 0.000000000000000000e+00
-4.200000000000000000e+04 1.000000000584951379e-09
-4.190000000000000000e+04 -1.111307226797642045e-18
-4.180000000000000000e+04 1.111307226797642045e-18
-4.170000000000000000e+04 -1.111307226797642045e-18
-4.160000000000000000e+04 1.111307226797642045e-18
-4.150000000000000000e+04 0.000000000000000000e+00
-4.140000000000000000e+04 -1.111307226797642045e-18
-4.130000000000000000e+04 1.111307226797642045e-18
-4.120000000000000000e+04 -1.111307226797642045e-18
-4.110000000000000000e+04 1.111307226797642045e-18
-4.100000000000000000e+04 -1.111307226797642045e-18
-4.090000000000000000e+04 1.111307226797642045e-18
-4.080000000000000000e+04 -1.000000000584951379e-09
-4.070000000000000000e+04 1.111307226797642045e-18
-4.060000000000000000e+04 -1.111307226797642045e-18
-4.050000000000000000e+04 0.000000000000000000e+00
-4.040000000000000000e+04 0.000000000000000000e+00
-4.030000000000000000e+04 0.000000000000000000e+00
-4.020000000000000000e+04 0.000000000000000000e+00
-4.010000000000000000e+04 0.000000000000000000e+00
-4.000000000000000000e+04 0.000000000000000000e+00
-3.990000000000000000e+04 0.000000000000000000e+00
-3.980000000000000000e+04 0.000000000000000000e+00
-3.970000000000000000e+04 0.000000000000000000e+00
-3.960000000000000000e+04 1.111307226797642045e-18
-3.950000000000000000e+04 -1.111307226797642045e-18
-3.940000000000000000e+04 -1.000000000584951379e-09
-3.930000000000000000e+04 1.111307226797642045e-18
-3.920000000000000000e+04 -1.111307226797642045e-18
-3.910000000000000000e+04 1.111307226797642045e-18
-3.900000000000000000e+04 -1.111307226797642045e-18
-3.890000000000000000e+04 1.111307226797642045e-18
-3.880000000000000000e+04 1.000000000584951379e-09
-3.870000000000000000e+04 -1.111307226797642045e-18
-3.860000000000000000e+04 0.000000000000000000e+00
-3.850000000000000000e+04 0.000000000000000000e+00
-3.840000000000000000e+04 0.000000000000000000e+00
-3.830000000000000000e+04 0.000000000000000000e+00
-3.820000000000000000e+04 0.000000000000000000e+00
-3.810000000000000000e+04 0.000000000000000000e+00
-3.800000000000000000e+04 0.000000000000000000e+00
-3.790000000000000000e+04 -9.999999994736441522e-10
-3.780000000000000000e+04 0.000000000000000000e+00
-3.770000000000000000e+04 -1.111307226797642045e-18
-3.760000000000000000e+04 1.111307226797642045e-18
-3.750000000000000000e+04 -1.111307226797642045e-18
-3.740000000000000000e+04 1.111307226797642045e-18
-3.730000000000000000e+04 -1.111307226797642045e-18
-3.720000000000000000e+04 1.111307226797642045e-18
-3.710000000000000000e+04 -1.111307226797642045e-18
-3.700000000000000000e+04 1.111307226797642045e-18
-3.690000000000000000e+04 0.000000000000000000e+00
-3.680000000000000000e+04 0.000000000000000000e+00
-3.670000000000000000e+04 0.000000000000000000e+00
-3.660000000000000000e+04 -1.111307226797642045e-18
-3.650000000000000000e+04 1.111307226797642045e-18
-3.640000000000000000e+04 -1.000000000584951379e-09
-3.630000000000000000e+04 0.000000000000000000e+00
-3.620000000000000000e+04 0.000000000000000000e+00
-3.610000000000000000e+04 0.000000000000000000e+00
-3.600000000000000000e+04 0.000000000000000000e+00
-3.590000000000000000e+04 1.111307226797642045e-18
-3.580000000000000000e+04 -1.111307226797642045e-18
-3.570000000000000000e+04 0.000000000000000000e+00
-3.560000000000000000e+04 9.999999994736441522e-10
-3.550000000000000000e+04 1.111307226797642045e-18
-3.540000000000000000e+04 -1.111307226797642045e-18
-3.530000000000000000e+04 1.111307226797642045e-18
-3.520000000000000000e+04 -1.111307226797642045e-18
-3.510000000000000000e+04 1.111307226797642045e-18
-3.500000000000000000e+04 0.000000000000000000e+00
-3.490000000000000000e+04 -9.999999994736441522e-10
-3.480000000000000000e+04 -1.111307226797642045e-18
-3.470000000000000000e+04 -4.000000001228498289e-09
-3.460000000000000000e+04 0.000000000000000000e+00
-3.450000000000000000e+04 1.000000000140428488e-08
-3.440000000000000000e+04 -1.000000000140428488e-08
-3.430000000000000000e+04 1.000000000140428488e-08
-3.420000000000000000e+04 -9.999999999181670429e-09
-3.410000000000000000e+04 0.000000000000000000e+00
-3.400000000000000000e+04 0.000000000000000000e+00
-3.390000000000000000e+04 0.000000000000000000e+00
-3.380000000000000000e+04 9.999999999181670429e-09
-3.370000000000000000e+04 -9.999999999181670429e-09
-3.360000000000000000e+04 9.999999999181670429e-09
-3.350000000000000000e+04 -9.999999999181670429e-09
-3.340000000000000000e+04 -2.222614453595284090e-18
-3.330000000000000000e+04 1.000000000140428488e-08
-3.320000000000000000e+04 -1.000000000140428488e-08
-3.310000000000000000e+04 1.000000000140428488e-08
-3.300000000000000000e+04 -1.000000000140428488e-08
-3.290000000000000000e+04 2.222614453595284090e-18
-3.280000000000000000e+04 9.999999999181670429e-09
-3.270000000000000000e+04 -9.999999999181670429e-09
-3.260000000000000000e+04 9.999999999181670429e-09
-3.250000000000000000e+04 -9.999999999181670429e-09
-3.240000000000000000e+04 0.000000000000000000e+00
-3.230000000000000000e+04 9.999999999181670429e-09
-3.220000000000000000e+04 -9.999999999181670429e-09
-3.210000000000000000e+04 9.999999999181670429e-09
-3.200000000000000000e+04 -9.999999999181670429e-09
-3.190000000000000000e+04 -2.222614453595284090e-18
-3.180000000000000000e+04 1.000000000140428488e-08
-3.170000000000000000e+04 -1.000000000140428488e-08
-3.160000000000000000e+04 1.000000000140428488e-08
-3.150000000000000000e+04 -9.999999999181670429e-09
-3.140000000000000000e+04 0.000000000000000000e+00
-3.130000000000000000e+04 9.999999999181670429e-09
-3.120000000000000000e+04 -9.999999999181670429e-09
-3.110000000000000000e+04 9.999999999181670429e-09
-3.100000000000000000e+04 -9.999999999181670429e-09
-3.090000000000000000e+04 0.000000000000000000e+00
-3.080000000000000000e+04 0.000000000000000000e+00
-3.070000000000000000e+04 -2.222614453595284090e-18
-3.060000000000000000e+04 1.000000000140428488e-08
-3.050000000000000000e+04 -1.000000000140428488e-08
-3.040000000000000000e+04 0.000000000000000000e+00
-3.030000000000000000e+04 0.000000000000000000e+00
-3.020000000000000000e+04 2.222614453595284090e-18
-3.010000000000000000e+04 9.999999999181670429e-09
-3.000000000000000000e+04 -9.999999999181670429e-09
-2.990000000000000000e+04 0.000000000000000000e+00
-2.980000000000000000e+04 0.000000000000000000e+00
-2.970000000000000000e+04 0.000000000000000000e+00
-2.960000000000000000e+04 9.999999999181670429e-09
-2.950000000000000000e+04 -9.999999999181670429e-09
-2.940000000000000000e+04 -2.222614453595284090e-18
-2.930000000000000000e+04 2.222614453595284090e-18
-2.920000000000000000e+04 -2.222614453595284090e-18
-2.910000000000000000e+04 1.000000000140428488e-08
-2.900000000000000000e+04 -1.000000000140428488e-08
-2.890000000000000000e+04 2.222614453595284090e-18
-2.880000000000000000e+04 -2.222614453595284090e-18
-2.870000000000000000e+04 2.222614453595284090e-18
-2.860000000000000000e+04 9.999999999181670429e-09
-2.850000000000000000e+04 -9.999999999181670429e-09
-2.840000000000000000e+04 0.000000000000000000e+00
-2.830000000000000000e+04 0.000000000000000000e+00
-2.820000000000000000e+04 0.000000000000000000e+00
-2.810000000000000000e+04 9.999999999181670429e-09
-2.800000000000000000e+04 -1.000000000140428488e-08
-2.790000000000000000e+04 0.000000000000000000e+00
-2.780000000000000000e+04 0.000000000000000000e+00
-2.770000000000000000e+04 0.000000000000000000e+00
-2.760000000000000000e+04 0.000000000000000000e+00
-2.750000000000000000e+04 2.222614453595284090e-18
-2.740000000000000000e+04 9.999999999181670429e-09
-2.730000000000000000e+04 -9.999999999181670429e-09
-2.720000000000000000e+04 0.000000000000000000e+00
-2.710000000000000000e+04 0.000000000000000000e+00
-2.700000000000000000e+04 0.000000000000000000e+00
-2.690000000000000000e+04 9.999999999181670429e-09
-2.680000000000000000e+04 -9.999999999181670429e-09
-2.670000000000000000e+04 -2.222614453595284090e-18
-2.660000000000000000e+04 2.222614453595284090e-18
-2.650000000000000000e+04 -2.222614453595284090e-18
-2.640000000000000000e+04 1.000000000140428488e-08
-2.630000000000000000e+04 -1.000000000140428488e-08
-2.620000000000000000e+04 2.222614453595284090e-18
-2.610000000000000000e+04 -2.222614453595284090e-18
-2.600000000000000000e+04 2.222614453595284090e-18
-2.590000000000000000e+04 9.999999999181670429e-09
-2.580000000000000000e+04 -9.999999999181670429e-09
-2.570000000000000000e+04 0.000000000000000000e+00
-2.560000000000000000e+04 0.000000000000000000e+00
-2.550000000000000000e+04 0.000000000000000000e+00
-2.540000000000000000e+04 9.999999999181670429e-09
-2.530000000000000000e+04 -1.000000000140428488e-08
-2.520000000000000000e+04 0.000000000000000000e+00
-2.510000000000000000e+04 0.000000000000000000e+00
-2.500000000000000000e+04 0.000000000000000000e+00
-2.490000000000000000e+04 1.000000000140428488e-08
-2.480000000000000000e+04 -9.999999999181670429e-09
-2.470000000000000000e+04 0.000000000000000000e+00
-2.460000000000000000e+04 0.000000000000000000e+00
-2.450000000000000000e+04 0.000000000000000000e+00
-2.440000000000000000e+04 0.000000000000000000e+00
-2.430000000000000000e+04 0.000000000000000000e+00
-2.420000000000000000e+04 0.000000000000000000e+00
-2.410000000000000000e+04 0.000000000000000000e+00
-2.400000000000000000e+04 -2.222614453595284090e-18
-2.390000000000000000e+04 2.222614453595284090e-18
-2.380000000000000000e+04 -2.222614453595284090e-18
-2.370000000000000000e+04 0.000000000000000000e+00
-2.360000000000000000e+04 0.000000000000000000e+00
-2.350000000000000000e+04 2.222614453595284090e-18
-2.340000000000000000e+04 -2.222614453595284090e-18
-2.330000000000000000e+04 2.222614453595284090e-18
-2.320000000000000000e+04 0.000000000000000000e+00
-2.310000000000000000e+04 0.000000000000000000e+00
-2.300000000000000000e+04 0.000000000000000000e+00
-2.290000000000000000e+04 0.000000000000000000e+00
-2.280000000000000000e+04 0.000000000000000000e+00
-2.270000000000000000e+04 -2.222614453595284090e-18
-2.260000000000000000e+04 2.222614453595284090e-18
-2.250000000000000000e+04 -2.222614453595284090e-18
-2.240000000000000000e+04 0.000000000000000000e+00
-2.230000000000000000e+04 0.000000000000000000e+00
-2.220000000000000000e+04 2.222614453595284090e-18
-2.210000000000000000e+04 -2.222614453595284090e-18
-2.200000000000000000e+04 2.222614453595284090e-18
-2.190000000000000000e+04 0.000000000000000000e+00
-2.180000000000000000e+04 0.000000000000000000e+00
-2.170000000000000000e+04 0.000000000000000000e+00
-2.160000000000000000e+04 0.000000000000000000e+00
-2.150000000000000000e+04 0.000000000000000000e+00
-2.140000000000000000e+04 0.000000000000000000e+00
-2.130000000000000000e+04 -2.222614453595284090e-18
-2.120000000000000000e+04 -9.999999999181670429e-09
-2.110000000000000000e+04 9.999999999181670429e-09
-2.100000000000000000e+04 0.000000000000000000e+00
-2.090000000000000000e+04 0.000000000000000000e+00
-2.080000000000000000e+04 2.222614453595284090e-18
-2.070000000000000000e+04 -2.222614453595284090e-18
-2.060000000000000000e+04 2.222614453595284090e-18
-2.050000000000000000e+04 0.000000000000000000e+00
-2.040000000000000000e+04 0.000000000000000000e+00
-2.030000000000000000e+04 0.000000000000000000e+00
-2.020000000000000000e+04 0.000000000000000000e+00
-2.010000000000000000e+04 0.000000000000000000e+00
-2.000000000000000000e+04 -2.222614453595284090e-18
-1.990000000000000000e+04 2.222614453595284090e-18
-1.980000000000000000e+04 -2.222614453595284090e-18
-1.970000000000000000e+04 0.000000000000000000e+00
-1.960000000000000000e+04 0.000000000000000000e+00
-1.950000000000000000e+04 2.222614453595284090e-18
-1.940000000000000000e+04 -2.222614453595284090e-18
-1.930000000000000000e+04 0.000000000000000000e+00
-1.920000000000000000e+04 0.000000000000000000e+00
-1.910000000000000000e+04 0.000000000000000000e+00
-1.900000000000000000e+04 0.000000000000000000e+00
-1.890000000000000000e+04 0.000000000000000000e+00
-1.880000000000000000e+04 0.000000000000000000e+00
-1.870000000000000000e+04 0.000000000000000000e+00
-1.860000000000000000e+04 4.431676380034499374e-18
-1.850000000000000000e+04 0.000000000000000000e+00
-1.840000000000000000e+04 -4.445228907190568179e-18
-1.830000000000000000e+04 0.000000000000000000e+00
-1.820000000000000000e+04 4.445228907190568179e-18
-1.810000000000000000e+04 0.000000000000000000e+00
-1.800000000000000000e+04 -1.000000000583596126e-08
-1.790000000000000000e+04 1.000000000140428488e-08
-1.780000000000000000e+04 0.000000000000000000e+00
-1.770000000000000000e+04 0.000000000000000000e+00
-1.760000000000000000e+04 0.000000000000000000e+00
-1.750000000000000000e+04 -1.000000000140428488e-08
-1.740000000000000000e+04 1.000000000140428488e-08
-1.730000000000000000e+04 4.431676380034499374e-18
-1.720000000000000000e+04 -4.445228907190568179e-18
-1.710000000000000000e+04 0.000000000000000000e+00
-1.700000000000000000e+04 -9.999999996959055976e-09
-1.690000000000000000e+04 1.000000000140428488e-08
-1.680000000000000000e+04 0.000000000000000000e+00
-1.670000000000000000e+04 -4.445228907190568179e-18
-1.660000000000000000e+04 0.000000000000000000e+00
-1.650000000000000000e+04 -9.999999996959055976e-09
-1.640000000000000000e+04 9.999999996959055976e-09
-1.630000000000000000e+04 0.000000000000000000e+00
-1.620000000000000000e+04 0.000000000000000000e+00
-1.610000000000000000e+04 4.431676380034499374e-18
-1.600000000000000000e+04 -1.000000000140428488e-08
-1.590000000000000000e+04 9.999999996959055976e-09
-1.580000000000000000e+04 0.000000000000000000e+00
-1.570000000000000000e+04 4.445228907190568179e-18
-1.560000000000000000e+04 0.000000000000000000e+00
-1.550000000000000000e+04 -1.000000000583596126e-08
-1.540000000000000000e+04 1.000000000140428488e-08
-1.530000000000000000e+04 0.000000000000000000e+00
-1.520000000000000000e+04 4.445228907190568179e-18
-1.510000000000000000e+04 -4.431676380034499374e-18
-1.500000000000000000e+04 -1.000000000140428488e-08
-1.490000000000000000e+04 1.000000000140428488e-08
-1.480000000000000000e+04 -9.999999996959055976e-09
-1.470000000000000000e+04 9.999999996959055976e-09
-1.460000000000000000e+04 0.000000000000000000e+00
-1.450000000000000000e+04 4.445228907190568179e-18
-1.440000000000000000e+04 0.000000000000000000e+00
-1.430000000000000000e+04 -1.000000000140428488e-08
-1.420000000000000000e+04 9.999999996959055976e-09
-1.410000000000000000e+04 0.000000000000000000e+00
-1.400000000000000000e+04 4.445228907190568179e-18
-1.390000000000000000e+04 0.000000000000000000e+00
-1.380000000000000000e+04 -1.000000000583596126e-08
-1.370000000000000000e+04 1.000000000140428488e-08
-1.360000000000000000e+04 0.000000000000000000e+00
-1.350000000000000000e+04 0.000000000000000000e+00
-1.340000000000000000e+04 0.000000000000000000e+00
-1.330000000000000000e+04 -1.000000000140428488e-08
-1.320000000000000000e+04 1.000000000583596126e-08
-1.310000000000000000e+04 0.000000000000000000e+00
-1.300000000000000000e+04 -4.445228907190568179e-18
-1.290000000000000000e+04 0.000000000000000000e+00
-1.280000000000000000e+04 -9.999999996959055976e-09
-1.270000000000000000e+04 1.000000000140428488e-08
-1.260000000000000000e+04 -4.431676380034499374e-18
-1.250000000000000000e+04 0.000000000000000000e+00
-1.240000000000000000e+04 0.000000000000000000e+00
-1.230000000000000000e+04 -9.999999996959055976e-09
-1.220000000000000000e+04 9.999999996959055976e-09
-1.210000000000000000e+04 0.000000000000000000e+00
-1.200000000000000000e+04 0.000000000000000000e+00
-1.190000000000000000e+04 4.431676380034499374e-18
-1.180000000000000000e+04 -1.000000000140428488e-08
-1.170000000000000000e+04 9.999999996959055976e-09
-1.160000000000000000e+04 0.000000000000000000e+00
-1.150000000000000000e+04 4.445228907190568179e-18
-1.140000000000000000e+04 0.000000000000000000e+00
-1.130000000000000000e+04 -1.000000000583596126e-08
-1.120000000000000000e+04 1.000000000140428488e-08
-1.110000000000000000e+04 -9.999999996959055976e-09
-1.100000000000000000e+04 9.999999996959055976e-09
-1.090000000000000000e+04 0.000000000000000000e+00
-1.080000000000000000e+04 -1.000000000140428488e-08
-1.070000000000000000e+04 1.000000000140428488e-08
-1.060000000000000000e+04 -9.999999996959055976e-09
-1.050000000000000000e+04 9.999999996959055976e-09
-1.040000000000000000e+04 0.000000000000000000e+00
-1.030000000000000000e+04 -9.999999996959055976e-09
-1.020000000000000000e+04 1.000000000140428488e-08
-1.010000000000000000e+04 -1.000000000140428488e-08
-1.000000000000000000e+04 9.999999996959055976e-09
-9.900000000000000000e+03 0.000000000000000000e+00
-9.800000000000000000e+03 -9.999999996959055976e-09
-9.700000000000000000e+03 9.999999996959055976e-09
-9.600000000000000000e+03 -1.000000000140428488e-08
-9.500000000000000000e+03 1.000000000140428488e-08
-9.400000000000000000e+03 4.431676380034499374e-18
-9.300000000000000000e+03 -1.000000000140428488e-08
-9.200000000000000000e+03 9.999999996959055976e-09
-9.100000000000000000e+03 -1.000000000140428488e-08
-9.000000000000000000e+03 1.000000000583596126e-08
-8.900000000000000000e+03 0.000000000000000000e+00
-8.800000000000000000e+03 -1.000000000583596126e-08
-8.700000000000000000e+03 1.000000000140428488e-08
-8.600000000000000000e+03 -9.999999996959055976e-09
-8.500000000000000000e+03 1.000000000140428488e-08
-8.400000000000000000e+03 -4.431676380034499374e-18
-8.300000000000000000e+03 0.000000000000000000e+00
-8.200000000000000000e+03 0.000000000000000000e+00
-8.100000000000000000e+03 -9.999999996959055976e-09
-8.000000000000000000e+03 9.999999996959055976e-09
-7.900000000000000000e+03 0.000000000000000000e+00
-7.800000000000000000e+03 4.445228907190568179e-18
-7.700000000000000000e+03 0.000000000000000000e+00
-7.600000000000000000e+03 -1.000000000140428488e-08
-7.500000000000000000e+03 9.999999996959055976e-09
-7.400000000000000000e+03 -9.999999996959055976e-09
-7.300000000000000000e+03 1.000000000140428488e-08
-7.200000000000000000e+03 -4.431676380034499374e-18
-7.100000000000000000e+03 -1.000000000140428488e-08
-7.000000000000000000e+03 1.000000000140428488e-08
-6.900000000000000000e+03 -9.999999996959055976e-09
-6.800000000000000000e+03 9.999999996959055976e-09
-6.700000000000000000e+03 0.000000000000000000e+00
-6.600000000000000000e+03 -1.000000000140428488e-08
-6.500000000000000000e+03 1.000000000583596126e-08
-6.400000000000000000e+03 -1.000000000140428488e-08
-6.300000000000000000e+03 9.999999996959055976e-09
-6.200000000000000000e+03 0.000000000000000000e+00
-6.100000000000000000e+03 -9.999999996959055976e-09
-6.000000000000000000e+03 1.000000000140428488e-08
-5.900000000000000000e+03 -1.000000000583596126e-08
-5.800000000000000000e+03 1.000000000140428488e-08
-5.700000000000000000e+03 0.000000000000000000e+00
-5.600000000000000000e+03 -9.999999996959055976e-09
-5.500000000000000000e+03 9.999999996959055976e-09
-5.400000000000000000e+03 -1.000000000140428488e-08
-5.300000000000000000e+03 1.000000000140428488e-08
-5.200000000000000000e+03 4.431676380034499374e-18
-5.100000000000000000e+03 -1.000000000140428488e-08
-5.000000000000000000e+03 9.999999996959055976e-09
-4.900000000000000000e+03 -9.999999996959055976e-09
-4.800000000000000000e+03 1.000000000140428488e-08
-4.700000000000000000e+03 0.000000000000000000e+00
-4.600000000000000000e+03 -1.000000000583596126e-08
-4.500000000000000000e+03 1.000000000140428488e-08
-4.400000000000000000e+03 -9.999999996959055976e-09
-4.300000000000000000e+03 9.999999996959055976e-09
-4.200000000000000000e+03 0.000000000000000000e+00
-4.100000000000000000e+03 -1.000000000140428488e-08
-4.000000000000000000e+03 1.000000000140428488e-08
-3.900000000000000000e+03 -9.999999996959055976e-09
-3.800000000000000000e+03 9.999999996959055976e-09
-3.700000000000000000e+03 -1.000000000140428488e-08
-3.600000000000000000e+03 4.431676380034499374e-18
-3.500000000000000000e+03 1.000000000140428488e-08
-3.400000000000000000e+03 -1.000000000140428488e-08
-3.300000000000000000e+03 9.999999996959055976e-09
-3.200000000000000000e+03 -9.999999996959055976e-09
-3.100000000000000000e+03 0.000000000000000000e+00
-3.000000000000000000e+03 9.999999996959055976e-09
-2.900000000000000000e+03 -1.000000000140428488e-08
-2.800000000000000000e+03 1.000000000140428488e-08
-2.700000000000000000e+03 -9.999999996959055976e-09
-2.600000000000000000e+03 0.000000000000000000e+00
-2.500000000000000000e+03 9.999999996959055976e-09
-2.400000000000000000e+03 -1.000000000140428488e-08
-2.300000000000000000e+03 1.000000000583596126e-08
-2.200000000000000000e+03 -1.000000000140428488e-08
-2.100000000000000000e+03 -4.431676380034499374e-18
-2.000000000000000000e+03 1.000000000140428488e-08
-1.900000000000000000e+03 -9.999999996959055976e-09
-1.800000000000000000e+03 1.000000000140428488e-08
-1.700000000000000000e+03 -1.000000000583596126e-08
-1.600000000000000000e+03 1.000000000140428488e-08
-1.500000000000000000e+03 0.000000000000000000e+00
-1.400000000000000000e+03 -9.999999996959055976e-09
-1.300000000000000000e+03 9.999999996959055976e-09
-1.200000000000000000e+03 -1.000000000140428488e-08
-1.100000000000000000e+03 1.000000000583596126e-08
-1.000000000000000000e+03 0.000000000000000000e+00
-9.000000000000000000e+02 -1.000000000140428488e-08
-8.000000000000000000e+02 9.999999996959055976e-09
-7.000000000000000000e+02 -9.999999996959055976e-09
-6.000000000000000000e+02 1.000000000140428488e-08
-5.000000000000000000e+02 -4.431676380034499374e-18
-4.000000000000000000e+02 -1.000000000140428488e-08
-3.000000000000000000e+02 1.000000000140428488e-08
-2.000000000000000000e+02 -9.999999996959055976e-09
-1.000000000000000000e+02 9.999999996959055976e-09
0.000000000000000000e+00 -1.000000000140428488e-08
1.000000000000000000e+02 0.000000000000000000e+00
2.000000000000000000e+02 1.000000000583596126e-08
3.000000000000000000e+02 -1.000000000140428488e-08
4.000000000000000000e+02 9.999999996959055976e-09
5.000000000000000000e+02 -9.999999996959055976e-09
6.000000000000000000e+02 0.000000000000000000e+00
7.000000000000000000e+02 1.000000000140428488e-08
8.000000000000000000e+02 -1.000000000583596126e-08
9.000000000000000000e+02 1.000000000140428488e-08
1.000000000000000000e+03 -9.999999996959055976e-09
1.100000000000000000e+03 0.000000000000000000e+00
1.200000000000000000e+03 9.999999996959055976e-09
1.300000000000000000e+03 -1.000000000140428488e-08
1.400000000000000000e+03 1.000000000140428488e-08
1.500000000000000000e+03 -9.999999996959055976e-09
1.600000000000000000e+03 0.000000000000000000e+00
1.700000000000000000e+03 9.999999996959055976e-09
1.800000000000000000e+03 -9.999999996959055976e-09
1.900000000000000000e+03 1.000000000140428488e-08
2.000000000000000000e+03 -1.000000000140428488e-08
2.100000000000000000e+03 -4.431676380034499374e-18
2.200000000000000000e+03 1.000000000140428488e-08
2.300000000000000000e+03 -9.999999996959055976e-09
2.400000000000000000e+03 9.999999996959055976e-09
2.500000000000000000e+03 -1.000000000140428488e-08
2.600000000000000000e+03 0.000000000000000000e+00
2.700000000000000000e+03 1.000000000140428488e-08
2.800000000000000000e+03 -9.999999996959055976e-09
2.900000000000000000e+03 9.999999996959055976e-09
3.000000000000000000e+03 -1.000000000140428488e-08
3.100000000000000000e+03 4.431676380034499374e-18
3.200000000000000000e+03 1.000000000140428488e-08
3.300000000000000000e+03 -1.000000000140428488e-08
3.400000000000000000e+03 9.999999996959055976e-09
3.500000000000000000e+03 -9.999999996959055976e-09
3.600000000000000000e+03 0.000000000000000000e+00
3.700000000000000000e+03 -4.445228907190568179e-18
3.800000000000000000e+03 0.000000000000000000e+00
3.900000000000000000e+03 1.000000000140428488e-08
4.000000000000000000e+03 -9.999999996959055976e-09
4.100000000000000000e+03 0.000000000000000000e+00
4.200000000000000000e+03 -4.445228907190568179e-18
4.300000000000000000e+03 0.000000000000000000e+00
4.400000000000000000e+03 1.000000000583596126e-08
4.500000000000000000e+03 -1.000000000140428488e-08
4.600000000000000000e+03 9.999999996959055976e-09
4.700000000000000000e+03 -9.999999996959055976e-09
4.800000000000000000e+03 0.000000000000000000e+00
4.900000000000000000e+03 1.000000000140428488e-08
5.000000000000000000e+03 -1.000000000583596126e-08
5.100000000000000000e+03 1.000000000140428488e-08
5.200000000000000000e+03 -9.999999996959055976e-09
5.300000000000000000e+03 0.000000000000000000e+00
5.400000000000000000e+03 9.999999996959055976e-09
5.500000000000000000e+03 -1.000000000140428488e-08
5.600000000000000000e+03 1.000000000583596126e-08
5.700000000000000000e+03 -1.000000000140428488e-08
5.800000000000000000e+03 0.000000000000000000e+00
5.900000000000000000e+03 9.999999996959055976e-09
6.000000000000000000e+03 -9.999999996959055976e-09
6.100000000000000000e+03 1.000000000140428488e-08
6.200000000000000000e+03 -1.000000000583596126e-08
6.300000000000000000e+03 0.000000000000000000e+00
6.400000000000000000e+03 1.000000000140428488e-08
6.500000000000000000e+03 -9.999999996959055976e-09
6.600000000000000000e+03 9.999999996959055976e-09
6.700000000000000000e+03 -1.000000000140428488e-08
6.800000000000000000e+03 0.000000000000000000e+00
6.900000000000000000e+03 1.000000000583596126e-08
7.000000000000000000e+03 -1.000000000140428488e-08
7.100000000000000000e+03 9.999999996959055976e-09
7.200000000000000000e+03 -9.999999996959055976e-09
7.300000000000000000e+03 0.000000000000000000e+00
7.400000000000000000e+03 1.000000000140428488e-08
7.500000000000000000e+03 -1.000000000583596126e-08
7.600000000000000000e+03 1.000000000140428488e-08
7.700000000000000000e+03 -9.999999996959055976e-09
7.800000000000000000e+03 0.000000000000000000e+00
7.900000000000000000e+03 -4.445228907190568179e-18
8.000000000000000000e+03 0.000000000000000000e+00
8.100000000000000000e+03 1.000000000140428488e-08
8.200000000000000000e+03 -9.999999996959055976e-09
8.300000000000000000e+03 0.000000000000000000e+00
8.400000000000000000e+03 -4.445228907190568179e-18
8.500000000000000000e+03 4.431676380034499374e-18
8.600000000000000000e+03 1.000000000140428488e-08
8.700000000000000000e+03 -1.000000000140428488e-08
8.800000000000000000e+03 -4.431676380034499374e-18
8.900000000000000000e+03 4.445228907190568179e-18
9.000000000000000000e+03 0.000000000000000000e+00
9.100000000000000000e+03 9.999999996959055976e-09
9.200000000000000000e+03 -1.000000000140428488e-08
9.300000000000000000e+03 0.000000000000000000e+00
9.400000000000000000e+03 4.445228907190568179e-18
9.500000000000000000e+03 0.000000000000000000e+00
9.600000000000000000e+03 9.999999996959055976e-09
9.700000000000000000e+03 -1.000000000140428488e-08
9.800000000000000000e+03 4.431676380034499374e-18
9.900000000000000000e+03 0.000000000000000000e+00
1.000000000000000000e+04 0.000000000000000000e+00
1.010000000000000000e+04 9.999999996959055976e-09
1.020000000000000000e+04 -9.999999996959055976e-09
1.030000000000000000e+04 0.000000000000000000e+00
1.040000000000000000e+04 -4.445228907190568179e-18
1.050000000000000000e+04 0.000000000000000000e+00
1.060000000000000000e+04 1.000000000140428488e-08
1.070000000000000000e+04 -9.999999996959055976e-09
1.080000000000000000e+04 0.000000000000000000e+00
1.090000000000000000e+04 -4.445228907190568179e-18
1.100000000000000000e+04 0.000000000000000000e+00
1.110000000000000000e+04 1.000000000583596126e-08
1.120000000000000000e+04 -1.000000000140428488e-08
1.130000000000000000e+04 9.999999996959055976e-09
1.140000000000000000e+04 -9.999999996959055976e-09
1.150000000000000000e+04 -4.431676380034499374e-18
1.160000000000000000e+04 1.000000000140428488e-08
1.170000000000000000e+04 -1.000000000140428488e-08
1.180000000000000000e+04 1.000000000140428488e-08
1.190000000000000000e+04 -1.000000000140428488e-08
1.200000000000000000e+04 0.000000000000000000e+00
1.210000000000000000e+04 8.890457814381136359e-18
1.220000000000000000e+04 0.000000000000000000e+00
1.230000000000000000e+04 9.999999992513827068e-09
1.240000000000000000e+04 -1.000000000140428488e-08
1.250000000000000000e+04 0.000000000000000000e+00
1.260000000000000000e+04 0.000000000000000000e+00
1.270000000000000000e+04 0.000000000000000000e+00
1.280000000000000000e+04 1.000000000140428488e-08
1.290000000000000000e+04 -9.999999992513827068e-09
1.300000000000000000e+04 0.000000000000000000e+00
1.310000000000000000e+04 -8.890457814381136359e-18
1.320000000000000000e+04 0.000000000000000000e+00
1.330000000000000000e+04 1.000000000140428488e-08
1.340000000000000000e+04 -1.000000000140428488e-08
1.350000000000000000e+04 0.000000000000000000e+00
1.360000000000000000e+04 0.000000000000000000e+00
1.370000000000000000e+04 0.000000000000000000e+00
1.380000000000000000e+04 1.000000001028119017e-08
1.390000000000000000e+04 -1.000000000140428488e-08
1.400000000000000000e+04 0.000000000000000000e+00
1.410000000000000000e+04 -8.890457814381136359e-18
1.420000000000000000e+04 0.000000000000000000e+00
1.430000000000000000e+04 1.000000000140428488e-08
1.440000000000000000e+04 -1.000000000140428488e-08
1.450000000000000000e+04 0.000000000000000000e+00
1.460000000000000000e+04 8.890457814381136359e-18
1.470000000000000000e+04 0.000000000000000000e+00
1.480000000000000000e+04 9.999999992513827068e-09
1.490000000000000000e+04 -1.000000000140428488e-08
1.500000000000000000e+04 0.000000000000000000e+00
1.510000000000000000e+04 0.000000000000000000e+00
1.520000000000000000e+04 0.000000000000000000e+00
1.530000000000000000e+04 1.000000000140428488e-08
1.540000000000000000e+04 -9.999999992513827068e-09
1.550000000000000000e+04 0.000000000000000000e+00
1.560000000000000000e+04 0.000000000000000000e+00
1.570000000000000000e+04 -8.876905287225067553e-18
1.580000000000000000e+04 1.000000000140428488e-08
1.590000000000000000e+04 -1.000000000140428488e-08
1.600000000000000000e+04 0.000000000000000000e+00
1.610000000000000000e+04 0.000000000000000000e+00
1.620000000000000000e+04 0.000000000000000000e+00
1.630000000000000000e+04 8.890457814381136359e-18
1.640000000000000000e+04 0.000000000000000000e+00
1.650000000000000000e+04 0.000000000000000000e+00
1.660000000000000000e+04 -8.890457814381136359e-18
1.670000000000000000e+04 0.000000000000000000e+00
1.680000000000000000e+04 0.000000000000000000e+00
1.690000000000000000e+04 0.000000000000000000e+00
1.700000000000000000e+04 0.000000000000000000e+00
1.710000000000000000e+04 8.890457814381136359e-18
1.720000000000000000e+04 0.000000000000000000e+00
1.730000000000000000e+04 -8.890457814381136359e-18
1.740000000000000000e+04 0.000000000000000000e+00
1.750000000000000000e+04 1.000000000140428488e-08
1.760000000000000000e+04 -1.000000000140428488e-08
1.770000000000000000e+04 0.000000000000000000e+00
1.780000000000000000e+04 0.000000000000000000e+00
1.790000000000000000e+04 8.876905287225067553e-18
1.800000000000000000e+04 1.000000000140428488e-08
1.810000000000000000e+04 -1.000000000140428488e-08
1.820000000000000000e+04 -8.876905287225067553e-18
1.830000000000000000e+04 0.000000000000000000e+00
1.840000000000000000e+04 0.000000000000000000e+00
1.850000000000000000e+04 1.000000000140428488e-08
1.860000000000000000e+04 -1.000000000140428488e-08
1.870000000000000000e+04 0.000000000000000000e+00
1.880000000000000000e+04 8.890457814381136359e-18
1.890000000000000000e+04 0.000000000000000000e+00
1.900000000000000000e+04 9.999999992513827068e-09
1.910000000000000000e+04 -1.000000000140428488e-08
1.920000000000000000e+04 0.000000000000000000e+00
1.930000000000000000e+04 0.000000000000000000e+00
1.940000000000000000e+04 0.000000000000000000e+00
1.950000000000000000e+04 1.000000000140428488e-08
1.960000000000000000e+04 -9.999999992513827068e-09
1.970000000000000000e+04 0.000000000000000000e+00
1.980000000000000000e+04 -8.890457814381136359e-18
1.990000000000000000e+04 0.000000000000000000e+00
2.000000000000000000e+04 1.000000000140428488e-08
2.010000000000000000e+04 -1.000000000140428488e-08
2.020000000000000000e+04 0.000000000000000000e+00
2.030000000000000000e+04 0.000000000000000000e+00
2.040000000000000000e+04 0.000000000000000000e+00
2.050000000000000000e+04 1.000000001028119017e-08
2.060000000000000000e+04 -1.000000000140428488e-08
2.070000000000000000e+04 -8.876905287225067553e-18
2.080000000000000000e+04 0.000000000000000000e+00
2.090000000000000000e+04 0.000000000000000000e+00
2.100000000000000000e+04 0.000000000000000000e+00
2.110000000000000000e+04 0.000000000000000000e+00
2.120000000000000000e+04 0.000000000000000000e+00
2.130000000000000000e+04 8.890457814381136359e-18
2.140000000000000000e+04 0.000000000000000000e+00
2.150000000000000000e+04 -8.890457814381136359e-18
2.160000000000000000e+04 0.000000000000000000e+00
2.170000000000000000e+04 0.000000000000000000e+00
2.180000000000000000e+04 0.000000000000000000e+00
2.190000000000000000e+04 0.000000000000000000e+00
2.200000000000000000e+04 0.000000000000000000e+00
2.210000000000000000e+04 8.876905287225067553e-18
2.220000000000000000e+04 0.000000000000000000e+00
2.230000000000000000e+04 0.000000000000000000e+00
2.240000000000000000e+04 -8.876905287225067553e-18
2.250000000000000000e+04 0.000000000000000000e+00
2.260000000000000000e+04 0.000000000000000000e+00
2.270000000000000000e+04 0.000000000000000000e+00
2.280000000000000000e+04 0.000000000000000000e+00
2.290000000000000000e+04 0.000000000000000000e+00
2.300000000000000000e+04 8.890457814381136359e-18
2.310000000000000000e+04 0.000000000000000000e+00
2.320000000000000000e+04 0.000000000000000000e+00
2.330000000000000000e+04 -8.890457814381136359e-18
2.340000000000000000e+04 0.000000000000000000e+00
2.350000000000000000e+04 0.000000000000000000e+00
2.360000000000000000e+04 0.000000000000000000e+00
2.370000000000000000e+04 0.000000000000000000e+00
2.380000000000000000e+04 8.890457814381136359e-18
2.390000000000000000e+04 0.000000000000000000e+00
2.400000000000000000e+04 -8.890457814381136359e-18
2.410000000000000000e+04 0.000000000000000000e+00
2.420000000000000000e+04 1.000000000140428488e-08
2.430000000000000000e+04 -1.000000000140428488e-08
2.440000000000000000e+04 0.000000000000000000e+00
2.450000000000000000e+04 0.000000000000000000e+00
2.460000000000000000e+04 8.876905287225067553e-18
2.470000000000000000e+04 1.000000000140428488e-08
2.480000000000000000e+04 -1.000000000140428488e-08
2.490000000000000000e+04 -8.876905287225067553e-18
2.500000000000000000e+04 0.000000000000000000e+00
2.510000000000000000e+04 0.000000000000000000e+00
2.520000000000000000e+04 1.000000000140428488e-08
2.530000000000000000e+04 -1.000000000140428488e-08
2.540000000000000000e+04 0.000000000000000000e+00
2.550000000000000000e+04 8.890457814381136359e-18
2.560000000000000000e+04 0.000000000000000000e+00
2.570000000000000000e+04 -8.890457814381136359e-18
2.580000000000000000e+04 0.000000000000000000e+00
2.590000000000000000e+04 0.000000000000000000e+00
2.600000000000000000e+04 0.000000000000000000e+00
2.610000000000000000e+04 0.000000000000000000e+00
2.620000000000000000e+04 8.890457814381136359e-18
2.630000000000000000e+04 0.000000000000000000e+00
2.640000000000000000e+04 0.000000000000000000e+00
2.650000000000000000e+04 -8.890457814381136359e-18
2.660000000000000000e+04 0.000000000000000000e+00
2.670000000000000000e+04 0.000000000000000000e+00
2.680000000000000000e+04 0.000000000000000000e+00
2.690000000000000000e+04 0.000000000000000000e+00
2.700000000000000000e+04 0.000000000000000000e+00
2.710000000000000000e+04 0.000000000000000000e+00
2.720000000000000000e+04 8.890457814381136359e-18
2.730000000000000000e+04 0.000000000000000000e+00
2.740000000000000000e+04 -8.876905287225067553e-18
2.750000000000000000e+04 0.000000000000000000e+00
2.760000000000000000e+04 0.000000000000000000e+00
2.770000000000000000e+04 0.000000000000000000e+00
2.780000000000000000e+04 0.000000000000000000e+00
2.790000000000000000e+04 0.000000000000000000e+00
2.800000000000000000e+04 8.890457814381136359e-18
2.810000000000000000e+04 0.000000000000000000e+00
2.820000000000000000e+04 -8.890457814381136359e-18
2.830000000000000000e+04 0.000000000000000000e+00
2.840000000000000000e+04 0.000000000000000000e+00
2.850000000000000000e+04 0.000000000000000000e+00
2.860000000000000000e+04 0.000000000000000000e+00
2.870000000000000000e+04 0.000000000000000000e+00
2.880000000000000000e+04 8.876905287225067553e-18
2.890000000000000000e+04 0.000000000000000000e+00
2.900000000000000000e+04 0.000000000000000000e+00
2.910000000000000000e+04 -8.876905287225067553e-18
2.920000000000000000e+04 0.000000000000000000e+00
2.930000000000000000e+04 0.000000000000000000e+00
2.940000000000000000e+04 0.000000000000000000e+00
2.950000000000000000e+04 0.000000000000000000e+00
2.960000000000000000e+04 0.000000000000000000e+00
2.970000000000000000e+04 8.890457814381136359e-18
2.980000000000000000e+04 0.000000000000000000e+00
2.990000000000000000e+04 0.000000000000000000e+00
3.000000000000000000e+04 -8.890457814381136359e-18
3.010000000000000000e+04 0.000000000000000000e+00
3.020000000000000000e+04 0.000000000000000000e+00
3.030000000000000000e+04 0.000000000000000000e+00
3.040000000000000000e+04 1.000000000140428488e-08
3.050000000000000000e+04 -9.999999992513827068e-09
3.060000000000000000e+04 0.000000000000000000e+00
3.070000000000000000e+04 -8.890457814381136359e-18
3.080000000000000000e+04 0.000000000000000000e+00
3.090000000000000000e+04 0.000000000000000000e+00
3.100000000000000000e+04 0.000000000000000000e+00
3.110000000000000000e+04 0.000000000000000000e+00
3.120000000000000000e+04 0.000000000000000000e+00
3.130000000000000000e+04 8.876905287225067553e-18
3.140000000000000000e+04 0.000000000000000000e+00
3.150000000000000000e+04 0.000000000000000000e+00
3.160000000000000000e+04 -8.876905287225067553e-18
3.170000000000000000e+04 0.000000000000000000e+00
3.180000000000000000e+04 0.000000000000000000e+00
3.190000000000000000e+04 0.000000000000000000e+00
3.200000000000000000e+04 0.000000000000000000e+00
3.210000000000000000e+04 0.000000000000000000e+00
3.220000000000000000e+04 8.890457814381136359e-18
3.230000000000000000e+04 0.000000000000000000e+00
3.240000000000000000e+04 -8.890457814381136359e-18
3.250000000000000000e+04 0.000000000000000000e+00
3.260000000000000000e+04 0.000000000000000000e+00
3.270000000000000000e+04 0.000000000000000000e+00
3.280000000000000000e+04 0.000000000000000000e+00
3.290000000000000000e+04 8.890457814381136359e-18
3.300000000000000000e+04 0.000000000000000000e+00
3.310000000000000000e+04 0.000000000000000000e+00
3.320000000000000000e+04 -8.890457814381136359e-18
3.330000000000000000e+04 0.000000000000000000e+00
3.340000000000000000e+04 0.000000000000000000e+00
3.350000000000000000e+04 0.000000000000000000e+00
3.360000000000000000e+04 0.000000000000000000e+00
3.370000000000000000e+04 0.000000000000000000e+00
3.380000000000000000e+04 0.000000000000000000e+00
3.390000000000000000e+04 8.890457814381136359e-18
3.400000000000000000e+04 0.000000000000000000e+00
3.410000000000000000e+04 -8.876905287225067553e-18
3.420000000000000000e+04 0.000000000000000000e+00
3.430000000000000000e+04 0.000000000000000000e+00
3.440000000000000000e+04 0.000000000000000000e+00
3.450000000000000000e+04 0.000000000000000000e+00
3.460000000000000000e+04 0.000000000000000000e+00
3.470000000000000000e+04 8.890457814381136359e-18
3.480000000000000000e+04 0.000000000000000000e+00
3.490000000000000000e+04 -8.890457814381136359e-18
3.500000000000000000e+04 0.000000000000000000e+00
3.510000000000000000e+04 0.000000000000000000e+00
3.520000000000000000e+04 0.000000000000000000e+00
3.530000000000000000e+04 0.000000000000000000e+00
3.540000000000000000e+04 0.000000000000000000e+00
3.550000000000000000e+04 8.876905287225067553e-18
3.560000000000000000e+04 0.000000000000000000e+00
3.570000000000000000e+04 -8.890457814381136359e-18
3.580000000000000000e+04 0.000000000000000000e+00
3.590000000000000000e+04 0.000000000000000000e+00
3.600000000000000000e+04 0.000000000000000000e+00
3.610000000000000000e+04 -1.000000000140428488e-08
3.620000000000000000e+04 1.000000000140428488e-08
3.630000000000000000e+04 0.000000000000000000e+00
3.640000000000000000e+04 8.890457814381136359e-18
3.650000000000000000e+04 0.000000000000000000e+00
3.660000000000000000e+04 -1.000000000140428488e-08
3.670000000000000000e+04 9.999999992513827068e-09
3.680000000000000000e+04 0.000000000000000000e+00
3.690000000000000000e+04 0.000000000000000000e+00
3.700000000000000000e+04 0.000000000000000000e+00
3.710000000000000000e+04 8.890457814381136359e-18
3.720000000000000000e+04 0.000000000000000000e+00
3.730000000000000000e+04 0.000000000000000000e+00
3.740000000000000000e+04 -8.890457814381136359e-18
3.750000000000000000e+04 0.000000000000000000e+00
3.760000000000000000e+04 0.000000000000000000e+00
3.770000000000000000e+04 0.000000000000000000e+00
3.780000000000000000e+04 0.000000000000000000e+00
3.790000000000000000e+04 0.000000000000000000e+00
3.800000000000000000e+04 8.876905287225067553e-18
3.810000000000000000e+04 0.000000000000000000e+00
3.820000000000000000e+04 0.000000000000000000e+00
3.830000000000000000e+04 -8.876905287225067553e-18
3.840000000000000000e+04 0.000000000000000000e+00
3.850000000000000000e+04 0.000000000000000000e+00
3.860000000000000000e+04 0.000000000000000000e+00
3.870000000000000000e+04 0.000000000000000000e+00
3.880000000000000000e+04 0.000000000000000000e+00
3.890000000000000000e+04 8.890457814381136359e-18
3.900000000000000000e+04 0.000000000000000000e+00
3.910000000000000000e+04 -8.890457814381136359e-18
3.920000000000000000e+04 0.000000000000000000e+00
3.930000000000000000e+04 0.000000000000000000e+00
3.940000000000000000e+04 0.000000000000000000e+00
3.950000000000000000e+04 0.000000000000000000e+00
3.960000000000000000e+04 8.890457814381136359e-18
3.970000000000000000e+04 0.000000000000000000e+00
3.980000000000000000e+04 0.000000000000000000e+00
3.990000000000000000e+04 -8.890457814381136359e-18
4.000000000000000000e+04 0.000000000000000000e+00
4.010000000000000000e+04 0.000000000000000000e+00
4.020000000000000000e+04 0.000000000000000000e+00
4.030000000000000000e+04 0.000000000000000000e+00
4.040000000000000000e+04 0.000000000000000000e+00
4.050000000000000000e+04 0.000000000000000000e+00
4.060000000000000000e+04 8.890457814381136359e-18
4.070000000000000000e+04 0.000000000000000000e+00
4.080000000000000000e+04 -8.876905287225067553e-18
4.090000000000000000e+04 0.000000000000000000e+00
4.100000000000000000e+04 0.000000000000000000e+00
4.110000000000000000e+04 0.000000000000000000e+00
4.120000000000000000e+04 0.000000000000000000e+00
4.130000000000000000e+04 0.000000000000000000e+00
4.140000000000000000e+04 8.890457814381136359e-18
4.150000000000000000e+04 0.000000000000000000e+00
4.160000000000000000e+04 -8.890457814381136359e-18
4.170000000000000000e+04 0.000000000000000000e+00
4.180000000000000000e+04 -1.000000000140428488e-08
4.190000000000000000e+04 1.000000000140428488e-08
4.200000000000000000e+04 0.000000000000000000e+00
4.210000000000000000e+04 0.000000000000000000e+00
4.220000000000000000e+04 8.876905287225067553e-18
4.230000000000000000e+04 -1.000000000140428488e-08
4.240000000000000000e+04 9.999999992513827068e-09
4.250000000000000000e+04 0.000000000000000000e+00
4.260000000000000000e+04 0.000000000000000000e+00
4.270000000000000000e+04 0.000000000000000000e+00
4.280000000000000000e+04 -1.000000000140428488e-08
4.290000000000000000e+04 1.000000000140428488e-08
4.300000000000000000e+04 0.000000000000000000e+00
4.310000000000000000e+04 8.890457814381136359e-18
4.320000000000000000e+04 0.000000000000000000e+00
4.330000000000000000e+04 -8.890457814381136359e-18
4.340000000000000000e+04 0.000000000000000000e+00
4.350000000000000000e+04 0.000000000000000000e+00
4.360000000000000000e+04 0.000000000000000000e+00
4.370000000000000000e+04 0.000000000000000000e+00
4.380000000000000000e+04 8.890457814381136359e-18
4.390000000000000000e+04 0.000000000000000000e+00
4.400000000000000000e+04 0.000000000000000000e+00
4.410000000000000000e+04 -8.890457814381136359e-18
4.420000000000000000e+04 0.000000000000000000e+00
4.430000000000000000e+04 0.000000000000000000e+00
4.440000000000000000e+04 0.000000000000000000e+00
4.450000000000000000e+04 0.000000000000000000e+00
4.460000000000000000e+04 0.000000000000000000e+00
4.470000000000000000e+04 8.876905287225067553e-18
4.480000000000000000e+04 0.000000000000000000e+00
4.490000000000000000e+04 0.000000000000000000e+00
4.500000000000000000e+04 -8.876905287225067553e-18
4.510000000000000000e+04 0.000000000000000000e+00
4.520000000000000000e+04 0.000000000000000000e+00
4.530000000000000000e+04 0.000000000000000000e+00
4.540000000000000000e+04 0.000000000000000000e+00
4.550000000000000000e+04 0.000000000000000000e+00
4.560000000000000000e+04 1.000000000140428488e-08
4.570000000000000000e+04 -9.999999992513827068e-09
4.580000000000000000e+04 9.999999992513827068e-09
4.590000000000000000e+04 1.000000000139073236e-08
4.600000000000000000e+04 0.000000000000000000e+00
4.610000000000000000e+04 1.000000000140428488e-08
4.620000000000000000e+04 0.000000000000000000e+00
4.630000000000000000e+04 1.000000000140428488e-08
4.640000000000000000e+04 -1.000000000140428488e-08
4.650000000000000000e+04 -1.000000000140428488e-08
4.660000000000000000e+04 0.000000000000000000e+00
4.670000000000000000e+04 -1.000000000140428488e-08
4.680000000000000000e+04 -2.000000000279501724e-08
4.690000000000000000e+04 -2.999999999530884431e-08
4.700000000000000000e+04 -3.000000000419930212e-08
4.710000000000000000e+04 -3.999999999671312919e-08
4.720000000000000000e+04 -5.999999999950814643e-08
4.730000000000000000e+04 -5.999999999950814643e-08
4.740000000000000000e+04 -8.999999999481699074e-08
4.750000000000000000e+04 -1.000000000139750862e-07
4.760000000000000000e+04 -1.099999999976120080e-07
4.770000000000000000e+04 -1.399999999929208523e-07
4.780000000000000000e+04 -1.500000000032020425e-07
4.790000000000000000e+04 -1.899999999999151716e-07
4.800000000000000000e+04 -2.099999999938332836e-07
4.810000000000000000e+04 -2.300000000055052061e-07
4.820000000000000000e+04 -2.599999999919371451e-07
4.830000000000000000e+04 -2.900000000138902578e-07
4.840000000000000000e+04 -3.399999999942403088e-07
4.850000000000000000e+04 -3.699999999984260584e-07
4.860000000000000000e+04 -4.000000000026118080e-07
4.870000000000000000e+04 -4.399999999993384897e-07
4.880000000000000000e+04 -4.899999999974287987e-07
4.890000000000000000e+04 -5.300000000030323857e-07
4.900000000000000000e+04 -5.699999999997455149e-07
4.910000000000000000e+04 -6.000000000039312645e-07
4.920000000000000000e+04 -6.500000000020351261e-07
4.930000000000000000e+04 -6.599999999945489531e-07
4.940000000000000000e+04 -6.899999999987482553e-07
4.950000000000000000e+04 -6.899999999987482553e-07
4.960000000000000000e+04 -7.000000000001525401e-07
4.970000000000000000e+04 -7.299999999954613844e-07
4.980000000000000000e+04 -7.499999999982428492e-07
4.990000000000000000e+04 -9.900000000051523402e-07
5.000000000000000000e+04 0.000000000000000000e+00
