-5.000000000000000000e+04 -2.266269000000000172e-05
-4.990000000000000000e+04 -2.258584000000000600e-05
-4.980000000000000000e+04 -2.253076999999996860e-05
-4.970000000000000000e+04 -2.249360000000002465e-05
-4.960000000000000000e+04 -2.246790000000002251e-05
-4.950000000000000000e+04 -2.245019999999993627e-05
-4.940000000000000000e+04 -2.243810000000002493e-05
-4.930000000000000000e+04 -2.242990000000000017e-05
-4.920000000000000000e+04 -2.242460000000001566e-05
-4.910000000000000000e+04 -2.242140000000003575e-05
-4.900000000000000000e+04 -2.241999999999994458e-05
-4.890000000000000000e+04 -2.241969999999995748e-05
-4.880000000000000000e+04 -2.242060000000010853e-05
-4.870000000000000000e+04 -2.242229999999990897e-05
-4.860000000000000000e+04 -2.242479999999997544e-05
-4.850000000000000000e+04 -2.242840000000010531e-05
-4.840000000000000000e+04 -2.243079999999994794e-05
-4.830000000000000000e+04 -2.243610000000006798e-05
-4.820000000000000000e+04 -2.244089999999990232e-05
-4.810000000000000000e+04 -2.244620000000002914e-05
-4.800000000000000000e+04 -2.245199999999989278e-05
-4.790000000000000000e+04 -2.245820000000023163e-05
-4.780000000000000000e+04 -2.246489999999990074e-05
-4.770000000000000000e+04 -2.247209999999999784e-05
-4.760000000000000000e+04 -2.247899999999997231e-05
-4.750000000000000000e+04 -2.248699999999992887e-05
-4.740000000000000000e+04 -2.249500000000014970e-05
-4.730000000000000000e+04 -2.250299999999997073e-05
-4.720000000000000000e+04 -2.251099999999992050e-05
-4.710000000000000000e+04 -2.252099999999992888e-05
-4.700000000000000000e+04 -2.252900000000029201e-05
-4.690000000000000000e+04 -2.253800000000000681e-05
-4.680000000000000000e+04 -2.254799999999973736e-05
-4.670000000000000000e+04 -2.255599999999996497e-05
-4.660000000000000000e+04 -2.256599999999998012e-05
-4.650000000000000000e+04 -2.257500000000023024e-05
-4.640000000000000000e+04 -2.258499999999996757e-05
-4.630000000000000000e+04 -2.259399999999994665e-05
-4.620000000000000000e+04 -2.260299999999993250e-05
-4.610000000000000000e+04 -2.261199999999991158e-05
-4.600000000000000000e+04 -2.262099999999989065e-05
-4.590000000000000000e+04 -2.263000000000015433e-05
-4.580000000000000000e+04 -2.263799999999982628e-05
-4.570000000000000000e+04 -2.264700000000063884e-05
-4.560000000000000000e+04 -2.265399999999973262e-05
-4.550000000000000000e+04 -2.266099999999993093e-05
-4.540000000000000000e+04 -2.266800000000013601e-05
-4.530000000000000000e+04 -2.267399999999974937e-05
-4.520000000000000000e+04 -2.267800000000014439e-05
-4.510000000000000000e+04 -2.268399999999976452e-05
-4.500000000000000000e+04 -2.268899999999990423e-05
-4.490000000000000000e+04 -2.269300000000002142e-05
-4.480000000000000000e+04 -2.269800000000044574e-05
-4.470000000000000000e+04 -2.270099999999997120e-05
-4.460000000000000000e+04 -2.270500000000008839e-05
-4.450000000000000000e+04 -2.270799999999989846e-05
-4.440000000000000000e+04 -2.271099999999998635e-05
-4.430000000000000000e+04 -2.271399999999978964e-05
-4.420000000000000000e+04 -2.271600000000012607e-05
-4.410000000000000000e+04 -2.271899999999993613e-05
-4.400000000000000000e+04 -2.272099999999999473e-05
-4.390000000000000000e+04 -2.272300000000060898e-05
-4.380000000000000000e+04 -2.272399999999952697e-05
-4.370000000000000000e+04 -2.272600000000013444e-05
-4.360000000000000000e+04 -2.272700000000016374e-05
-4.350000000000000000e+04 -2.272799999999963738e-05
-4.340000000000000000e+04 -2.273000000000025163e-05
-4.330000000000000000e+04 -2.272899999999966668e-05
-4.320000000000000000e+04 -2.273099999999972527e-05
-4.310000000000000000e+04 -2.273100000000028093e-05
-4.300000000000000000e+04 -2.273099999999972527e-05
-4.290000000000000000e+04 -2.273100000000083658e-05
-4.280000000000000000e+04 -2.273099999999972527e-05
-4.270000000000000000e+04 -2.273099999999972527e-05
-4.260000000000000000e+04 -2.273100000000028093e-05
-4.250000000000000000e+04 -2.272999999999969598e-05
-4.240000000000000000e+04 -2.273000000000080728e-05
-4.230000000000000000e+04 -2.272899999999911103e-05
-4.220000000000000000e+04 -2.272900000000077799e-05
-4.210000000000000000e+04 -2.272699999999905243e-05
-4.200000000000000000e+04 -2.272600000000013444e-05
-4.190000000000000000e+04 -2.272500000000066080e-05
-4.180000000000000000e+04 -2.272499999999900061e-05
-4.170000000000000000e+04 -2.272300000000060898e-05
-4.160000000000000000e+04 -2.272199999999946837e-05
-4.150000000000000000e+04 -2.272100000000055038e-05
-4.140000000000000000e+04 -2.272000000000052108e-05
-4.130000000000000000e+04 -2.271799999999935118e-05
-4.120000000000000000e+04 -2.271800000000046249e-05
-4.110000000000000000e+04 -2.271599999999929258e-05
-4.100000000000000000e+04 -2.271500000000037459e-05
-4.090000000000000000e+04 -2.271399999999978964e-05
-4.080000000000000000e+04 -2.271400000000034530e-05
-4.070000000000000000e+04 -2.271299999999920469e-05
-4.060000000000000000e+04 -2.271200000000084235e-05
-4.050000000000000000e+04 -2.271300000000031600e-05
-4.040000000000000000e+04 -2.271099999999915287e-05
-4.030000000000000000e+04 -2.271100000000081983e-05
-4.020000000000000000e+04 -2.270999999999912357e-05
-4.010000000000000000e+04 -2.270900000000076124e-05
-4.000000000000000000e+04 -2.270799999999906498e-05
-3.990000000000000000e+04 -2.270700000000070264e-05
-3.980000000000000000e+04 -2.270499999999953274e-05
-3.970000000000000000e+04 -2.270300000000058545e-05
-3.960000000000000000e+04 -2.270199999999944485e-05
-3.950000000000000000e+04 -2.269800000000044574e-05
-3.940000000000000000e+04 -2.269600000000038714e-05
-3.930000000000000000e+04 -2.269299999999918794e-05
-3.920000000000000000e+04 -2.269000000000076701e-05
-3.910000000000000000e+04 -2.268599999999953851e-05
-3.900000000000000000e+04 -2.268199999999998375e-05
-3.890000000000000000e+04 -2.267699999999983726e-05
-3.880000000000000000e+04 -2.267099999999966825e-05
-3.870000000000000000e+04 -2.266700000000066237e-05
-3.860000000000000000e+04 -2.266100000000048658e-05
-3.850000000000000000e+04 -2.265399999999917697e-05
-3.840000000000000000e+04 -2.264700000000063884e-05
-3.830000000000000000e+04 -2.263999999999932923e-05
-3.820000000000000000e+04 -2.263200000000076858e-05
-3.810000000000000000e+04 -2.262299999999939359e-05
-3.800000000000000000e+04 -2.261400000000080365e-05
-3.790000000000000000e+04 -2.260399999999829484e-05
-3.780000000000000000e+04 -2.259400000000133578e-05
-3.770000000000000000e+04 -2.258199999999987968e-05
-3.760000000000000000e+04 -2.257100000000011983e-05
-3.750000000000000000e+04 -2.255800000000030139e-05
-3.740000000000000000e+04 -2.254499999999937164e-05
-3.730000000000000000e+04 -2.253000000000060591e-05
-3.720000000000000000e+04 -2.251599999999909121e-05
-3.710000000000000000e+04 -2.250000000000085861e-05
-3.700000000000000000e+04 -2.248399999999928532e-05
-3.690000000000000000e+04 -2.246599999999987604e-05
-3.680000000000000000e+04 -2.244799999999936224e-05
-3.670000000000000000e+04 -2.242900000000047932e-05
-3.660000000000000000e+04 -2.240800000000043327e-05
-3.650000000000000000e+04 -2.238599999999979549e-05
-3.640000000000000000e+04 -2.236300000000080216e-05
-3.630000000000000000e+04 -2.233799999999952761e-05
-3.620000000000000000e+04 -2.231300000000047568e-05
-3.610000000000000000e+04 -2.228399999999908395e-05
-3.600000000000000000e+04 -2.225699999999997342e-05
-3.590000000000000000e+04 -2.222700000000021935e-05
-3.580000000000000000e+04 -2.219700000000047205e-05
-3.570000000000000000e+04 -2.216700000000071798e-05
-3.560000000000000000e+04 -2.213399999999920905e-05
-3.550000000000000000e+04 -2.210299999999998811e-05
-3.540000000000000000e+04 -2.206999999999959049e-05
-3.530000000000000000e+04 -2.203799999999978460e-05
-3.520000000000000000e+04 -2.200400000000102464e-05
-3.510000000000000000e+04 -2.196999999999893754e-05
-3.500000000000000000e+04 -2.193600000000017758e-05
-3.490000000000000000e+04 -2.190200000000031309e-05
-3.480000000000000000e+04 -2.186699999999986365e-05
-3.470000000000000000e+04 -2.183400000000168865e-05
-3.460000000000000000e+04 -2.180099999999907519e-05
-3.450000000000000000e+04 -2.175700000000002903e-05
-3.440000000000000000e+04 -2.173099999999928084e-05
-3.430000000000000000e+04 -2.168700000000023468e-05
-3.420000000000000000e+04 -2.166099999999949327e-05
-3.410000000000000000e+04 -2.162699999999962200e-05
-3.400000000000000000e+04 -2.158300000000057585e-05
-3.390000000000000000e+04 -2.155799999999930130e-05
-3.380000000000000000e+04 -2.151500000000084009e-05
-3.370000000000000000e+04 -2.149099999999903919e-05
-3.360000000000000000e+04 -2.144700000000110434e-05
-3.350000000000000000e+04 -2.142499999999936204e-05
-3.340000000000000000e+04 -2.139300000000177876e-05
-3.330000000000000000e+04 -2.135099999999722788e-05
-3.320000000000000000e+04 -2.133100000000221202e-05
-3.310000000000000000e+04 -2.129000000000047548e-05
-3.300000000000000000e+04 -2.127099999999937672e-05
-3.290000000000000000e+04 -2.124199999999909629e-05
-3.280000000000000000e+04 -2.120400000000021915e-05
-3.270000000000000000e+04 -2.118700000000029029e-05
-3.260000000000000000e+04 -2.115199999999983407e-05
-3.250000000000000000e+04 -2.113599999999937886e-05
-3.240000000000000000e+04 -2.111300000000038553e-05
-3.230000000000000000e+04 -2.108099999999946155e-05
-3.220000000000000000e+04 -2.106900000000022806e-05
-3.210000000000000000e+04 -2.103999999999994763e-05
-3.200000000000000000e+04 -2.103099999999913508e-05
-3.190000000000000000e+04 -2.101600000000259196e-05
-3.180000000000000000e+04 -2.099100000000020611e-05
-3.170000000000000000e+04 -2.098999999999962116e-05
-3.160000000000000000e+04 -2.097000000000015329e-05
-3.150000000000000000e+04 -2.097099999999963371e-05
-3.140000000000000000e+04 -2.096399999999887297e-05
-3.130000000000000000e+04 -2.094900000000010724e-05
-3.120000000000000000e+04 -2.095399999999969807e-05
-3.110000000000000000e+04 -2.094200000000045781e-05
-3.100000000000000000e+04 -2.094999999999958088e-05
-3.090000000000000000e+04 -2.094899999999900271e-05
-3.080000000000000000e+04 -2.094000000000039921e-05
-3.070000000000000000e+04 -2.095100000000238845e-05
-3.060000000000000000e+04 -2.094399999999829379e-05
-3.050000000000000000e+04 -2.095800000000092657e-05
-3.040000000000000000e+04 -2.096299999999939932e-05
-3.030000000000000000e+04 -2.095800000000091980e-05
-3.020000000000000000e+04 -2.097499999999975090e-05
-3.010000000000000000e+04 -2.097299999999968552e-05
-3.000000000000000000e+04 -2.098999999999962116e-05
-2.990000000000000000e+04 -2.099999999999991413e-05
-2.980000000000000000e+04 -2.099999999999990736e-05
-2.970000000000000000e+04 -2.101999999999937523e-05
-2.960000000000000000e+04 -2.102200000000053836e-05
-2.950000000000000000e+04 -2.104400000000006482e-05
-2.940000000000000000e+04 -2.105600000000152093e-05
-2.930000000000000000e+04 -2.105899999999771247e-05
-2.920000000000000000e+04 -2.108400000000232771e-05
-2.910000000000000000e+04 -2.108699999999963056e-05
-2.900000000000000000e+04 -2.111299999999927422e-05
-2.890000000000000000e+04 -2.112699999999967761e-05
-2.880000000000000000e+04 -2.113300000000095793e-05
-2.870000000000000000e+04 -2.115999999999896393e-05
-2.860000000000000000e+04 -2.116500000000076382e-05
-2.850000000000000000e+04 -2.119199999999876982e-05
-2.840000000000000000e+04 -2.120899999999981676e-05
-2.830000000000000000e+04 -2.121700000000003759e-05
-2.820000000000000000e+04 -2.124299999999968125e-05
-2.810000000000000000e+04 -2.125100000000102016e-05
-2.800000000000000000e+04 -2.127900000000182694e-05
-2.790000000000000000e+04 -2.129599999999842865e-05
-2.780000000000000000e+04 -2.130400000000087887e-05
-2.770000000000000000e+04 -2.133199999999946304e-05
-2.760000000000000000e+04 -2.133900000000021701e-05
-2.750000000000000000e+04 -2.136699999999991926e-05
-2.740000000000000000e+04 -2.137300000000008827e-05
-2.730000000000000000e+04 -2.140099999999978375e-05
-2.720000000000000000e+04 -2.141699999999913443e-05
-2.710000000000000000e+04 -2.142300000000041475e-05
-2.700000000000000000e+04 -2.144799999999947345e-05
-2.690000000000000000e+04 -2.145400000000074700e-05
-2.680000000000000000e+04 -2.147899999999869440e-05
-2.670000000000000000e+04 -2.149400000000301666e-05
-2.660000000000000000e+04 -2.149999999999651783e-05
-2.650000000000000000e+04 -2.152000000000154224e-05
-2.640000000000000000e+04 -2.153000000000071713e-05
-2.630000000000000000e+04 -2.154999999999907369e-05
-2.620000000000000000e+04 -2.156999999999964610e-05
-2.610000000000000000e+04 -2.157000000000186194e-05
-2.600000000000000000e+04 -2.159999999999940017e-05
-2.590000000000000000e+04 -2.159999999999940017e-05
-2.580000000000000000e+04 -2.161999999999997935e-05
-2.570000000000000000e+04 -2.163999999999832914e-05
-2.560000000000000000e+04 -2.164000000000054498e-05
-2.550000000000000000e+04 -2.166000000000112415e-05
-2.540000000000000000e+04 -2.167000000000029905e-05
-2.530000000000000000e+04 -2.169000000000087823e-05
-2.520000000000000000e+04 -2.170000000000005312e-05
-2.510000000000000000e+04 -2.170999999999922802e-05
-2.500000000000000000e+04 -2.172999999999980720e-05
-2.490000000000000000e+04 -2.172999999999980720e-05
-2.480000000000000000e+04 -2.175999999999956127e-05
-2.470000000000000000e+04 -2.175999999999956127e-05
-2.460000000000000000e+04 -2.177000000000095200e-05
-2.450000000000000000e+04 -2.178999999999931534e-05
-2.440000000000000000e+04 -2.180000000000070607e-05
-2.430000000000000000e+04 -2.181999999999906942e-05
-2.420000000000000000e+04 -2.181999999999906942e-05
-2.410000000000000000e+04 -2.183000000000046015e-05
-2.400000000000000000e+04 -2.186000000000243684e-05
-2.390000000000000000e+04 -2.184999999999880994e-05
-2.380000000000000000e+04 -2.187000000000161851e-05
-2.370000000000000000e+04 -2.188999999999774568e-05
-2.360000000000000000e+04 -2.189000000000218413e-05
-2.350000000000000000e+04 -2.190999999999832486e-05
-2.340000000000000000e+04 -2.191000000000054070e-05
-2.330000000000000000e+04 -2.192999999999889726e-05
-2.320000000000000000e+04 -2.194000000000029477e-05
-2.310000000000000000e+04 -2.194999999999946966e-05
-2.300000000000000000e+04 -2.196000000000087395e-05
-2.290000000000000000e+04 -2.197000000000004207e-05
-2.280000000000000000e+04 -2.198999999999840541e-05
-2.270000000000000000e+04 -2.199000000000284386e-05
-2.260000000000000000e+04 -2.199999999999757353e-05
-2.250000000000000000e+04 -2.202000000000259793e-05
-2.240000000000000000e+04 -2.202000000000037532e-05
-2.230000000000000000e+04 -2.204999999999790678e-05
-2.220000000000000000e+04 -2.205000000000012939e-05
-2.210000000000000000e+04 -2.205000000000012262e-05
-2.200000000000000000e+04 -2.207000000000070180e-05
-2.190000000000000000e+04 -2.207999999999987669e-05
-2.180000000000000000e+04 -2.208999999999905836e-05
-2.170000000000000000e+04 -2.210000000000045587e-05
-2.160000000000000000e+04 -2.210999999999963076e-05
-2.150000000000000000e+04 -2.211999999999881243e-05
-2.140000000000000000e+04 -2.212000000000102827e-05
-2.130000000000000000e+04 -2.215000000000078912e-05
-2.120000000000000000e+04 -2.215000000000078234e-05
-2.110000000000000000e+04 -2.215000000000078234e-05
-2.100000000000000000e+04 -2.216999999999913891e-05
-2.090000000000000000e+04 -2.216999999999913213e-05
-2.080000000000000000e+04 -2.218000000000053642e-05
-2.070000000000000000e+04 -2.218999999999971131e-05
-2.060000000000000000e+04 -2.219999999999889298e-05
-2.050000000000000000e+04 -2.221999999999946538e-05
-2.040000000000000000e+04 -2.221000000000028371e-05
-2.030000000000000000e+04 -2.221999999999946538e-05
-2.020000000000000000e+04 -2.223000000000086289e-05
-2.010000000000000000e+04 -2.224000000000004456e-05
-2.000000000000000000e+04 -2.225000000000144207e-05
-1.990000000000000000e+04 -2.224999999999921268e-05
-1.980000000000000000e+04 -2.226000000000061697e-05
-1.970000000000000000e+04 -2.226000000000061019e-05
-1.960000000000000000e+04 -2.226999999999979186e-05
-1.950000000000000000e+04 -2.227999999999897353e-05
-1.940000000000000000e+04 -2.228000000000118937e-05
-1.930000000000000000e+04 -2.229000000000037104e-05
-1.920000000000000000e+04 -2.228999999999814165e-05
-1.910000000000000000e+04 -2.229999999999954593e-05
-1.900000000000000000e+04 -2.229999999999954593e-05
-1.890000000000000000e+04 -2.230000000000398439e-05
-1.880000000000000000e+04 -2.231999999999790250e-05
-1.870000000000000000e+04 -2.229999999999953916e-05
-1.860000000000000000e+04 -2.231999999999790250e-05
-1.850000000000000000e+04 -2.233000000000151585e-05
-1.840000000000000000e+04 -2.231000000000094344e-05
-1.830000000000000000e+04 -2.232999999999930001e-05
-1.820000000000000000e+04 -2.231999999999789572e-05
-1.810000000000000000e+04 -2.233000000000151585e-05
-1.800000000000000000e+04 -2.233000000000373168e-05
-1.790000000000000000e+04 -2.231999999999789572e-05
-1.780000000000000000e+04 -2.232999999999930001e-05
-1.770000000000000000e+04 -2.232000000000234095e-05
-1.760000000000000000e+04 -2.232999999999930001e-05
-1.750000000000000000e+04 -2.232000000000011834e-05
-1.740000000000000000e+04 -2.231999999999789572e-05
-1.730000000000000000e+04 -2.232000000000011834e-05
-1.720000000000000000e+04 -2.232000000000234095e-05
-1.710000000000000000e+04 -2.231999999999790250e-05
-1.700000000000000000e+04 -2.232000000000011834e-05
-1.690000000000000000e+04 -2.230999999999871405e-05
-1.680000000000000000e+04 -2.230999999999872083e-05
-1.670000000000000000e+04 -2.230000000000176177e-05
-1.660000000000000000e+04 -2.232000000000011834e-05
-1.650000000000000000e+04 -2.231000000000094344e-05
-1.640000000000000000e+04 -2.229000000000258688e-05
-1.630000000000000000e+04 -2.230999999999872083e-05
-1.620000000000000000e+04 -2.228999999999814165e-05
-1.610000000000000000e+04 -2.230999999999872083e-05
-1.600000000000000000e+04 -2.229999999999954593e-05
-1.590000000000000000e+04 -2.229000000000258688e-05
-1.580000000000000000e+04 -2.229000000000037104e-05
-1.570000000000000000e+04 -2.228999999999814165e-05
-1.560000000000000000e+04 -2.228999999999814843e-05
-1.550000000000000000e+04 -2.230000000000397761e-05
-1.540000000000000000e+04 -2.227999999999896676e-05
-1.530000000000000000e+04 -2.229000000000037104e-05
-1.520000000000000000e+04 -2.228999999999814165e-05
-1.510000000000000000e+04 -2.229000000000258010e-05
-1.500000000000000000e+04 -2.229000000000037104e-05
-1.490000000000000000e+04 -2.227999999999674414e-05
-1.480000000000000000e+04 -2.229999999999954593e-05
-1.470000000000000000e+04 -2.229000000000258688e-05
-1.460000000000000000e+04 -2.229000000000037104e-05
-1.450000000000000000e+04 -2.228999999999814165e-05
-1.440000000000000000e+04 -2.229999999999954593e-05
-1.430000000000000000e+04 -2.230999999999872083e-05
-1.420000000000000000e+04 -2.230000000000398439e-05
-1.410000000000000000e+04 -2.230999999999872083e-05
-1.400000000000000000e+04 -2.230999999999871405e-05
-1.390000000000000000e+04 -2.231999999999790250e-05
-1.380000000000000000e+04 -2.233000000000594752e-05
-1.370000000000000000e+04 -2.232999999999707062e-05
-1.360000000000000000e+04 -2.233999999999847490e-05
-1.350000000000000000e+04 -2.234000000000291335e-05
-1.340000000000000000e+04 -2.237000000000045159e-05
-1.330000000000000000e+04 -2.236999999999822897e-05
-1.320000000000000000e+04 -2.237999999999961971e-05
-1.310000000000000000e+04 -2.238999999999880138e-05
-1.300000000000000000e+04 -2.240000000000242150e-05
-1.290000000000000000e+04 -2.242000000000077807e-05
-1.280000000000000000e+04 -2.243999999999912785e-05
-1.270000000000000000e+04 -2.242999999999772357e-05
-1.260000000000000000e+04 -2.246000000000413871e-05
-1.250000000000000000e+04 -2.245999999999747764e-05
-1.240000000000000000e+04 -2.248999999999946111e-05
-1.230000000000000000e+04 -2.248999999999946111e-05
-1.220000000000000000e+04 -2.250000000000307445e-05
-1.210000000000000000e+04 -2.251999999999920840e-05
-1.200000000000000000e+04 -2.252999999999838330e-05
-1.190000000000000000e+04 -2.253999999999978758e-05
-1.180000000000000000e+04 -2.255999999999814415e-05
-1.170000000000000000e+04 -2.255000000000340093e-05
-1.160000000000000000e+04 -2.257999999999871655e-05
-1.150000000000000000e+04 -2.257999999999870977e-05
-1.140000000000000000e+04 -2.259000000000011406e-05
-1.130000000000000000e+04 -2.261000000000290230e-05
-1.120000000000000000e+04 -2.260999999999846385e-05
-1.110000000000000000e+04 -2.261999999999986813e-05
-1.100000000000000000e+04 -2.262000000000208397e-05
-1.090000000000000000e+04 -2.262999999999904303e-05
-1.080000000000000000e+04 -2.264000000000044053e-05
-1.070000000000000000e+04 -2.263999999999821114e-05
-1.060000000000000000e+04 -2.264999999999961543e-05
-1.050000000000000000e+04 -2.264000000000265637e-05
-1.040000000000000000e+04 -2.264999999999961543e-05
-1.030000000000000000e+04 -2.264999999999961543e-05
-1.020000000000000000e+04 -2.264999999999739281e-05
-1.010000000000000000e+04 -2.264999999999961543e-05
-1.000000000000000000e+04 -2.263000000000348148e-05
-9.900000000000000000e+03 -2.264999999999961543e-05
-9.800000000000000000e+03 -2.263999999999821792e-05
-9.700000000000000000e+03 -2.262000000000208397e-05
-9.600000000000000000e+03 -2.261999999999986813e-05
-9.500000000000000000e+03 -2.259999999999928218e-05
-9.400000000000000000e+03 -2.259999999999928895e-05
-9.300000000000000000e+03 -2.258999999999789144e-05
-9.200000000000000000e+03 -2.256000000000258260e-05
-9.100000000000000000e+03 -2.255000000000118509e-05
-9.000000000000000000e+03 -2.251999999999698579e-05
-8.900000000000000000e+03 -2.251000000000003351e-05
-8.800000000000000000e+03 -2.247000000000331360e-05
-8.700000000000000000e+03 -2.244999999999830275e-05
-8.600000000000000000e+03 -2.242000000000077807e-05
-8.500000000000000000e+03 -2.237999999999739709e-05
-8.400000000000000000e+03 -2.236000000000348576e-05
-8.300000000000000000e+03 -2.230999999999871405e-05
-8.200000000000000000e+03 -2.228999999999814843e-05
-8.100000000000000000e+03 -2.226000000000061697e-05
-8.000000000000000000e+03 -2.220000000000333143e-05
-7.900000000000000000e+03 -2.218999999999749547e-05
-7.800000000000000000e+03 -2.213000000000020317e-05
-7.700000000000000000e+03 -2.210999999999741492e-05
-7.600000000000000000e+03 -2.206000000000152690e-05
-7.500000000000000000e+03 -2.202000000000259793e-05
-7.400000000000000000e+03 -2.198999999999840541e-05
-7.300000000000000000e+03 -2.193999999999807216e-05
-7.200000000000000000e+03 -2.191000000000497237e-05
-7.100000000000000000e+03 -2.186999999999939589e-05
-7.000000000000000000e+03 -2.181999999999684002e-05
-6.900000000000000000e+03 -2.178000000000013367e-05
-6.800000000000000000e+03 -2.174000000000342732e-05
-6.700000000000000000e+03 -2.170999999999923479e-05
-6.600000000000000000e+03 -2.166999999999808321e-05
-6.500000000000000000e+03 -2.161999999999774996e-05
-6.400000000000000000e+03 -2.159000000000022528e-05
-6.300000000000000000e+03 -2.155000000000351215e-05
-6.200000000000000000e+03 -2.151999999999931962e-05
-6.100000000000000000e+03 -2.147999999999816804e-05
-6.000000000000000000e+03 -2.142999999999783479e-05
-5.900000000000000000e+03 -2.142000000000532096e-05
-5.800000000000000000e+03 -2.135999999999693591e-05
-5.700000000000000000e+03 -2.134999999999998363e-05
-5.600000000000000000e+03 -2.132000000000022956e-05
-5.500000000000000000e+03 -2.127000000000211892e-05
-5.400000000000000000e+03 -2.125999999999850557e-05
-5.300000000000000000e+03 -2.121999999999956983e-05
-5.200000000000000000e+03 -2.120999999999817909e-05
-5.100000000000000000e+03 -2.118000000000064764e-05
-5.000000000000000000e+03 -2.115000000000310940e-05
-4.900000000000000000e+03 -2.114999999999867095e-05
-4.800000000000000000e+03 -2.111999999999891687e-05
-4.700000000000000000e+03 -2.110999999999974198e-05
-4.600000000000000000e+03 -2.110000000000277615e-05
-4.500000000000000000e+03 -2.108999999999916280e-05
-4.400000000000000000e+03 -2.108999999999916958e-05
-4.300000000000000000e+03 -2.109000000000138542e-05
-4.200000000000000000e+03 -2.108999999999916958e-05
-4.100000000000000000e+03 -2.110000000000056709e-05
-4.000000000000000000e+03 -2.109999999999833770e-05
-3.900000000000000000e+03 -2.110999999999974198e-05
-3.800000000000000000e+03 -2.112000000000113949e-05
-3.700000000000000000e+03 -2.113000000000032116e-05
-3.600000000000000000e+03 -2.114999999999867095e-05
-3.500000000000000000e+03 -2.116000000000006168e-05
-3.400000000000000000e+03 -2.117999999999620241e-05
-3.300000000000000000e+03 -2.119000000000426098e-05
-3.200000000000000000e+03 -2.120999999999817909e-05
-3.100000000000000000e+03 -2.124000000000237162e-05
-3.000000000000000000e+03 -2.124999999999932390e-05
-2.900000000000000000e+03 -2.128000000000352320e-05
-2.800000000000000000e+03 -2.129999999999742776e-05
-2.700000000000000000e+03 -2.132000000000022956e-05
-2.600000000000000000e+03 -2.135999999999694268e-05
-2.500000000000000000e+03 -2.136000000000138114e-05
-2.400000000000000000e+03 -2.140999999999949177e-05
-2.300000000000000000e+03 -2.142000000000088251e-05
-2.200000000000000000e+03 -2.145000000000063658e-05
-2.100000000000000000e+03 -2.149000000000178139e-05
-2.000000000000000000e+03 -2.149999999999874044e-05
-1.900000000000000000e+03 -2.153999999999989880e-05
-1.800000000000000000e+03 -2.155999999999824181e-05
-1.700000000000000000e+03 -2.159000000000243434e-05
-1.600000000000000000e+03 -2.160999999999635245e-05
-1.500000000000000000e+03 -2.165000000000194926e-05
-1.400000000000000000e+03 -2.167999999999725811e-05
-1.300000000000000000e+03 -2.170000000000449835e-05
-1.200000000000000000e+03 -2.172999999999980720e-05
-1.100000000000000000e+03 -2.174999999999815698e-05
-1.000000000000000000e+03 -2.177999999999791783e-05
-9.000000000000000000e+02 -2.181000000000211036e-05
-8.000000000000000000e+02 -2.181999999999906264e-05
-7.000000000000000000e+02 -2.186000000000021422e-05
-6.000000000000000000e+02 -2.187000000000160495e-05
-5.000000000000000000e+02 -2.190000000000135903e-05
-4.000000000000000000e+02 -2.193000000000111988e-05
-3.000000000000000000e+02 -2.192999999999667465e-05
-2.000000000000000000e+02 -2.196000000000087395e-05
-1.000000000000000000e+02 -2.197000000000226468e-05
0.000000000000000000e+00 -2.199000000000062125e-05
1.000000000000000000e+02 -2.199999999999758030e-05
2.000000000000000000e+02 -2.200999999999897103e-05
3.000000000000000000e+02 -2.202000000000037532e-05
4.000000000000000000e+02 -2.202000000000037532e-05
5.000000000000000000e+02 -2.203000000000177283e-05
6.000000000000000000e+02 -2.204999999999569094e-05
7.000000000000000000e+02 -2.203000000000176605e-05
8.000000000000000000e+02 -2.205000000000012262e-05
9.000000000000000000e+02 -2.203000000000176605e-05
1.000000000000000000e+03 -2.205000000000012939e-05
1.100000000000000000e+03 -2.204999999999569094e-05
1.200000000000000000e+03 -2.203000000000621128e-05
1.300000000000000000e+03 -2.203999999999873188e-05
1.400000000000000000e+03 -2.202999999999732760e-05
1.500000000000000000e+03 -2.202999999999733438e-05
1.600000000000000000e+03 -2.203000000000177283e-05
1.700000000000000000e+03 -2.201000000000341626e-05
1.800000000000000000e+03 -2.200999999999897781e-05
1.900000000000000000e+03 -2.198999999999617602e-05
2.000000000000000000e+03 -2.200000000000201875e-05
2.100000000000000000e+03 -2.198000000000365541e-05
2.200000000000000000e+03 -2.195999999999642194e-05
2.300000000000000000e+03 -2.196000000000087395e-05
2.400000000000000000e+03 -2.194000000000251738e-05
2.500000000000000000e+03 -2.192999999999668142e-05
2.600000000000000000e+03 -2.191999999999972237e-05
2.700000000000000000e+03 -2.188999999999996152e-05
2.800000000000000000e+03 -2.188999999999996829e-05
2.900000000000000000e+03 -2.186000000000021422e-05
3.000000000000000000e+03 -2.186000000000021422e-05
3.100000000000000000e+03 -2.183000000000046692e-05
3.200000000000000000e+03 -2.180999999999766513e-05
3.300000000000000000e+03 -2.180000000000071285e-05
3.400000000000000000e+03 -2.178000000000235629e-05
3.500000000000000000e+03 -2.175999999999956127e-05
3.600000000000000000e+03 -2.174000000000120470e-05
3.700000000000000000e+03 -2.171000000000145063e-05
3.800000000000000000e+03 -2.170000000000005312e-05
3.900000000000000000e+03 -2.165999999999445631e-05
4.000000000000000000e+03 -2.166000000000334677e-05
4.100000000000000000e+03 -2.162999999999915424e-05
4.200000000000000000e+03 -2.159999999999940017e-05
4.300000000000000000e+03 -2.159000000000244111e-05
4.400000000000000000e+03 -2.154999999999684430e-05
4.500000000000000000e+03 -2.153999999999989880e-05
4.600000000000000000e+03 -2.151000000000014473e-05
4.700000000000000000e+03 -2.149000000000178816e-05
4.800000000000000000e+03 -2.146999999999899315e-05
4.900000000000000000e+03 -2.142999999999783479e-05
5.000000000000000000e+03 -2.142000000000532096e-05
5.100000000000000000e+03 -2.137999999999528570e-05
5.200000000000000000e+03 -2.136000000000138114e-05
5.300000000000000000e+03 -2.134999999999998363e-05
5.400000000000000000e+03 -2.130000000000187299e-05
5.500000000000000000e+03 -2.130000000000187977e-05
5.600000000000000000e+03 -2.124999999999487867e-05
5.700000000000000000e+03 -2.124000000000237162e-05
5.800000000000000000e+03 -2.121999999999957660e-05
5.900000000000000000e+03 -2.118000000000286347e-05
6.000000000000000000e+03 -2.115999999999563000e-05
6.100000000000000000e+03 -2.113000000000031438e-05
6.200000000000000000e+03 -2.112000000000335533e-05
6.300000000000000000e+03 -2.108999999999916958e-05
6.400000000000000000e+03 -2.104999999999801122e-05
6.500000000000000000e+03 -2.104000000000105894e-05
6.600000000000000000e+03 -2.101000000000130487e-05
6.700000000000000000e+03 -2.098999999999851663e-05
6.800000000000000000e+03 -2.095999999999876255e-05
6.900000000000000000e+03 -2.094000000000039921e-05
7.000000000000000000e+03 -2.091999999999761097e-05
7.100000000000000000e+03 -2.088000000000534307e-05
7.200000000000000000e+03 -2.087999999999645939e-05
7.300000000000000000e+03 -2.085000000000115054e-05
7.400000000000000000e+03 -2.081999999999695124e-05
7.500000000000000000e+03 -2.081000000000443064e-05
7.600000000000000000e+03 -2.078000000000023811e-05
7.700000000000000000e+03 -2.075999999999744987e-05
7.800000000000000000e+03 -2.075000000000049082e-05
7.900000000000000000e+03 -2.072000000000073674e-05
8.000000000000000000e+03 -2.070000000000238696e-05
8.100000000000000000e+03 -2.067999999999514671e-05
8.200000000000000000e+03 -2.067999999999959194e-05
8.300000000000000000e+03 -2.064999999999983786e-05
8.400000000000000000e+03 -2.063000000000591975e-05
8.500000000000000000e+03 -2.061999999999564534e-05
8.600000000000000000e+03 -2.059000000000032972e-05
8.700000000000000000e+03 -2.059999999999728877e-05
8.800000000000000000e+03 -2.058000000000780911e-05
8.900000000000000000e+03 -2.054999999999473968e-05
9.000000000000000000e+03 -2.054999999999918491e-05
9.100000000000000000e+03 -2.054000000000222586e-05
9.200000000000000000e+03 -2.053000000000082835e-05
9.300000000000000000e+03 -2.053000000000082835e-05
9.400000000000000000e+03 -2.049999999999662905e-05
9.500000000000000000e+03 -2.050999999999803333e-05
9.600000000000000000e+03 -2.050000000000551273e-05
9.700000000000000000e+03 -2.048999999999967677e-05
9.800000000000000000e+03 -2.049999999999663582e-05
9.900000000000000000e+03 -2.047999999999827248e-05
1.000000000000000000e+04 -2.048999999999967677e-05
1.010000000000000000e+04 -2.047000000000576543e-05
1.020000000000000000e+04 -2.048999999999967677e-05
1.030000000000000000e+04 -2.047999999999827926e-05
1.040000000000000000e+04 -2.047000000000132020e-05
1.050000000000000000e+04 -2.048999999999967677e-05
1.060000000000000000e+04 -2.046999999999687497e-05
1.070000000000000000e+04 -2.048999999999967677e-05
1.080000000000000000e+04 -2.048999999999967677e-05
1.090000000000000000e+04 -2.049000000000411522e-05
1.100000000000000000e+04 -2.050000000000107427e-05
1.110000000000000000e+04 -2.048999999999523154e-05
1.120000000000000000e+04 -2.051000000000247178e-05
1.130000000000000000e+04 -2.051000000000247178e-05
1.140000000000000000e+04 -2.051999999999943084e-05
1.150000000000000000e+04 -2.054000000000221908e-05
1.160000000000000000e+04 -2.052999999999638312e-05
1.170000000000000000e+04 -2.054999999999918491e-05
1.180000000000000000e+04 -2.054999999999917814e-05
1.190000000000000000e+04 -2.057000000000197993e-05
1.200000000000000000e+04 -2.057999999999893899e-05
1.210000000000000000e+04 -2.057999999999893221e-05
1.220000000000000000e+04 -2.060999999999868628e-05
1.230000000000000000e+04 -2.060000000000617246e-05
1.240000000000000000e+04 -2.063999999999844036e-05
1.250000000000000000e+04 -2.063999999999844036e-05
1.260000000000000000e+04 -2.064999999999983109e-05
1.270000000000000000e+04 -2.067999999999959194e-05
1.280000000000000000e+04 -2.067999999999958516e-05
1.290000000000000000e+04 -2.070999999999934601e-05
1.300000000000000000e+04 -2.071999999999629829e-05
1.310000000000000000e+04 -2.073000000001102471e-05
1.320000000000000000e+04 -2.075999999999744987e-05
1.330000000000000000e+04 -2.076999999999884060e-05
1.340000000000000000e+04 -2.079999999999860145e-05
1.350000000000000000e+04 -2.080999999999999896e-05
1.360000000000000000e+04 -2.082999999999834875e-05
1.370000000000000000e+04 -2.085999999999810282e-05
1.380000000000000000e+04 -2.086999999999950033e-05
1.390000000000000000e+04 -2.089999999999925441e-05
1.400000000000000000e+04 -2.091999999999761097e-05
1.410000000000000000e+04 -2.094000000000928967e-05
1.420000000000000000e+04 -2.097000000000016006e-05
1.430000000000000000e+04 -2.098999999999850985e-05
1.440000000000000000e+04 -2.101999999999826392e-05
1.450000000000000000e+04 -2.104000000000105894e-05
1.460000000000000000e+04 -2.104999999999801122e-05
1.470000000000000000e+04 -2.109999999999612863e-05
1.480000000000000000e+04 -2.110000000000945077e-05
1.490000000000000000e+04 -2.113999999999727344e-05
1.500000000000000000e+04 -2.116000000000006846e-05
1.510000000000000000e+04 -2.117999999999841825e-05
1.520000000000000000e+04 -2.120000000000122004e-05
1.530000000000000000e+04 -2.122999999999652888e-05
1.540000000000000000e+04 -2.124999999999933068e-05
1.550000000000000000e+04 -2.127999999999907797e-05
1.560000000000000000e+04 -2.129000000000047548e-05
1.570000000000000000e+04 -2.133000000000606552e-05
1.580000000000000000e+04 -2.132999999999718183e-05
1.590000000000000000e+04 -2.137000000000277865e-05
1.600000000000000000e+04 -2.137999999999973770e-05
1.610000000000000000e+04 -2.139999999999808749e-05
1.620000000000000000e+04 -2.142999999999784156e-05
1.630000000000000000e+04 -2.142999999999783479e-05
1.640000000000000000e+04 -2.146999999999899315e-05
1.650000000000000000e+04 -2.148000000000039065e-05
1.660000000000000000e+04 -2.149000000000623339e-05
1.670000000000000000e+04 -2.151000000000014473e-05
1.680000000000000000e+04 -2.151999999999709701e-05
1.690000000000000000e+04 -2.155000000000129631e-05
1.700000000000000000e+04 -2.155999999999824859e-05
1.710000000000000000e+04 -2.155999999999824181e-05
1.720000000000000000e+04 -2.158000000000104361e-05
1.730000000000000000e+04 -2.159000000000688634e-05
1.740000000000000000e+04 -2.159999999999940017e-05
1.750000000000000000e+04 -2.160999999999635245e-05
1.760000000000000000e+04 -2.162000000000219519e-05
1.770000000000000000e+04 -2.162999999999915424e-05
1.780000000000000000e+04 -2.161999999999774996e-05
1.790000000000000000e+04 -2.162999999999915424e-05
1.800000000000000000e+04 -2.162999999999914747e-05
1.810000000000000000e+04 -2.163999999999611330e-05
1.820000000000000000e+04 -2.164000000000942866e-05
1.830000000000000000e+04 -2.161999999999774996e-05
1.840000000000000000e+04 -2.162000000000219519e-05
1.850000000000000000e+04 -2.160999999999635245e-05
1.860000000000000000e+04 -2.161000000000079768e-05
1.870000000000000000e+04 -2.158999999999800266e-05
1.880000000000000000e+04 -2.157999999999659838e-05
1.890000000000000000e+04 -2.158000000000104361e-05
1.900000000000000000e+04 -2.155000000000573476e-05
1.910000000000000000e+04 -2.153999999999989880e-05
1.920000000000000000e+04 -2.153999999999989880e-05
1.930000000000000000e+04 -2.151000000000013795e-05
1.940000000000000000e+04 -2.149999999999874722e-05
1.950000000000000000e+04 -2.146999999999898637e-05
1.960000000000000000e+04 -2.146999999999899315e-05
1.970000000000000000e+04 -2.145999999999759564e-05
1.980000000000000000e+04 -2.142000000000977297e-05
1.990000000000000000e+04 -2.141999999999644405e-05
2.000000000000000000e+04 -2.139000000000112843e-05
2.010000000000000000e+04 -2.137999999999529247e-05
2.020000000000000000e+04 -2.137000000000277865e-05
2.030000000000000000e+04 -2.133999999999857934e-05
2.040000000000000000e+04 -2.132999999999718861e-05
2.050000000000000000e+04 -2.129999999999742776e-05
2.060000000000000000e+04 -2.129000000000048226e-05
2.070000000000000000e+04 -2.128000000000795488e-05
2.080000000000000000e+04 -2.126000000000072141e-05
2.090000000000000000e+04 -2.123999999999793317e-05
2.100000000000000000e+04 -2.121999999999956983e-05
2.110000000000000000e+04 -2.121999999999957660e-05
2.120000000000000000e+04 -2.120999999999817909e-05
2.130000000000000000e+04 -2.117999999999841825e-05
2.140000000000000000e+04 -2.116999999999702751e-05
2.150000000000000000e+04 -2.116000000000895214e-05
2.160000000000000000e+04 -2.116000000000006846e-05
2.170000000000000000e+04 -2.113999999999727344e-05
2.180000000000000000e+04 -2.113000000000031438e-05
2.190000000000000000e+04 -2.113000000000032116e-05
2.200000000000000000e+04 -2.111999999999447165e-05
2.210000000000000000e+04 -2.112000000000336210e-05
2.220000000000000000e+04 -2.111999999999892365e-05
2.230000000000000000e+04 -2.109999999999612186e-05
2.240000000000000000e+04 -2.112000000000780056e-05
2.250000000000000000e+04 -2.110999999999751937e-05
2.260000000000000000e+04 -2.113000000000032116e-05
2.270000000000000000e+04 -2.113000000000032116e-05
2.280000000000000000e+04 -2.113000000000031438e-05
2.290000000000000000e+04 -2.115999999999563000e-05
2.300000000000000000e+04 -2.116000000000006168e-05
2.310000000000000000e+04 -2.118999999999982253e-05
2.320000000000000000e+04 -2.120999999999817909e-05
2.330000000000000000e+04 -2.122000000000846028e-05
2.340000000000000000e+04 -2.124999999999933068e-05
2.350000000000000000e+04 -2.125999999999627618e-05
2.360000000000000000e+04 -2.130000000000187977e-05
2.370000000000000000e+04 -2.132000000000022956e-05
2.380000000000000000e+04 -2.133999999999857934e-05
2.390000000000000000e+04 -2.136999999999834019e-05
2.400000000000000000e+04 -2.140000000000697795e-05
2.410000000000000000e+04 -2.142999999999784156e-05
2.420000000000000000e+04 -2.145000000000062980e-05
2.430000000000000000e+04 -2.149999999999874722e-05
2.440000000000000000e+04 -2.151999999999710378e-05
2.450000000000000000e+04 -2.153999999999989202e-05
2.460000000000000000e+04 -2.158999999999800266e-05
2.470000000000000000e+04 -2.159999999999939339e-05
2.480000000000000000e+04 -2.164999999999751081e-05
2.490000000000000000e+04 -2.168000000001058024e-05
2.500000000000000000e+04 -2.170999999999700540e-05
2.510000000000000000e+04 -2.174000000000120470e-05
2.520000000000000000e+04 -2.176999999999651355e-05
2.530000000000000000e+04 -2.181000000000211036e-05
2.540000000000000000e+04 -2.183999999999741920e-05
2.550000000000000000e+04 -2.186000000000020744e-05
2.560000000000000000e+04 -2.189999999999692735e-05
2.570000000000000000e+04 -2.193000000000556510e-05
2.580000000000000000e+04 -2.196000000000087395e-05
2.590000000000000000e+04 -2.199000000000062125e-05
2.600000000000000000e+04 -2.200999999999897103e-05
2.610000000000000000e+04 -2.205000000000012939e-05
2.620000000000000000e+04 -2.206999999999403395e-05
2.630000000000000000e+04 -2.210000000000267848e-05
2.640000000000000000e+04 -2.212999999999798733e-05
2.650000000000000000e+04 -2.214000000000826852e-05
2.660000000000000000e+04 -2.216999999999913891e-05
2.670000000000000000e+04 -2.218999999999748870e-05
2.680000000000000000e+04 -2.222000000000168800e-05
2.690000000000000000e+04 -2.222999999999864028e-05
2.700000000000000000e+04 -2.223999999999559256e-05
2.710000000000000000e+04 -2.226999999999979186e-05
2.720000000000000000e+04 -2.226999999999978508e-05
2.730000000000000000e+04 -2.228999999999814843e-05
2.740000000000000000e+04 -2.230000000000842284e-05
2.750000000000000000e+04 -2.229999999999953916e-05
2.760000000000000000e+04 -2.231000000000094344e-05
2.770000000000000000e+04 -2.229999999999510071e-05
2.780000000000000000e+04 -2.231000000000094344e-05
2.790000000000000000e+04 -2.231000000000094344e-05
2.800000000000000000e+04 -2.229999999999510071e-05
2.810000000000000000e+04 -2.229999999999954593e-05
2.820000000000000000e+04 -2.229000000000703211e-05
2.830000000000000000e+04 -2.229999999999954593e-05
2.840000000000000000e+04 -2.228000000000118937e-05
2.850000000000000000e+04 -2.227999999999674414e-05
2.860000000000000000e+04 -2.226999999999979186e-05
2.870000000000000000e+04 -2.224999999999699007e-05
2.880000000000000000e+04 -2.226000000000283958e-05
2.890000000000000000e+04 -2.223999999999559934e-05
2.900000000000000000e+04 -2.222999999999864028e-05
2.910000000000000000e+04 -2.222000000001056490e-05
2.920000000000000000e+04 -2.219999999999888621e-05
2.930000000000000000e+04 -2.219999999999889298e-05
2.940000000000000000e+04 -2.218000000000053642e-05
2.950000000000000000e+04 -2.215999999999773462e-05
2.960000000000000000e+04 -2.215999999999774140e-05
2.970000000000000000e+04 -2.212999999999798055e-05
2.980000000000000000e+04 -2.212999999999798733e-05
2.990000000000000000e+04 -2.212000000000102827e-05
3.000000000000000000e+04 -2.209000000000571943e-05
3.010000000000000000e+04 -2.209000000000128097e-05
3.020000000000000000e+04 -2.205999999999708167e-05
3.030000000000000000e+04 -2.206000000000152690e-05
3.040000000000000000e+04 -2.203999999999872511e-05
3.050000000000000000e+04 -2.202999999999733438e-05
3.060000000000000000e+04 -2.202000000000037532e-05
3.070000000000000000e+04 -2.200000000000646398e-05
3.080000000000000000e+04 -2.199000000000062125e-05
3.090000000000000000e+04 -2.197999999999477851e-05
3.100000000000000000e+04 -2.197000000000227146e-05
3.110000000000000000e+04 -2.196000000000087395e-05
3.120000000000000000e+04 -2.193999999999807216e-05
3.130000000000000000e+04 -2.193999999999807893e-05
3.140000000000000000e+04 -2.192999999999667465e-05
3.150000000000000000e+04 -2.191999999999972237e-05
3.160000000000000000e+04 -2.192000000000859927e-05
3.170000000000000000e+04 -2.190999999999831808e-05
3.180000000000000000e+04 -2.190999999999832486e-05
3.190000000000000000e+04 -2.190000000000135903e-05
3.200000000000000000e+04 -2.191999999999972237e-05
3.210000000000000000e+04 -2.190999999999832486e-05
3.220000000000000000e+04 -2.190999999999831808e-05
3.230000000000000000e+04 -2.191999999999972237e-05
3.240000000000000000e+04 -2.192000000000416760e-05
3.250000000000000000e+04 -2.193000000000111988e-05
3.260000000000000000e+04 -2.193999999999807893e-05
3.270000000000000000e+04 -2.193999999999807216e-05
3.280000000000000000e+04 -2.194999999999947644e-05
3.290000000000000000e+04 -2.196000000000086717e-05
3.300000000000000000e+04 -2.196999999999782623e-05
3.310000000000000000e+04 -2.199000000000062125e-05
3.320000000000000000e+04 -2.198000000000810742e-05
3.330000000000000000e+04 -2.200999999999897781e-05
3.340000000000000000e+04 -2.200999999999453258e-05
3.350000000000000000e+04 -2.203000000000177283e-05
3.360000000000000000e+04 -2.203999999999873188e-05
3.370000000000000000e+04 -2.205000000000012262e-05
3.380000000000000000e+04 -2.206999999999848596e-05
3.390000000000000000e+04 -2.207999999999987669e-05
3.400000000000000000e+04 -2.209999999999823325e-05
3.410000000000000000e+04 -2.211000000000850767e-05
3.420000000000000000e+04 -2.211999999999658304e-05
3.430000000000000000e+04 -2.213999999999938484e-05
3.440000000000000000e+04 -2.215000000000077557e-05
3.450000000000000000e+04 -2.216999999999913891e-05
3.460000000000000000e+04 -2.218999999999749547e-05
3.470000000000000000e+04 -2.218999999999748870e-05
3.480000000000000000e+04 -2.222000000000168800e-05
3.490000000000000000e+04 -2.223000000000753074e-05
3.500000000000000000e+04 -2.224999999999699684e-05
3.510000000000000000e+04 -2.225999999999839435e-05
3.520000000000000000e+04 -2.226999999999978508e-05
3.530000000000000000e+04 -2.228999999999814843e-05
3.540000000000000000e+04 -2.229999999999953916e-05
3.550000000000000000e+04 -2.232999999999930001e-05
3.560000000000000000e+04 -2.232999999999930001e-05
3.570000000000000000e+04 -2.234000000000958120e-05
3.580000000000000000e+04 -2.236999999999600636e-05
3.590000000000000000e+04 -2.235999999999904730e-05
3.600000000000000000e+04 -2.238999999999880138e-05
3.610000000000000000e+04 -2.240000000000019889e-05
3.620000000000000000e+04 -2.240000000000019211e-05
3.630000000000000000e+04 -2.241999999999855545e-05
3.640000000000000000e+04 -2.241999999999854867e-05
3.650000000000000000e+04 -2.243999999999691202e-05
3.660000000000000000e+04 -2.245000000000274798e-05
3.670000000000000000e+04 -2.244000000000579570e-05
3.680000000000000000e+04 -2.245999999999970703e-05
3.690000000000000000e+04 -2.244999999999830275e-05
3.700000000000000000e+04 -2.246999999999666609e-05
3.710000000000000000e+04 -2.247000000000109776e-05
3.720000000000000000e+04 -2.246999999999666609e-05
3.730000000000000000e+04 -2.248999999999946111e-05
3.740000000000000000e+04 -2.247000000000998822e-05
3.750000000000000000e+04 -2.248999999999946111e-05
3.760000000000000000e+04 -2.247999999999805682e-05
3.770000000000000000e+04 -2.248999999999946111e-05
3.780000000000000000e+04 -2.249999999999641339e-05
3.790000000000000000e+04 -2.247999999999805682e-05
3.800000000000000000e+04 -2.250000000000085861e-05
3.810000000000000000e+04 -2.247999999999805682e-05
3.820000000000000000e+04 -2.250000000000085861e-05
3.830000000000000000e+04 -2.250000000000973552e-05
3.840000000000000000e+04 -2.248999999999500910e-05
3.850000000000000000e+04 -2.250000000000085861e-05
3.860000000000000000e+04 -2.247999999999805682e-05
3.870000000000000000e+04 -2.250000000000085861e-05
3.880000000000000000e+04 -2.248999999999946111e-05
3.890000000000000000e+04 -2.248999999999500910e-05
3.900000000000000000e+04 -2.248999999999946111e-05
3.910000000000000000e+04 -2.248000000000694728e-05
3.920000000000000000e+04 -2.248999999999946111e-05
3.930000000000000000e+04 -2.248999999999946111e-05
3.940000000000000000e+04 -2.247000000000109776e-05
3.950000000000000000e+04 -2.247999999999806360e-05
3.960000000000000000e+04 -2.246999999999665931e-05
3.970000000000000000e+04 -2.248000000000250205e-05
3.980000000000000000e+04 -2.247999999999806360e-05
3.990000000000000000e+04 -2.246000000000859071e-05
4.000000000000000000e+04 -2.246999999999666609e-05
4.010000000000000000e+04 -2.245999999999970026e-05
4.020000000000000000e+04 -2.247000000000110454e-05
4.030000000000000000e+04 -2.245999999999970703e-05
4.040000000000000000e+04 -2.244999999999830275e-05
4.050000000000000000e+04 -2.245999999999526858e-05
4.060000000000000000e+04 -2.244999999999830275e-05
4.070000000000000000e+04 -2.245999999999970703e-05
4.080000000000000000e+04 -2.245000000001162488e-05
4.090000000000000000e+04 -2.243999999999690524e-05
4.100000000000000000e+04 -2.244999999999830952e-05
4.110000000000000000e+04 -2.243999999999690524e-05
4.120000000000000000e+04 -2.245000000000274798e-05
4.130000000000000000e+04 -2.243999999999691202e-05
4.140000000000000000e+04 -2.244000000000134369e-05
4.150000000000000000e+04 -2.243999999999691202e-05
4.160000000000000000e+04 -2.243000000000883664e-05
4.170000000000000000e+04 -2.244999999999830952e-05
4.180000000000000000e+04 -2.244000000000135047e-05
4.190000000000000000e+04 -2.242999999999550773e-05
4.200000000000000000e+04 -2.244999999999830952e-05
4.210000000000000000e+04 -2.242999999999994618e-05
4.220000000000000000e+04 -2.244000000000135047e-05
4.230000000000000000e+04 -2.244999999999830952e-05
4.240000000000000000e+04 -2.243000000000439819e-05
4.250000000000000000e+04 -2.245000000000274798e-05
4.260000000000000000e+04 -2.243999999999690524e-05
4.270000000000000000e+04 -2.244000000000135047e-05
4.280000000000000000e+04 -2.244999999999386430e-05
4.290000000000000000e+04 -2.245000000000274120e-05
4.300000000000000000e+04 -2.245000000000274798e-05
4.310000000000000000e+04 -2.244999999999386430e-05
4.320000000000000000e+04 -2.246000000000414549e-05
4.330000000000000000e+04 -2.245000000000275475e-05
4.340000000000000000e+04 -2.246999999999666609e-05
4.350000000000000000e+04 -2.247000000000554299e-05
4.360000000000000000e+04 -2.245999999999526180e-05
4.370000000000000000e+04 -2.247999999999806360e-05
4.380000000000000000e+04 -2.246999999999665931e-05
4.390000000000000000e+04 -2.247999999999806360e-05
4.400000000000000000e+04 -2.248999999999946111e-05
4.410000000000000000e+04 -2.249000000000834479e-05
4.420000000000000000e+04 -2.250000000000085861e-05
4.430000000000000000e+04 -2.250000000000085184e-05
4.440000000000000000e+04 -2.251000000000225612e-05
4.450000000000000000e+04 -2.251999999999476995e-05
4.460000000000000000e+04 -2.251999999999476317e-05
4.470000000000000000e+04 -2.253000000000505114e-05
4.480000000000000000e+04 -2.252999999999616068e-05
4.490000000000000000e+04 -2.254999999999896248e-05
4.500000000000000000e+04 -2.255000000000783938e-05
4.510000000000000000e+04 -2.256000000000035321e-05
4.520000000000000000e+04 -2.257000000000175749e-05
4.530000000000000000e+04 -2.257999999999427132e-05
4.540000000000000000e+04 -2.259000000000455251e-05
4.550000000000000000e+04 -2.260999999999847062e-05
4.560000000000000000e+04 -2.260999999999846385e-05
4.570000000000000000e+04 -2.262999999999238196e-05
4.580000000000000000e+04 -2.264000000001154683e-05
4.590000000000000000e+04 -2.265999999999657448e-05
4.600000000000000000e+04 -2.266999999999797199e-05
4.610000000000000000e+04 -2.267999999999936272e-05
4.620000000000000000e+04 -2.270000000000216452e-05
4.630000000000000000e+04 -2.270999999999467835e-05
4.640000000000000000e+04 -2.273000000000635704e-05
4.650000000000000000e+04 -2.273999999999887765e-05
4.660000000000000000e+04 -2.274000000000776133e-05
4.670000000000000000e+04 -2.276999999999418649e-05
4.680000000000000000e+04 -2.277000000000306340e-05
4.690000000000000000e+04 -2.277999999999558400e-05
4.700000000000000000e+04 -2.279999999999837902e-05
4.710000000000000000e+04 -2.278999999999697473e-05
4.720000000000000000e+04 -2.280999999999977653e-05
4.730000000000000000e+04 -2.280999999999976975e-05
4.740000000000000000e+04 -2.282000000000117403e-05
4.750000000000000000e+04 -2.282000000001005094e-05
4.760000000000000000e+04 -2.281999999999229035e-05
4.770000000000000000e+04 -2.283000000000257154e-05
4.780000000000000000e+04 -2.282000000000116726e-05
4.790000000000000000e+04 -2.281999999999229713e-05
4.800000000000000000e+04 -2.283000000000257154e-05
4.810000000000000000e+04 -2.280999999999976975e-05
4.820000000000000000e+04 -2.280999999999977653e-05
4.830000000000000000e+04 -2.280000000000726270e-05
4.840000000000000000e+04 -2.279999999999837902e-05
4.850000000000000000e+04 -2.278999999999698151e-05
4.860000000000000000e+04 -2.277000000000306340e-05
4.870000000000000000e+04 -2.277999999999558400e-05
4.880000000000000000e+04 -2.276000000000166589e-05
4.890000000000000000e+04 -2.275999999999278898e-05
4.900000000000000000e+04 -2.276000000000167266e-05
4.910000000000000000e+04 -2.275000000000915884e-05
4.920000000000000000e+04 -2.276000000000167266e-05
4.930000000000000000e+04 -2.275999999999278221e-05
4.940000000000000000e+04 -2.276000000000167266e-05
4.950000000000000000e+04 -2.276000000000166589e-05
4.960000000000000000e+04 -2.275000000000027516e-05
4.970000000000000000e+04 -2.269999999999328761e-05
4.980000000000000000e+04 -2.260999999999846385e-05
4.990000000000000000e+04 -2.241000000000604162e-05
5.000000000000000000e+04 0.000000000000000000e+00
