0.000000000000000000e+00
1.000000000028874249e-09
0.000000000000000000e+00
0.000000000000000000e+00
-1.000000000028874249e-09
2.774032902257833610e-19
9.999999997514709589e-10
0.000000000000000000e+00
0.000000000000000000e+00
0.000000000000000000e+00
0.000000000000000000e+00
0.000000000000000000e+00
0.000000000000000000e+00
0.000000000000000000e+00
0.000000000000000000e+00
0.000000000000000000e+00
0.000000000000000000e+00
0.000000000000000000e+00
1.000000000028450733e-09
0.000000000000000000e+00
0.000000000000000000e+00
0.000000000000000000e+00
-2.774032902257833610e-19
1.000000000306277539e-09
0.000000000000000000e+00
1.000000000028450733e-09
-1.000000000306277539e-09
1.000000000306277539e-09
0.000000000000000000e+00
1.000000000028450733e-09
-1.000000000306277539e-09
1.000000000306277539e-09
1.000000000028450733e-09
0.000000000000000000e+00
9.999999997510474424e-10
0.000000000000000000e+00
1.000000000028450733e-09
2.778268066994105112e-19
9.999999997510474424e-10
1.000000000028874249e-09
0.000000000000000000e+00
0.000000000000000000e+00
2.000000000057324982e-09
0.000000000000000000e+00
1.000000000028874249e-09
0.000000000000000000e+00
1.000000000028874249e-09
1.000000000028874249e-09
9.999999997510474424e-10
0.000000000000000000e+00
1.000000000028874249e-09
1.000000000028874249e-09
0.000000000000000000e+00
1.000000000028874249e-09
2.774032902257833610e-19
1.999999999779921692e-09
0.000000000000000000e+00
1.000000000028874249e-09
1.000000000028874249e-09
0.000000000000000000e+00
1.000000000028874249e-09
1.000000000028874249e-09
1.000000000028874249e-09
0.000000000000000000e+00
1.000000000028874249e-09
9.999999997514709589e-10
1.000000000028874249e-09
0.000000000000000000e+00
2.000000000057748498e-09
1.000000000028874249e-09
0.000000000000000000e+00
0.000000000000000000e+00
1.999999999779921692e-09
0.000000000000000000e+00
1.000000000028874249e-09
0.000000000000000000e+00
1.000000000028874249e-09
1.000000000028874249e-09
0.000000000000000000e+00
1.000000000028874249e-09
1.000000000028874249e-09
1.000000000028874249e-09
0.000000000000000000e+00
1.000000000028874249e-09
1.000000000028874249e-09
0.000000000000000000e+00
1.000000000028874249e-09
0.000000000000000000e+00
0.000000000000000000e+00
1.000000000028874249e-09
9.999999997510474424e-10
0.000000000000000000e+00
0.000000000000000000e+00
2.000000000057324982e-09
0.000000000000000000e+00
1.000000000306277539e-09
-2.778268066994105112e-19
1.000000000028450733e-09
1.000000000028450733e-09
-1.000000000028450733e-09
1.000000000028450733e-09
-2.778268066994105112e-19
1.000000000306277539e-09
1.000000000028450733e-09
0.000000000000000000e+00
0.000000000000000000e+00
9.999999997510474424e-10
0.000000000000000000e+00
2.778268066994105112e-19
0.000000000000000000e+00
1.000000000028450733e-09
9.999999997510474424e-10
-1.000000000028450733e-09
1.000000000028450733e-09
1.000000000306277539e-09
-1.000000000028450733e-09
9.999999998899608458e-10
-1.384898868760781054e-19
0.000000000000000000e+00
1.000000000167364136e-09
-1.000000000028450733e-09
9.999999998899608458e-10
1.389134033497052556e-19
9.999999998899608458e-10
0.000000000000000000e+00
1.000000000028450733e-09
-1.000000000028874249e-09
1.000000000028450733e-09
0.000000000000000000e+00
0.000000000000000000e+00
1.000000000028450733e-09
1.000000000028874249e-09
-1.389134033497052556e-19
0.000000000000000000e+00
1.389134033497052556e-19
0.000000000000000000e+00
9.999999998899608458e-10
0.000000000000000000e+00
1.000000000028874249e-09
0.000000000000000000e+00
1.000000000028874249e-09
0.000000000000000000e+00
0.000000000000000000e+00
1.000000000028874249e-09
-1.000000000028874249e-09
1.000000000028874249e-09
0.000000000000000000e+00
0.000000000000000000e+00
9.999999998899608458e-10
0.000000000000000000e+00
0.000000000000000000e+00
0.000000000000000000e+00
0.000000000000000000e+00
0.000000000000000000e+00
1.389134033497052556e-19
0.000000000000000000e+00
9.999999998899608458e-10
0.000000000000000000e+00
1.000000000028874249e-09
-1.000000000028874249e-09
0.000000000000000000e+00
0.000000000000000000e+00
1.000000000028874249e-09
0.000000000000000000e+00
0.000000000000000000e+00
0.000000000000000000e+00
0.000000000000000000e+00
1.389134033497052556e-19
-1.389134033497052556e-19
1.000000000028874249e-09
0.000000000000000000e+00
0.000000000000000000e+00
0.000000000000000000e+00
0.000000000000000000e+00
9.999999998899608458e-10
1.389134033497052556e-19
0.000000000000000000e+00
0.000000000000000000e+00
9.999999998899608458e-10
-9.999999998899608458e-10
1.000000000028874249e-09
0.000000000000000000e+00
-1.389134033497052556e-19
0.000000000000000000e+00
1.389134033497052556e-19
9.999999998899608458e-10
-1.000000000028874249e-09
1.389134033497052556e-19
1.000000000028874249e-09
-1.389134033497052556e-19
1.389134033497052556e-19
-1.000000000028874249e-09
-1.389134033497052556e-19
5.000000000142253663e-10
1.389134033497052556e-19
0.000000000000000000e+00
-2.000000001723862306e-10
-9.999999994727971193e-11
-9.999999994727971193e-11
0.000000000000000000e+00
-9.999999994727971193e-11
-2.000000001723862306e-10
-1.999999998945594239e-10
-9.999999994727971193e-11
-1.000000000861931153e-10
-2.000000000334728272e-10
-2.999999998418391358e-10
-2.000000000334728272e-10
-2.000000000334728272e-10
-2.000000000334728272e-10
-2.000000000334728272e-10
-2.999999999807525391e-10
-2.000000000334728272e-10
-1.999999998945594239e-10
-2.999999999807525391e-10
-2.999999999807525391e-10
-2.000000000334728272e-10
-2.999999999807525391e-10
-3.000000001196659425e-10
-1.999999998945594239e-10
-3.000000001196659425e-10
-1.999999998949829403e-10
-3.999999999280322511e-10
-2.000000000334728272e-10
-2.000000001723862306e-10
-2.999999999807525391e-10
-9.999999980878982505e-11
-2.999999999807525391e-10
-2.000000001723862306e-10
-2.000000000334728272e-10
-2.000000000334728272e-10
-1.999999998945594239e-10
-1.000000000857695988e-10
-1.999999998949829403e-10
-2.000000000334728272e-10
0.000000000000000000e+00
-9.999999994770322840e-11
-9.999999994770322840e-11
-2.000000000338963437e-10
-1.384898868760781054e-19
1.389134033497052556e-19
-1.000000000861931153e-10
0.000000000000000000e+00
9.999999994727971193e-11
1.384898868760781054e-19
9.999999994727971193e-11
-9.999999994727971193e-11
1.999999998949829403e-10
0.000000000000000000e+00
9.999999994727971193e-11
1.000000000861931153e-10
2.000000000334728272e-10
9.999999994727971193e-11
2.000000000334728272e-10
1.999999998945594239e-10
1.000000000861931153e-10
2.999999999807525391e-10
2.000000000334728272e-10
9.999999994727971193e-11
3.000000001196659425e-10
2.999999999807525391e-10
2.000000000334728272e-10
1.999999998945594239e-10
2.999999999807525391e-10
2.000000000334728272e-10
4.000000000669456544e-10
2.999999999807525391e-10
2.999999999807525391e-10
3.999999999280322511e-10
2.999999999807525391e-10
3.000000001196659425e-10
3.999999999280322511e-10
3.999999999284557675e-10
5.000000001531387697e-10
2.999999998418391358e-10
4.000000000669456544e-10
5.000000000146488828e-10
5.000000000142253663e-10
5.000000000142253663e-10
5.000000000142253663e-10
5.000000000146488828e-10
5.000000000142253663e-10
5.999999999615050783e-10
4.999999998757354795e-10
7.000000000476981935e-10
5.000000000142253663e-10
6.000000001004184816e-10
5.999999999615050783e-10
5.999999999619285947e-10
5.999999999615050783e-10
6.000000001004184816e-10
6.999999999087847902e-10
5.000000001531387697e-10
6.999999999087847902e-10
6.000000001004184816e-10
5.999999998230151914e-10
6.000000001004184816e-10
6.999999999087847902e-10
6.000000001004184816e-10
5.999999999615050783e-10
6.000000001004184816e-10
5.999999999615050783e-10
5.999999999615050783e-10
7.000000000476981935e-10
5.999999999615050783e-10
5.999999999619285947e-10
5.999999999615050783e-10
5.999999999615050783e-10
7.000000001171548952e-10
4.999999999447686647e-10
6.000000000309617799e-10
6.999999999782414919e-10
5.000000000142253663e-10
6.999999999782414919e-10
6.000000000309617799e-10
5.999999999615050783e-10
6.000000000309617799e-10
5.000000000142253663e-10
6.999999999782414919e-10
6.000000000309617799e-10
4.999999999447686647e-10
6.000000000309617799e-10
5.999999999615050783e-10
5.000000000142253663e-10
6.000000000309617799e-10
5.999999999615050783e-10
5.000000000142253663e-10
3.999999999974889527e-10
5.000000000142253663e-10
3.999999999974889527e-10
6.000000000313852964e-10
2.999999999112958375e-10
4.000000000669456544e-10
3.999999999979124692e-10
3.000000000506327573e-10
3.999999999284557675e-10
1.999999999644396420e-10
3.000000000506327573e-10
2.999999999811760556e-10
1.999999999640161255e-10
1.000000000167364136e-10
2.000000000334728272e-10
2.000000000334728272e-10
-6.945670167485262780e-20
1.000000000167364136e-10
0.000000000000000000e+00
0.000000000000000000e+00
0.000000000000000000e+00
0.000000000000000000e+00
-9.999999994727971193e-11
-1.000000000167364136e-10
0.000000000000000000e+00
-2.000000000334728272e-10
6.945670167485262780e-20
-2.000000000334728272e-10
-1.000000000167364136e-10
-9.999999994727971193e-11
-1.000000000861931153e-10
-1.999999999640161255e-10
-1.000000000167364136e-10
-1.999999999640161255e-10
-1.000000000167364136e-10
-2.000000000334728272e-10
-1.000000000167364136e-10
-9.999999994727971193e-11
-1.000000000167364136e-10
-9.999999994770322840e-11
0.000000000000000000e+00
-1.000000000861931153e-10
6.945670167485262780e-20
-1.000000000167364136e-10
-1.000000000167364136e-10
0.000000000000000000e+00
0.000000000000000000e+00
0.000000000000000000e+00
0.000000000000000000e+00
0.000000000000000000e+00
1.000000000167364136e-10
-6.945670167485262780e-20
1.000000000861931153e-10
1.000000000167364136e-10
9.999999994727971193e-11
6.945670167485262780e-20
9.999999994727971193e-11
1.000000000167364136e-10
1.999999999640161255e-10
1.000000000167364136e-10
9.999999994727971193e-11
2.000000000334728272e-10
2.000000000334728272e-10
1.000000000167364136e-10
1.999999999640161255e-10
2.000000000334728272e-10
9.999999994727971193e-11
3.000000000502092408e-10
1.999999999640161255e-10
1.999999999640161255e-10
2.000000000334728272e-10
2.999999999807525391e-10
2.000000000334728272e-10
1.999999999640161255e-10
3.999999999974889527e-10
2.000000000334728272e-10
2.999999999807525391e-10
2.000000000334728272e-10
2.999999999807525391e-10
3.000000000154808900e-10
2.999999999807525391e-10
3.000000000154808900e-10
1.999999999987444764e-10
3.000000000154808900e-10
1.999999999640161255e-10
2.999999999807525391e-10
3.000000000502092408e-10
2.999999999807525391e-10
1.999999999987444764e-10
1.999999999987444764e-10
1.999999999987444764e-10
2.000000000334728272e-10
1.999999999640161255e-10
2.000000000334728272e-10
9.999999994727971193e-11
2.000000000334728272e-10
1.000000000167364136e-10
1.999999999644396420e-10
1.000000000171599301e-10
9.999999998243157924e-11
9.999999998243157924e-11
1.000000000167364136e-10
1.000000000167364136e-10
0.000000000000000000e+00
0.000000000000000000e+00
9.999999998243157924e-11
3.472835083742631390e-20
9.999999998243157924e-11
0.000000000000000000e+00
0.000000000000000000e+00
1.000000000167364136e-10
-1.000000000167364136e-10
0.000000000000000000e+00
0.000000000000000000e+00
0.000000000000000000e+00
-1.000000000167364136e-10
0.000000000000000000e+00
3.472835083742631390e-20
-3.472835083742631390e-20
-9.999999998200806276e-11
0.000000000000000000e+00
-1.000000000167364136e-10
3.472835083742631390e-20
-1.000000000167364136e-10
-9.999999998200806276e-11
-1.736417541871315695e-20
-9.999999999937223818e-11
-9.999999999937223818e-11
-9.999999999937223818e-11
-1.736417541871315695e-20
-9.999999998200806276e-11
-1.000000000167364136e-10
-9.999999999937223818e-11
1.736417541871315695e-20
-1.000000000167364136e-10
-9.999999999937223818e-11
1.736417541871315695e-20
-9.999999999937223818e-11
-1.000000000167364136e-10
-9.999999999937223818e-11
1.000000000167364136e-10
-9.999999999937223818e-11
-1.736417541871315695e-20
-2.000000000648130462e-11
-1.999999997217647026e-11
-1.736417541871315695e-20
-9.999999994770322840e-12
1.999999998954064568e-11
3.000000001903931936e-11
2.999999999278129799e-11
3.999999999644546678e-11
6.000000000292677140e-11
5.999999999445644193e-11
6.000000000335028788e-11
4.999999999968611909e-11
5.999999999445644193e-11
4.000000000491579625e-11
3.999999999602195030e-11
7.000000000616742372e-11
6.999999999769709424e-11
6.999999999812061072e-11
6.000000000335028788e-11
5.999999999445644193e-11
6.000000000335028788e-11
6.000000000335028788e-11
6.999999999812061072e-11
4.999999999968611909e-11
6.000000000080918904e-11
5.999999999911512314e-11
6.000000000123270551e-11
5.999999999996215609e-11
7.299999999883869653e-11
7.400000000034860788e-11
6.920999999970181365e-11
6.179000000031438099e-11
6.199999999917033054e-11
7.000000000108522603e-11
7.999999999924368066e-11
7.000000000023819309e-11
4.999999999756853672e-11
6.000000000080918904e-11
7.000000000235577545e-11
7.000000000235577545e-11
5.999999999911512314e-11
5.999999999911512314e-11
4.000000000068063151e-11
7.000000000235577545e-11
4.999999999121578962e-11
5.000000000857996504e-11
3.999999999644546678e-11
3.000000000167514394e-11
1.999999999801097515e-11
3.000000000167514394e-11
1.999999999843449163e-11
1.999999999801097515e-11
1.000000000366416879e-11
2.999999999278129799e-11
8.893845946170153560e-21
0.000000000000000000e+00
-1.000000001213449826e-11
-1.999999998954064568e-11
-1.000000001213449826e-11
-1.999999998954064568e-11
-2.000000000690482110e-11
-9.999999994346806366e-12
0.000000000000000000e+00
-9.999999999937223818e-11
0.000000000000000000e+00
9.999999999937223818e-11
-9.999999998200806276e-11
9.999999998200806276e-11
-9.999999999937223818e-11
0.000000000000000000e+00
0.000000000000000000e+00
0.000000000000000000e+00
0.000000000000000000e+00
9.999999999937223818e-11
0.000000000000000000e+00
9.999999999937223818e-11
1.736417541871315695e-20
1.999999999813803009e-10
9.999999999937223818e-11
1.000000000341005890e-10
9.999999998200806276e-11
9.999999998200806276e-11
1.000000000167364136e-10
1.999999999987444764e-10
9.999999998200806276e-11
1.999999999987444764e-10
1.000000000167364136e-10
1.999999999640161255e-10
1.000000000514647644e-10
1.999999999644396420e-10
2.000000000334728272e-10
9.999999998200806276e-11
1.999999999991679928e-10
1.999999999991679928e-10
9.999999998243157924e-11
2.000000000334728272e-10
1.999999999991679928e-10
9.999999998200806276e-11
1.000000000167364136e-10
9.999999998200806276e-11
1.000000000167364136e-10
1.999999999640161255e-10
1.000000000167364136e-10
1.000000000167364136e-10
0.000000000000000000e+00
0.000000000000000000e+00
1.999999999987444764e-10
-1.000000000167364136e-10
1.000000000167364136e-10
0.000000000000000000e+00
0.000000000000000000e+00
0.000000000000000000e+00
0.000000000000000000e+00
-9.999999998200806276e-11
0.000000000000000000e+00
-1.000000000167364136e-10
-9.999999998200806276e-11
0.000000000000000000e+00
-2.000000000334728272e-10
-9.999999998200806276e-11
-1.000000000167364136e-10
-1.999999999987444764e-10
-1.000000000167364136e-10
-1.999999999644396420e-10
-9.999999998243157924e-11
-3.000000000159044064e-10
-1.999999999991679928e-10
-1.999999999991679928e-10
-2.999999999811760556e-10
-2.000000000338963437e-10
-3.000000000502092408e-10
-1.999999999644396420e-10
-3.999999999979124692e-10
-3.999999999979124692e-10
-2.999999999811760556e-10
-3.999999999979124692e-10
-3.999999999979124692e-10
-3.999999999979124692e-10
-5.000000000146488828e-10
-5.000000000146488828e-10
-5.000000000146488828e-10
-5.999999999619285947e-10
-5.000000000146488828e-10
-6.000000000313852964e-10
-6.999999999786650083e-10
-5.999999999619285947e-10
-8.000000000648581236e-10
-6.999999999786650083e-10
-7.999999999954014219e-10
-6.999999999786650083e-10
-7.999999999949779055e-10
-7.999999999949779055e-10
-8.000000000644346071e-10
-8.999999999422576174e-10
-9.000000000117143191e-10
-9.000000000117143191e-10
-7.000000000476981935e-10
-9.999999999594175475e-10
-7.999999999259447203e-10
-9.000000000815945372e-10
-8.999999999426811339e-10
-9.000000000815945372e-10
-7.999999999259447203e-10
-7.999999999954014219e-10
-9.000000000121378355e-10
-9.000000000121378355e-10
-7.999999999949779055e-10
-9.000000000117143191e-10
-9.000000000117143191e-10
-7.999999999949779055e-10
-9.000000000121378355e-10
-7.999999999954014219e-10
-1.000000000028874249e-09
-8.999999999426811339e-10
-9.000000000121378355e-10
-9.000000000121378355e-10
-1.000000000028874249e-09
-8.999999999426811339e-10
-1.099999999976153961e-09
-9.000000000121378355e-10
-1.000000000028874249e-09
-1.000000000028450733e-09
-1.099999999975730445e-09
-1.000000000028450733e-09
-1.099999999906697259e-09
-1.000000000028874249e-09
-1.000000000028874249e-09
-1.000000000028874249e-09
-9.999999999594175475e-10
-1.000000000028874249e-09
-1.099999999976153961e-09
-7.999999999954014219e-10
-9.000000000121378355e-10
-9.999999999594175475e-10
-7.999999999954014219e-10
-9.000000000121378355e-10
-7.999999999954014219e-10
-6.000000000313852964e-10
-7.999999999954014219e-10
-6.999999999786650083e-10
-5.000000000146488828e-10
-5.000000000841055845e-10
-4.999999999451921811e-10
-3.999999999979124692e-10
-3.000000000506327573e-10
-3.999999999284557675e-10
-2.000000000338963437e-10
-1.999999999644396420e-10
-6.945670167485262780e-20
-9.999999994727971193e-11
1.000000000167364136e-10
0.000000000000000000e+00
1.999999999640161255e-10
2.000000000334728272e-10
2.999999999807525391e-10
2.999999999807525391e-10
5.000000000142253663e-10
3.999999999974889527e-10
5.000000000142253663e-10
6.999999999782414919e-10
7.000000000476981935e-10
6.999999999786650083e-10
7.999999999954014219e-10
9.000000000121378355e-10
9.000000000815945372e-10
9.999999998899608458e-10
9.999999998899608458e-10
1.200000000062347076e-09
1.200000000062347076e-09
1.199999999923857189e-09
1.300000000148116675e-09
1.399999999957330017e-09
1.399999999956906500e-09
1.500000000043099615e-09
1.699999999937659039e-09
1.599999999990379327e-09
1.699999999937659039e-09
1.900000000110045270e-09
1.800000000023852155e-09
1.999999999918835095e-09
2.000000000057324982e-09
2.100000000005028210e-09
2.199999999952307922e-09
2.200000000091221325e-09
2.299999999899587634e-09
2.399999999985780749e-09
2.399999999985780749e-09
2.500000000071973865e-09
2.500000000071973865e-09
2.699999999828043402e-09
2.600000000157743463e-09
2.699999999966533288e-09
2.799999999914236517e-09
2.900000000138919519e-09
2.900000000000429632e-09
2.799999999914236517e-09
3.000000000086622747e-09
2.999999999947709344e-09
2.900000000000429632e-09
3.100000000033902459e-09
2.999999999947285828e-09
2.999999999947709344e-09
3.100000000033478943e-09
2.999999999947709344e-09
3.100000000033478943e-09
3.100000000033478943e-09
3.000000000086199231e-09
2.999999999947285828e-09
2.900000000000006116e-09
2.999999999947285828e-09
3.000000000086199231e-09
2.900000000000006116e-09
2.800000000052726404e-09
2.899999999861516229e-09
2.800000000052726404e-09
2.699999999966533288e-09
2.799999999914236517e-09
2.500000000210887268e-09
2.699999999827619885e-09
2.500000000071973865e-09
2.399999999985780749e-09
2.399999999985780749e-09
2.300000000038501037e-09
2.299999999899587634e-09
2.100000000005028210e-09
2.200000000091221325e-09
1.999999999918835095e-09
1.900000000110468786e-09
1.899999999971555383e-09
1.699999999938082556e-09
1.700000000076572443e-09
1.500000000043523132e-09
1.499999999904609729e-09
1.299999999870713385e-09
1.200000000062347076e-09
1.200000000062347076e-09
9.999999998899608458e-10
9.000000000815945372e-10
8.000000001343148253e-10
6.999999999092083067e-10
4.999999998757354795e-10
4.000000002058590578e-10
2.999999999811760556e-10
9.999999994727971193e-11
-9.999999994770322840e-11
-9.999999994770322840e-11
-4.000000002054355413e-10
-3.999999999284557675e-10
-5.999999999615050783e-10
-7.000000000481217100e-10
-1.000000000028874249e-09
-1.099999999976153961e-09
-1.199999999923433673e-09
-1.500000000043099615e-09
-1.499999999904186212e-09
-1.800000000162765558e-09
-1.899999999971131867e-09
-2.100000000005028210e-09
-2.299999999899587634e-09
-2.400000000124694153e-09
-2.600000000019253577e-09
-2.799999999913813000e-09
-3.000000000086199231e-09
-3.199999999842268768e-09
-3.300000000205865173e-09
-3.499999999961934710e-09
-3.599999999909214422e-09
-3.999999999976160077e-09
-3.999999999976160077e-09
-4.200000000148546307e-09
-4.499999999851472040e-09
-4.500000000129298846e-09
-4.799999999832648095e-09
-5.000000000143524213e-09
-5.199999999899593750e-09
-5.200000000038507153e-09
-5.700000000053156036e-09
-5.599999999966539404e-09
-5.800000000000435748e-09
-5.999999999894995172e-09
-7.000000000062359308e-09
-6.000000000033908575e-09
-7.000000000062359308e-09
-6.999999999923869421e-09
-5.999999999894995172e-09
-8.000000000091233557e-09
-7.000000000062782824e-09
-7.000000000062359308e-09
-7.999999999952743670e-09
-7.999999999952743670e-09
-8.999999999981194403e-09
-8.000000000091233557e-09
-7.999999999952743670e-09
-7.999999999952320153e-09
-8.999999999981617919e-09
-8.999999999981617919e-09
-9.000000000120107806e-09
-8.999999999842704516e-09
-9.000000000120107806e-09
-8.999999999981617919e-09
-1.000000000001006865e-08
-1.000000000001006865e-08
-1.000000000001006865e-08
-9.999999999871578765e-09
-1.000000000014855854e-08
-9.999999999871578765e-09
-9.000000000120107806e-09
-1.000000000001006865e-08
-9.999999999871578765e-09
-1.100000000003851938e-08
-1.100000000003894290e-08
-1.000000000001006865e-08
-1.100000000003894290e-08
-1.000000000001006865e-08
-1.099999999990002950e-08
-1.100000000003894290e-08
-1.100000000003851938e-08
-1.099999999990002950e-08
-1.100000000003851938e-08
-1.100000000003894290e-08
-1.100000000003894290e-08
-1.099999999990002950e-08
-1.199999999992890375e-08
-1.100000000003894290e-08
-1.100000000003894290e-08
-1.100000000003894290e-08
-1.199999999992890375e-08
-1.100000000003894290e-08
-1.199999999992890375e-08
-1.100000000003894290e-08
-1.100000000017785630e-08
-1.199999999992890375e-08
-1.200000000006781715e-08
-1.099999999990002950e-08
-1.199999999992890375e-08
-1.100000000003894290e-08
-1.200000000006781715e-08
-1.099999999990002950e-08
-1.100000000003894290e-08
-1.199999999992890375e-08
-1.100000000003894290e-08
-1.200000000006781715e-08
-1.099999999990002950e-08
-1.200000000006781715e-08
-1.099999999990002950e-08
-1.100000000003894290e-08
-1.100000000003894290e-08
-1.100000000003894290e-08
-1.099999999990002950e-08
-1.100000000003894290e-08
-9.000000000120107806e-09
-1.099999999990002950e-08
-9.000000000120107806e-09
-8.999999999842280999e-09
-9.000000000120107806e-09
-6.999999999923445904e-09
-7.999999999952320153e-09
-5.999999999894995172e-09
-6.000000000172398462e-09
-3.999999999837246673e-09
-3.000000000086199231e-09
-3.000000000086199231e-09
-1.000000000028874249e-09
1.000000000028450733e-09
2.000000000057748498e-09
3.999999999837246673e-09
6.000000000172821978e-09
6.999999999923445904e-09
9.000000000259021209e-09
1.099999999976111609e-08
1.299999999981844108e-08
1.500000000015401638e-08
1.799999999996238881e-08
1.900000000026908986e-08
1.999999999974231050e-08
2.299999999982850973e-08
2.500000000016366152e-08
2.499999999988625823e-08
2.800000000024986075e-08
2.900000000000133171e-08
2.899999999972350490e-08
3.100000000033605998e-08
3.099999999978125340e-08
3.200000000008753094e-08
3.200000000008753094e-08
3.199999999981012765e-08
3.300000000011640519e-08
3.099999999978125340e-08
3.200000000036493423e-08
2.899999999972350490e-08
3.000000000003020595e-08
2.900000000000133171e-08
2.700000000022141001e-08
2.499999999988625823e-08
2.399999999985738398e-08
2.400000000013478727e-08
1.999999999974273401e-08
2.000000000029754059e-08
1.699999999993393807e-08
1.599999999990464031e-08
1.400000000012471862e-08
1.299999999981844108e-08
1.000000000000964514e-08
8.999999999981194403e-09
8.000000000230146960e-09
6.000000000172398462e-09
4.999999999866120922e-09
3.999999999837246673e-09
1.000000000028450733e-09
2.000000000057324982e-09
0.000000000000000000e+00
0.000000000000000000e+00
-1.000000000028874249e-09
-2.000000000057748498e-09
-1.000000000028874249e-09
-2.999999999808795941e-09
-4.000000000115073480e-09
-3.000000000086199231e-09
-2.999999999808795941e-09
-3.000000000086199231e-09
-2.999999999808795941e-09
-4.000000000115073480e-09
-4.000000000114649964e-09
-4.000000000115073480e-09
-2.999999999808795941e-09
-3.000000000086199231e-09
-3.999999999837246673e-09
-3.000000000086199231e-09
-2.999999999808372424e-09
-3.000000000086199231e-09
-3.000000000364026038e-09
-2.999999999808372424e-09
-2.000000000057324982e-09
-2.999999999808372424e-09
-3.000000000086199231e-09
-1.000000000028874249e-09
-3.000000000086199231e-09
-1.999999999779921692e-09
-1.000000000028874249e-09
-3.000000000086199231e-09
-1.000000000028874249e-09
-1.000000000028874249e-09
-2.999999999808372424e-09
-1.000000000306277539e-09
-9.999999997514709589e-10
-1.000000000028874249e-09
-1.000000000028874249e-09
-1.000000000028874249e-09
-2.000000000057324982e-09
-9.999999997514709589e-10
-1.000000000028874249e-09
9.999999997514709589e-10
-9.999999997514709589e-10
-1.000000000028874249e-09
-2.774032902257833610e-19
-9.999999997514709589e-10
-1.000000000028874249e-09
-2.774032902257833610e-19
-9.999999997514709589e-10
1.000000000028874249e-09
-2.774032902257833610e-19
-9.999999997514709589e-10
0.000000000000000000e+00
0.000000000000000000e+00
0.000000000000000000e+00
0.000000000000000000e+00
0.000000000000000000e+00
0.000000000000000000e+00
0.000000000000000000e+00
0.000000000000000000e+00
0.000000000000000000e+00
