-5.000000000000000000e+04 1.899999999997389888e-10
-4.990000000000000000e+04 2.100000000011380957e-10
-4.980000000000000000e+04 2.000000000410961237e-10
-4.970000000000000000e+04 9.999999997989048039e-11
-4.960000000000000000e+04 2.999999999396714412e-10
-4.950000000000000000e+04 2.000000000953062324e-10
-4.940000000000000000e+04 9.999999995278542608e-11
-4.930000000000000000e+04 1.999999999597809608e-10
-4.920000000000000000e+04 2.000000000410961237e-10
-4.910000000000000000e+04 1.999999999597809608e-10
-4.900000000000000000e+04 2.000000000275435966e-10
-4.890000000000000000e+04 2.000000000410961237e-10
-4.880000000000000000e+04 1.999999998920183250e-10
-4.870000000000000000e+04 1.000000000883106976e-10
-4.860000000000000000e+04 2.999999999803290227e-10
-4.850000000000000000e+04 9.999999993923289893e-11
-4.840000000000000000e+04 1.000000000029297766e-09
-4.830000000000000000e+04 0.000000000000000000e+00
-4.820000000000000000e+04 0.000000000000000000e+00
-4.810000000000000000e+04 1.355252715606880543e-19
-4.800000000000000000e+04 0.000000000000000000e+00
-4.790000000000000000e+04 -2.710505431213761085e-19
-4.780000000000000000e+04 1.000000000029297766e-09
-4.770000000000000000e+04 2.710505431213761085e-19
-4.760000000000000000e+04 0.000000000000000000e+00
-4.750000000000000000e+04 0.000000000000000000e+00
-4.740000000000000000e+04 -2.710505431213761085e-19
-4.730000000000000000e+04 0.000000000000000000e+00
-4.720000000000000000e+04 1.000000000029297766e-09
-4.710000000000000000e+04 2.710505431213761085e-19
-4.700000000000000000e+04 -2.710505431213761085e-19
-4.690000000000000000e+04 0.000000000000000000e+00
-4.680000000000000000e+04 0.000000000000000000e+00
-4.670000000000000000e+04 2.710505431213761085e-19
-4.660000000000000000e+04 0.000000000000000000e+00
-4.650000000000000000e+04 9.999999997582472225e-10
-4.640000000000000000e+04 0.000000000000000000e+00
-4.630000000000000000e+04 0.000000000000000000e+00
-4.620000000000000000e+04 2.710505431213761085e-19
-4.610000000000000000e+04 0.000000000000000000e+00
-4.600000000000000000e+04 0.000000000000000000e+00
-4.590000000000000000e+04 1.000000000029297766e-09
-4.580000000000000000e+04 0.000000000000000000e+00
-4.570000000000000000e+04 -5.556536133988210224e-19
-4.560000000000000000e+04 0.000000000000000000e+00
-4.550000000000000000e+04 0.000000000000000000e+00
-4.540000000000000000e+04 0.000000000000000000e+00
-4.530000000000000000e+04 5.556536133988210224e-19
-4.520000000000000000e+04 2.000000000058595531e-09
-4.510000000000000000e+04 0.000000000000000000e+00
-4.500000000000000000e+04 0.000000000000000000e+00
-4.490000000000000000e+04 0.000000000000000000e+00
-4.480000000000000000e+04 -5.556536133988210224e-19
-4.470000000000000000e+04 0.000000000000000000e+00
-4.460000000000000000e+04 1.000000000029297766e-09
-4.450000000000000000e+04 0.000000000000000000e+00
-4.440000000000000000e+04 0.000000000000000000e+00
-4.430000000000000000e+04 5.556536133988210224e-19
-4.420000000000000000e+04 0.000000000000000000e+00
-4.410000000000000000e+04 0.000000000000000000e+00
-4.400000000000000000e+04 0.000000000000000000e+00
-4.390000000000000000e+04 9.999999994736441522e-10
-4.380000000000000000e+04 0.000000000000000000e+00
-4.370000000000000000e+04 0.000000000000000000e+00
-4.360000000000000000e+04 0.000000000000000000e+00
-4.350000000000000000e+04 0.000000000000000000e+00
-4.340000000000000000e+04 0.000000000000000000e+00
-4.330000000000000000e+04 5.556536133988210224e-19
-4.320000000000000000e+04 1.000000000029297766e-09
-4.310000000000000000e+04 0.000000000000000000e+00
-4.300000000000000000e+04 0.000000000000000000e+00
-4.290000000000000000e+04 -5.556536133988210224e-19
-4.280000000000000000e+04 0.000000000000000000e+00
-4.270000000000000000e+04 0.000000000000000000e+00
-4.260000000000000000e+04 0.000000000000000000e+00
-4.250000000000000000e+04 1.000000000029297766e-09
-4.240000000000000000e+04 -5.556536133988210224e-19
-4.230000000000000000e+04 1.111307226797642045e-18
-4.220000000000000000e+04 -1.111307226797642045e-18
-4.210000000000000000e+04 1.111307226797642045e-18
-4.200000000000000000e+04 9.999999994736441522e-10
-4.190000000000000000e+04 9.999999994736441522e-10
-4.180000000000000000e+04 1.111307226797642045e-18
-4.170000000000000000e+04 -1.111307226797642045e-18
-4.160000000000000000e+04 1.111307226797642045e-18
-4.150000000000000000e+04 0.000000000000000000e+00
-4.140000000000000000e+04 -1.111307226797642045e-18
-4.130000000000000000e+04 1.111307226797642045e-18
-4.120000000000000000e+04 9.999999994736441522e-10
-4.110000000000000000e+04 0.000000000000000000e+00
-4.100000000000000000e+04 0.000000000000000000e+00
-4.090000000000000000e+04 0.000000000000000000e+00
-4.080000000000000000e+04 0.000000000000000000e+00
-4.070000000000000000e+04 0.000000000000000000e+00
-4.060000000000000000e+04 0.000000000000000000e+00
-4.050000000000000000e+04 9.999999994736441522e-10
-4.040000000000000000e+04 1.111307226797642045e-18
-4.030000000000000000e+04 -1.111307226797642045e-18
-4.020000000000000000e+04 1.111307226797642045e-18
-4.010000000000000000e+04 -1.111307226797642045e-18
-4.000000000000000000e+04 1.111307226797642045e-18
-3.990000000000000000e+04 -1.111307226797642045e-18
-3.980000000000000000e+04 1.111307226797642045e-18
-3.970000000000000000e+04 9.999999994736441522e-10
-3.960000000000000000e+04 1.111307226797642045e-18
-3.950000000000000000e+04 -1.111307226797642045e-18
-3.940000000000000000e+04 0.000000000000000000e+00
-3.930000000000000000e+04 0.000000000000000000e+00
-3.920000000000000000e+04 0.000000000000000000e+00
-3.910000000000000000e+04 0.000000000000000000e+00
-3.900000000000000000e+04 9.999999994736441522e-10
-3.890000000000000000e+04 1.111307226797642045e-18
-3.880000000000000000e+04 9.999999994736441522e-10
-3.870000000000000000e+04 0.000000000000000000e+00
-3.860000000000000000e+04 -1.111307226797642045e-18
-3.850000000000000000e+04 1.111307226797642045e-18
-3.840000000000000000e+04 0.000000000000000000e+00
-3.830000000000000000e+04 1.000000000584951379e-09
-3.820000000000000000e+04 -1.111307226797642045e-18
-3.810000000000000000e+04 1.111307226797642045e-18
-3.800000000000000000e+04 -1.111307226797642045e-18
-3.790000000000000000e+04 1.111307226797642045e-18
-3.780000000000000000e+04 -1.111307226797642045e-18
-3.770000000000000000e+04 0.000000000000000000e+00
-3.760000000000000000e+04 1.000000000584951379e-09
-3.750000000000000000e+04 0.000000000000000000e+00
-3.740000000000000000e+04 0.000000000000000000e+00
-3.730000000000000000e+04 0.000000000000000000e+00
-3.720000000000000000e+04 0.000000000000000000e+00
-3.710000000000000000e+04 0.000000000000000000e+00
-3.700000000000000000e+04 0.000000000000000000e+00
-3.690000000000000000e+04 0.000000000000000000e+00
-3.680000000000000000e+04 1.000000000584951379e-09
-3.670000000000000000e+04 -1.111307226797642045e-18
-3.660000000000000000e+04 0.000000000000000000e+00
-3.650000000000000000e+04 1.111307226797642045e-18
-3.640000000000000000e+04 -1.111307226797642045e-18
-3.630000000000000000e+04 1.111307226797642045e-18
-3.620000000000000000e+04 -1.111307226797642045e-18
-3.610000000000000000e+04 1.000000000584951379e-09
-3.600000000000000000e+04 0.000000000000000000e+00
-3.590000000000000000e+04 0.000000000000000000e+00
-3.580000000000000000e+04 0.000000000000000000e+00
-3.570000000000000000e+04 -1.111307226797642045e-18
-3.560000000000000000e+04 1.000000000584951379e-09
-3.550000000000000000e+04 0.000000000000000000e+00
-3.540000000000000000e+04 0.000000000000000000e+00
-3.530000000000000000e+04 1.000000000584951379e-09
-3.520000000000000000e+04 0.000000000000000000e+00
-3.510000000000000000e+04 0.000000000000000000e+00
-3.500000000000000000e+04 0.000000000000000000e+00
-3.490000000000000000e+04 0.000000000000000000e+00
-3.480000000000000000e+04 0.000000000000000000e+00
-3.470000000000000000e+04 2.999999999532239683e-09
-3.460000000000000000e+04 -1.000000000140428488e-08
-3.450000000000000000e+04 1.000000000140428488e-08
-3.440000000000000000e+04 -9.999999999181670429e-09
-3.430000000000000000e+04 9.999999999181670429e-09
-3.420000000000000000e+04 0.000000000000000000e+00
-3.410000000000000000e+04 -9.999999999181670429e-09
-3.400000000000000000e+04 9.999999999181670429e-09
-3.390000000000000000e+04 0.000000000000000000e+00
-3.380000000000000000e+04 0.000000000000000000e+00
-3.370000000000000000e+04 0.000000000000000000e+00
-3.360000000000000000e+04 0.000000000000000000e+00
-3.350000000000000000e+04 0.000000000000000000e+00
-3.340000000000000000e+04 0.000000000000000000e+00
-3.330000000000000000e+04 2.222614453595284090e-18
-3.320000000000000000e+04 -2.222614453595284090e-18
-3.310000000000000000e+04 0.000000000000000000e+00
-3.300000000000000000e+04 0.000000000000000000e+00
-3.290000000000000000e+04 0.000000000000000000e+00
-3.280000000000000000e+04 0.000000000000000000e+00
-3.270000000000000000e+04 0.000000000000000000e+00
-3.260000000000000000e+04 9.999999999181670429e-09
-3.250000000000000000e+04 -9.999999999181670429e-09
-3.240000000000000000e+04 0.000000000000000000e+00
-3.230000000000000000e+04 0.000000000000000000e+00
-3.220000000000000000e+04 2.222614453595284090e-18
-3.210000000000000000e+04 9.999999999181670429e-09
-3.200000000000000000e+04 -9.999999999181670429e-09
-3.190000000000000000e+04 -2.222614453595284090e-18
-3.180000000000000000e+04 0.000000000000000000e+00
-3.170000000000000000e+04 0.000000000000000000e+00
-3.160000000000000000e+04 9.999999999181670429e-09
-3.150000000000000000e+04 -9.999999999181670429e-09
-3.140000000000000000e+04 0.000000000000000000e+00
-3.130000000000000000e+04 0.000000000000000000e+00
-3.120000000000000000e+04 0.000000000000000000e+00
-3.110000000000000000e+04 1.000000000140428488e-08
-3.100000000000000000e+04 -1.000000000140428488e-08
-3.090000000000000000e+04 2.222614453595284090e-18
-3.080000000000000000e+04 9.999999999181670429e-09
-3.070000000000000000e+04 -1.000000000140428488e-08
-3.060000000000000000e+04 1.000000000140428488e-08
-3.050000000000000000e+04 -1.000000000140428488e-08
-3.040000000000000000e+04 0.000000000000000000e+00
-3.030000000000000000e+04 9.999999999181670429e-09
-3.020000000000000000e+04 -9.999999999181670429e-09
-3.010000000000000000e+04 9.999999999181670429e-09
-3.000000000000000000e+04 -9.999999999181670429e-09
-2.990000000000000000e+04 0.000000000000000000e+00
-2.980000000000000000e+04 1.000000000140428488e-08
-2.970000000000000000e+04 -1.000000000140428488e-08
-2.960000000000000000e+04 1.000000000140428488e-08
-2.950000000000000000e+04 -9.999999999181670429e-09
-2.940000000000000000e+04 -2.222614453595284090e-18
-2.930000000000000000e+04 1.000000000140428488e-08
-2.920000000000000000e+04 -1.000000000140428488e-08
-2.910000000000000000e+04 9.999999999181670429e-09
-2.900000000000000000e+04 0.000000000000000000e+00
-2.890000000000000000e+04 -9.999999999181670429e-09
-2.880000000000000000e+04 9.999999999181670429e-09
-2.870000000000000000e+04 -9.999999999181670429e-09
-2.860000000000000000e+04 9.999999999181670429e-09
-2.850000000000000000e+04 2.222614453595284090e-18
-2.840000000000000000e+04 -1.000000000140428488e-08
-2.830000000000000000e+04 1.000000000140428488e-08
-2.820000000000000000e+04 -9.999999999181670429e-09
-2.810000000000000000e+04 9.999999999181670429e-09
-2.800000000000000000e+04 -2.222614453595284090e-18
-2.790000000000000000e+04 -9.999999999181670429e-09
-2.780000000000000000e+04 9.999999999181670429e-09
-2.770000000000000000e+04 0.000000000000000000e+00
-2.760000000000000000e+04 0.000000000000000000e+00
-2.750000000000000000e+04 0.000000000000000000e+00
-2.740000000000000000e+04 0.000000000000000000e+00
-2.730000000000000000e+04 0.000000000000000000e+00
-2.720000000000000000e+04 2.222614453595284090e-18
-2.710000000000000000e+04 0.000000000000000000e+00
-2.700000000000000000e+04 0.000000000000000000e+00
-2.690000000000000000e+04 0.000000000000000000e+00
-2.680000000000000000e+04 0.000000000000000000e+00
-2.670000000000000000e+04 -2.222614453595284090e-18
-2.660000000000000000e+04 2.222614453595284090e-18
-2.650000000000000000e+04 -2.222614453595284090e-18
-2.640000000000000000e+04 0.000000000000000000e+00
-2.630000000000000000e+04 0.000000000000000000e+00
-2.620000000000000000e+04 0.000000000000000000e+00
-2.610000000000000000e+04 0.000000000000000000e+00
-2.600000000000000000e+04 2.222614453595284090e-18
-2.590000000000000000e+04 9.999999999181670429e-09
-2.580000000000000000e+04 -9.999999999181670429e-09
-2.570000000000000000e+04 0.000000000000000000e+00
-2.560000000000000000e+04 0.000000000000000000e+00
-2.550000000000000000e+04 0.000000000000000000e+00
-2.540000000000000000e+04 9.999999999181670429e-09
-2.530000000000000000e+04 -1.000000000140428488e-08
-2.520000000000000000e+04 0.000000000000000000e+00
-2.510000000000000000e+04 0.000000000000000000e+00
-2.500000000000000000e+04 0.000000000000000000e+00
-2.490000000000000000e+04 1.000000000140428488e-08
-2.480000000000000000e+04 -1.000000000140428488e-08
-2.470000000000000000e+04 2.222614453595284090e-18
-2.460000000000000000e+04 -2.222614453595284090e-18
-2.450000000000000000e+04 2.222614453595284090e-18
-2.440000000000000000e+04 9.999999999181670429e-09
-2.430000000000000000e+04 -9.999999999181670429e-09
-2.420000000000000000e+04 0.000000000000000000e+00
-2.410000000000000000e+04 9.999999999181670429e-09
-2.400000000000000000e+04 -1.000000000140428488e-08
-2.390000000000000000e+04 1.000000000140428488e-08
-2.380000000000000000e+04 -1.000000000140428488e-08
-2.370000000000000000e+04 0.000000000000000000e+00
-2.360000000000000000e+04 1.000000000140428488e-08
-2.350000000000000000e+04 -1.000000000140428488e-08
-2.340000000000000000e+04 1.000000000140428488e-08
-2.330000000000000000e+04 -9.999999999181670429e-09
-2.320000000000000000e+04 0.000000000000000000e+00
-2.310000000000000000e+04 9.999999999181670429e-09
-2.300000000000000000e+04 -9.999999999181670429e-09
-2.290000000000000000e+04 9.999999999181670429e-09
-2.280000000000000000e+04 -9.999999999181670429e-09
-2.270000000000000000e+04 -2.222614453595284090e-18
-2.260000000000000000e+04 1.000000000140428488e-08
-2.250000000000000000e+04 -1.000000000140428488e-08
-2.240000000000000000e+04 9.999999999181670429e-09
-2.230000000000000000e+04 2.222614453595284090e-18
-2.220000000000000000e+04 -1.000000000140428488e-08
-2.210000000000000000e+04 1.000000000140428488e-08
-2.200000000000000000e+04 -9.999999999181670429e-09
-2.190000000000000000e+04 9.999999999181670429e-09
-2.180000000000000000e+04 0.000000000000000000e+00
-2.170000000000000000e+04 -9.999999999181670429e-09
-2.160000000000000000e+04 9.999999999181670429e-09
-2.150000000000000000e+04 -9.999999999181670429e-09
-2.140000000000000000e+04 9.999999999181670429e-09
-2.130000000000000000e+04 -2.222614453595284090e-18
-2.120000000000000000e+04 -9.999999999181670429e-09
-2.110000000000000000e+04 9.999999999181670429e-09
-2.100000000000000000e+04 -9.999999999181670429e-09
-2.090000000000000000e+04 1.000000000140428488e-08
-2.080000000000000000e+04 0.000000000000000000e+00
-2.070000000000000000e+04 0.000000000000000000e+00
-2.060000000000000000e+04 0.000000000000000000e+00
-2.050000000000000000e+04 0.000000000000000000e+00
-2.040000000000000000e+04 0.000000000000000000e+00
-2.030000000000000000e+04 0.000000000000000000e+00
-2.020000000000000000e+04 0.000000000000000000e+00
-2.010000000000000000e+04 0.000000000000000000e+00
-2.000000000000000000e+04 -2.222614453595284090e-18
-1.990000000000000000e+04 2.222614453595284090e-18
-1.980000000000000000e+04 0.000000000000000000e+00
-1.970000000000000000e+04 -2.222614453595284090e-18
-1.960000000000000000e+04 2.222614453595284090e-18
-1.950000000000000000e+04 0.000000000000000000e+00
-1.940000000000000000e+04 0.000000000000000000e+00
-1.930000000000000000e+04 -2.222614453595284090e-18
-1.920000000000000000e+04 0.000000000000000000e+00
-1.910000000000000000e+04 0.000000000000000000e+00
-1.900000000000000000e+04 4.431676380034499374e-18
-1.890000000000000000e+04 -4.445228907190568179e-18
-1.880000000000000000e+04 0.000000000000000000e+00
-1.870000000000000000e+04 4.445228907190568179e-18
-1.860000000000000000e+04 0.000000000000000000e+00
-1.850000000000000000e+04 0.000000000000000000e+00
-1.840000000000000000e+04 -4.445228907190568179e-18
-1.830000000000000000e+04 0.000000000000000000e+00
-1.820000000000000000e+04 1.000000000140428488e-08
-1.810000000000000000e+04 -9.999999996959055976e-09
-1.800000000000000000e+04 -4.431676380034499374e-18
-1.790000000000000000e+04 0.000000000000000000e+00
-1.780000000000000000e+04 4.431676380034499374e-18
-1.770000000000000000e+04 9.999999996959055976e-09
-1.760000000000000000e+04 -1.000000000140428488e-08
-1.750000000000000000e+04 0.000000000000000000e+00
-1.740000000000000000e+04 4.445228907190568179e-18
-1.730000000000000000e+04 0.000000000000000000e+00
-1.720000000000000000e+04 9.999999996959055976e-09
-1.710000000000000000e+04 -1.000000000140428488e-08
-1.700000000000000000e+04 0.000000000000000000e+00
-1.690000000000000000e+04 4.445228907190568179e-18
-1.680000000000000000e+04 0.000000000000000000e+00
-1.670000000000000000e+04 9.999999996959055976e-09
-1.660000000000000000e+04 -1.000000000140428488e-08
-1.650000000000000000e+04 4.431676380034499374e-18
-1.640000000000000000e+04 9.999999996959055976e-09
-1.630000000000000000e+04 -1.000000000140428488e-08
-1.620000000000000000e+04 1.000000000140428488e-08
-1.610000000000000000e+04 -9.999999996959055976e-09
-1.600000000000000000e+04 0.000000000000000000e+00
-1.590000000000000000e+04 9.999999996959055976e-09
-1.580000000000000000e+04 -1.000000000140428488e-08
-1.570000000000000000e+04 1.000000000140428488e-08
-1.560000000000000000e+04 -9.999999996959055976e-09
-1.550000000000000000e+04 -4.431676380034499374e-18
-1.540000000000000000e+04 1.000000000140428488e-08
-1.530000000000000000e+04 -1.000000000140428488e-08
-1.520000000000000000e+04 1.000000000583596126e-08
-1.510000000000000000e+04 -1.000000000583596126e-08
-1.500000000000000000e+04 0.000000000000000000e+00
-1.490000000000000000e+04 1.000000000140428488e-08
-1.480000000000000000e+04 -9.999999996959055976e-09
-1.470000000000000000e+04 9.999999996959055976e-09
-1.460000000000000000e+04 -1.000000000140428488e-08
-1.450000000000000000e+04 1.000000000140428488e-08
-1.440000000000000000e+04 0.000000000000000000e+00
-1.430000000000000000e+04 -9.999999996959055976e-09
-1.420000000000000000e+04 9.999999996959055976e-09
-1.410000000000000000e+04 0.000000000000000000e+00
-1.400000000000000000e+04 0.000000000000000000e+00
-1.390000000000000000e+04 4.431676380034499374e-18
-1.380000000000000000e+04 -1.000000000583596126e-08
-1.370000000000000000e+04 1.000000000140428488e-08
-1.360000000000000000e+04 0.000000000000000000e+00
-1.350000000000000000e+04 0.000000000000000000e+00
-1.340000000000000000e+04 0.000000000000000000e+00
-1.330000000000000000e+04 -1.000000000140428488e-08
-1.320000000000000000e+04 1.000000000140428488e-08
-1.310000000000000000e+04 0.000000000000000000e+00
-1.300000000000000000e+04 0.000000000000000000e+00
-1.290000000000000000e+04 0.000000000000000000e+00
-1.280000000000000000e+04 -1.000000000140428488e-08
-1.270000000000000000e+04 1.000000000583596126e-08
-1.260000000000000000e+04 -4.431676380034499374e-18
-1.250000000000000000e+04 0.000000000000000000e+00
-1.240000000000000000e+04 0.000000000000000000e+00
-1.230000000000000000e+04 -9.999999996959055976e-09
-1.220000000000000000e+04 9.999999996959055976e-09
-1.210000000000000000e+04 0.000000000000000000e+00
-1.200000000000000000e+04 0.000000000000000000e+00
-1.190000000000000000e+04 0.000000000000000000e+00
-1.180000000000000000e+04 0.000000000000000000e+00
-1.170000000000000000e+04 0.000000000000000000e+00
-1.160000000000000000e+04 0.000000000000000000e+00
-1.150000000000000000e+04 0.000000000000000000e+00
-1.140000000000000000e+04 4.431676380034499374e-18
-1.130000000000000000e+04 -4.431676380034499374e-18
-1.120000000000000000e+04 0.000000000000000000e+00
-1.110000000000000000e+04 0.000000000000000000e+00
-1.100000000000000000e+04 0.000000000000000000e+00
-1.090000000000000000e+04 0.000000000000000000e+00
-1.080000000000000000e+04 0.000000000000000000e+00
-1.070000000000000000e+04 0.000000000000000000e+00
-1.060000000000000000e+04 0.000000000000000000e+00
-1.050000000000000000e+04 0.000000000000000000e+00
-1.040000000000000000e+04 0.000000000000000000e+00
-1.030000000000000000e+04 0.000000000000000000e+00
-1.020000000000000000e+04 0.000000000000000000e+00
-1.010000000000000000e+04 4.431676380034499374e-18
-1.000000000000000000e+04 -4.445228907190568179e-18
-9.900000000000000000e+03 0.000000000000000000e+00
-9.800000000000000000e+03 0.000000000000000000e+00
-9.700000000000000000e+03 0.000000000000000000e+00
-9.600000000000000000e+03 0.000000000000000000e+00
-9.500000000000000000e+03 1.000000000140428488e-08
-9.400000000000000000e+03 -1.000000000140428488e-08
-9.300000000000000000e+03 0.000000000000000000e+00
-9.200000000000000000e+03 0.000000000000000000e+00
-9.100000000000000000e+03 0.000000000000000000e+00
-9.000000000000000000e+03 1.000000000140428488e-08
-8.900000000000000000e+03 -9.999999996959055976e-09
-8.800000000000000000e+03 -4.431676380034499374e-18
-8.700000000000000000e+03 0.000000000000000000e+00
-8.600000000000000000e+03 0.000000000000000000e+00
-8.500000000000000000e+03 1.000000000140428488e-08
-8.400000000000000000e+03 -1.000000000139073236e-08
-8.300000000000000000e+03 1.000000000140428488e-08
-8.200000000000000000e+03 -1.000000000140428488e-08
-8.100000000000000000e+03 0.000000000000000000e+00
-8.000000000000000000e+03 9.999999996959055976e-09
-7.900000000000000000e+03 -9.999999996959055976e-09
-7.800000000000000000e+03 1.000000000140428488e-08
-7.700000000000000000e+03 -1.000000000140428488e-08
-7.600000000000000000e+03 4.431676380034499374e-18
-7.500000000000000000e+03 9.999999996959055976e-09
-7.400000000000000000e+03 -1.000000000140428488e-08
-7.300000000000000000e+03 1.000000000140428488e-08
-7.200000000000000000e+03 -4.431676380034499374e-18
-7.100000000000000000e+03 -9.999999996959055976e-09
-7.000000000000000000e+03 1.000000000140428488e-08
-6.900000000000000000e+03 -1.000000000140428488e-08
-6.800000000000000000e+03 9.999999996959055976e-09
-6.700000000000000000e+03 0.000000000000000000e+00
-6.600000000000000000e+03 -9.999999996959055976e-09
-6.500000000000000000e+03 1.000000000140428488e-08
-6.400000000000000000e+03 -1.000000000140428488e-08
-6.300000000000000000e+03 1.000000000139073236e-08
-6.200000000000000000e+03 0.000000000000000000e+00
-6.100000000000000000e+03 -1.000000000140428488e-08
-6.000000000000000000e+03 1.000000000140428488e-08
-5.900000000000000000e+03 -1.000000000139073236e-08
-5.800000000000000000e+03 1.000000000140428488e-08
-5.700000000000000000e+03 0.000000000000000000e+00
-5.600000000000000000e+03 -1.000000000140428488e-08
-5.500000000000000000e+03 9.999999996959055976e-09
-5.400000000000000000e+03 -9.999999996959055976e-09
-5.300000000000000000e+03 1.000000000140428488e-08
-5.200000000000000000e+03 0.000000000000000000e+00
-5.100000000000000000e+03 -1.000000000140428488e-08
-5.000000000000000000e+03 1.000000000139073236e-08
-4.900000000000000000e+03 -1.000000000140428488e-08
-4.800000000000000000e+03 1.000000000140428488e-08
-4.700000000000000000e+03 0.000000000000000000e+00
-4.600000000000000000e+03 -1.000000000139073236e-08
-4.500000000000000000e+03 1.000000000140428488e-08
-4.400000000000000000e+03 0.000000000000000000e+00
-4.300000000000000000e+03 -4.445228907190568179e-18
-4.200000000000000000e+03 0.000000000000000000e+00
-4.100000000000000000e+03 -9.999999996959055976e-09
-4.000000000000000000e+03 1.000000000140428488e-08
-3.900000000000000000e+03 0.000000000000000000e+00
-3.800000000000000000e+03 0.000000000000000000e+00
-3.700000000000000000e+03 0.000000000000000000e+00
-3.600000000000000000e+03 -1.000000000140428488e-08
-3.500000000000000000e+03 1.000000000140428488e-08
-3.400000000000000000e+03 0.000000000000000000e+00
-3.300000000000000000e+03 0.000000000000000000e+00
-3.200000000000000000e+03 0.000000000000000000e+00
-3.100000000000000000e+03 -1.000000000140428488e-08
-3.000000000000000000e+03 9.999999996959055976e-09
-2.900000000000000000e+03 0.000000000000000000e+00
-2.800000000000000000e+03 4.445228907190568179e-18
-2.700000000000000000e+03 0.000000000000000000e+00
-2.600000000000000000e+03 -1.000000000140428488e-08
-2.500000000000000000e+03 1.000000000139073236e-08
-2.400000000000000000e+03 0.000000000000000000e+00
-2.300000000000000000e+03 0.000000000000000000e+00
-2.200000000000000000e+03 0.000000000000000000e+00
-2.100000000000000000e+03 -1.000000000139073236e-08
-2.000000000000000000e+03 1.000000000140428488e-08
-1.900000000000000000e+03 0.000000000000000000e+00
-1.800000000000000000e+03 0.000000000000000000e+00
-1.700000000000000000e+03 -4.431676380034499374e-18
-1.600000000000000000e+03 1.000000000140428488e-08
-1.500000000000000000e+03 -9.999999996959055976e-09
-1.400000000000000000e+03 0.000000000000000000e+00
-1.300000000000000000e+03 -4.445228907190568179e-18
-1.200000000000000000e+03 4.431676380034499374e-18
-1.100000000000000000e+03 1.000000000140428488e-08
-1.000000000000000000e+03 -1.000000000140428488e-08
-9.000000000000000000e+02 0.000000000000000000e+00
-8.000000000000000000e+02 0.000000000000000000e+00
-7.000000000000000000e+02 0.000000000000000000e+00
-6.000000000000000000e+02 1.000000000140428488e-08
-5.000000000000000000e+02 -1.000000000583596126e-08
-4.000000000000000000e+02 0.000000000000000000e+00
-3.000000000000000000e+02 4.445228907190568179e-18
-2.000000000000000000e+02 0.000000000000000000e+00
-1.000000000000000000e+02 9.999999996959055976e-09
0.000000000000000000e+00 -1.000000000140428488e-08
1.000000000000000000e+02 4.431676380034499374e-18
2.000000000000000000e+02 0.000000000000000000e+00
3.000000000000000000e+02 0.000000000000000000e+00
4.000000000000000000e+02 9.999999996959055976e-09
5.000000000000000000e+02 -9.999999996959055976e-09
6.000000000000000000e+02 0.000000000000000000e+00
7.000000000000000000e+02 0.000000000000000000e+00
8.000000000000000000e+02 -4.431676380034499374e-18
9.000000000000000000e+02 1.000000000140428488e-08
1.000000000000000000e+03 -9.999999996959055976e-09
1.100000000000000000e+03 0.000000000000000000e+00
1.200000000000000000e+03 9.999999996959055976e-09
1.300000000000000000e+03 -9.999999996959055976e-09
1.400000000000000000e+03 1.000000000140428488e-08
1.500000000000000000e+03 -1.000000000140428488e-08
1.600000000000000000e+03 0.000000000000000000e+00
1.700000000000000000e+03 9.999999996959055976e-09
1.800000000000000000e+03 -9.999999996959055976e-09
1.900000000000000000e+03 1.000000000140428488e-08
2.000000000000000000e+03 -1.000000000140428488e-08
2.100000000000000000e+03 -4.431676380034499374e-18
2.200000000000000000e+03 1.000000000140428488e-08
2.300000000000000000e+03 -9.999999996959055976e-09
2.400000000000000000e+03 9.999999996959055976e-09
2.500000000000000000e+03 -1.000000000140428488e-08
2.600000000000000000e+03 4.431676380034499374e-18
2.700000000000000000e+03 1.000000000140428488e-08
2.800000000000000000e+03 -1.000000000140428488e-08
2.900000000000000000e+03 9.999999996959055976e-09
3.000000000000000000e+03 -9.999999996959055976e-09
3.100000000000000000e+03 0.000000000000000000e+00
3.200000000000000000e+03 1.000000000140428488e-08
3.300000000000000000e+03 -1.000000000140428488e-08
3.400000000000000000e+03 9.999999996959055976e-09
3.500000000000000000e+03 -9.999999996959055976e-09
3.600000000000000000e+03 0.000000000000000000e+00
3.700000000000000000e+03 9.999999996959055976e-09
3.800000000000000000e+03 -1.000000000140428488e-08
3.900000000000000000e+03 1.000000000583596126e-08
4.000000000000000000e+03 -1.000000000140428488e-08
4.100000000000000000e+03 0.000000000000000000e+00
4.200000000000000000e+03 9.999999996959055976e-09
4.300000000000000000e+03 -9.999999996959055976e-09
4.400000000000000000e+03 1.000000000140428488e-08
4.500000000000000000e+03 -1.000000000140428488e-08
4.600000000000000000e+03 9.999999996959055976e-09
4.700000000000000000e+03 0.000000000000000000e+00
4.800000000000000000e+03 -9.999999996959055976e-09
4.900000000000000000e+03 1.000000000140428488e-08
5.000000000000000000e+03 -4.431676380034499374e-18
5.100000000000000000e+03 0.000000000000000000e+00
5.200000000000000000e+03 4.431676380034499374e-18
5.300000000000000000e+03 -1.000000000140428488e-08
5.400000000000000000e+03 9.999999996959055976e-09
5.500000000000000000e+03 0.000000000000000000e+00
5.600000000000000000e+03 4.445228907190568179e-18
5.700000000000000000e+03 0.000000000000000000e+00
5.800000000000000000e+03 -1.000000000140428488e-08
5.900000000000000000e+03 9.999999996959055976e-09
6.000000000000000000e+03 0.000000000000000000e+00
6.100000000000000000e+03 4.445228907190568179e-18
6.200000000000000000e+03 -4.431676380034499374e-18
6.300000000000000000e+03 -1.000000000140428488e-08
6.400000000000000000e+03 1.000000000583596126e-08
6.500000000000000000e+03 0.000000000000000000e+00
6.600000000000000000e+03 -4.445228907190568179e-18
6.700000000000000000e+03 0.000000000000000000e+00
6.800000000000000000e+03 -9.999999996959055976e-09
6.900000000000000000e+03 1.000000000140428488e-08
7.000000000000000000e+03 0.000000000000000000e+00
7.100000000000000000e+03 -4.445228907190568179e-18
7.200000000000000000e+03 0.000000000000000000e+00
7.300000000000000000e+03 -9.999999996959055976e-09
7.400000000000000000e+03 1.000000000140428488e-08
7.500000000000000000e+03 -4.431676380034499374e-18
7.600000000000000000e+03 0.000000000000000000e+00
7.700000000000000000e+03 4.431676380034499374e-18
7.800000000000000000e+03 -1.000000000140428488e-08
7.900000000000000000e+03 9.999999996959055976e-09
8.000000000000000000e+03 0.000000000000000000e+00
8.100000000000000000e+03 4.445228907190568179e-18
8.200000000000000000e+03 0.000000000000000000e+00
8.300000000000000000e+03 -1.000000000140428488e-08
8.400000000000000000e+03 9.999999996959055976e-09
8.500000000000000000e+03 0.000000000000000000e+00
8.600000000000000000e+03 4.445228907190568179e-18
8.700000000000000000e+03 0.000000000000000000e+00
8.800000000000000000e+03 -4.431676380034499374e-18
8.900000000000000000e+03 0.000000000000000000e+00
9.000000000000000000e+03 4.431676380034499374e-18
9.100000000000000000e+03 -4.445228907190568179e-18
9.200000000000000000e+03 0.000000000000000000e+00
9.300000000000000000e+03 0.000000000000000000e+00
9.400000000000000000e+03 4.445228907190568179e-18
9.500000000000000000e+03 0.000000000000000000e+00
9.600000000000000000e+03 -4.445228907190568179e-18
9.700000000000000000e+03 0.000000000000000000e+00
9.800000000000000000e+03 0.000000000000000000e+00
9.900000000000000000e+03 4.445228907190568179e-18
1.000000000000000000e+04 0.000000000000000000e+00
1.010000000000000000e+04 -4.445228907190568179e-18
1.020000000000000000e+04 4.431676380034499374e-18
1.030000000000000000e+04 0.000000000000000000e+00
1.040000000000000000e+04 -4.445228907190568179e-18
1.050000000000000000e+04 0.000000000000000000e+00
1.060000000000000000e+04 4.445228907190568179e-18
1.070000000000000000e+04 0.000000000000000000e+00
1.080000000000000000e+04 0.000000000000000000e+00
1.090000000000000000e+04 -4.445228907190568179e-18
1.100000000000000000e+04 0.000000000000000000e+00
1.110000000000000000e+04 4.445228907190568179e-18
1.120000000000000000e+04 0.000000000000000000e+00
1.130000000000000000e+04 9.999999996959055976e-09
1.140000000000000000e+04 -1.000000000140428488e-08
1.150000000000000000e+04 -4.431676380034499374e-18
1.160000000000000000e+04 0.000000000000000000e+00
1.170000000000000000e+04 8.876905287225067553e-18
1.180000000000000000e+04 1.000000000140428488e-08
1.190000000000000000e+04 -1.000000000140428488e-08
1.200000000000000000e+04 0.000000000000000000e+00
1.210000000000000000e+04 0.000000000000000000e+00
1.220000000000000000e+04 0.000000000000000000e+00
1.230000000000000000e+04 9.999999992513827068e-09
1.240000000000000000e+04 -1.000000000140428488e-08
1.250000000000000000e+04 0.000000000000000000e+00
1.260000000000000000e+04 8.890457814381136359e-18
1.270000000000000000e+04 0.000000000000000000e+00
1.280000000000000000e+04 1.000000000140428488e-08
1.290000000000000000e+04 -1.000000000140428488e-08
1.300000000000000000e+04 0.000000000000000000e+00
1.310000000000000000e+04 9.999999992513827068e-09
1.320000000000000000e+04 -1.000000000140428488e-08
1.330000000000000000e+04 1.000000000140428488e-08
1.340000000000000000e+04 -9.999999992513827068e-09
1.350000000000000000e+04 0.000000000000000000e+00
1.360000000000000000e+04 1.000000000140428488e-08
1.370000000000000000e+04 -1.000000000140428488e-08
1.380000000000000000e+04 1.000000000140428488e-08
1.390000000000000000e+04 -1.000000000140428488e-08
1.400000000000000000e+04 0.000000000000000000e+00
1.410000000000000000e+04 9.999999992513827068e-09
1.420000000000000000e+04 -9.999999992513827068e-09
1.430000000000000000e+04 1.000000000140428488e-08
1.440000000000000000e+04 -1.000000000140428488e-08
1.450000000000000000e+04 0.000000000000000000e+00
1.460000000000000000e+04 1.000000000140428488e-08
1.470000000000000000e+04 -1.000000000140428488e-08
1.480000000000000000e+04 9.999999992513827068e-09
1.490000000000000000e+04 -1.000000000140428488e-08
1.500000000000000000e+04 0.000000000000000000e+00
1.510000000000000000e+04 1.000000000140428488e-08
1.520000000000000000e+04 -9.999999992513827068e-09
1.530000000000000000e+04 1.000000000140428488e-08
1.540000000000000000e+04 -1.000000000140428488e-08
1.550000000000000000e+04 0.000000000000000000e+00
1.560000000000000000e+04 1.000000000140428488e-08
1.570000000000000000e+04 -1.000000001028119017e-08
1.580000000000000000e+04 1.000000000140428488e-08
1.590000000000000000e+04 -9.999999992513827068e-09
1.600000000000000000e+04 0.000000000000000000e+00
1.610000000000000000e+04 1.000000000140428488e-08
1.620000000000000000e+04 -1.000000000140428488e-08
1.630000000000000000e+04 1.000000000140428488e-08
1.640000000000000000e+04 -1.000000000140428488e-08
1.650000000000000000e+04 0.000000000000000000e+00
1.660000000000000000e+04 9.999999992513827068e-09
1.670000000000000000e+04 -1.000000000140428488e-08
1.680000000000000000e+04 1.000000001028119017e-08
1.690000000000000000e+04 -1.000000000140428488e-08
1.700000000000000000e+04 0.000000000000000000e+00
1.710000000000000000e+04 1.000000000140428488e-08
1.720000000000000000e+04 -1.000000000140428488e-08
1.730000000000000000e+04 9.999999992513827068e-09
1.740000000000000000e+04 -1.000000000140428488e-08
1.750000000000000000e+04 1.000000000140428488e-08
1.760000000000000000e+04 0.000000000000000000e+00
1.770000000000000000e+04 -9.999999992513827068e-09
1.780000000000000000e+04 1.000000000140428488e-08
1.790000000000000000e+04 -1.000000000140428488e-08
1.800000000000000000e+04 1.000000000140428488e-08
1.810000000000000000e+04 0.000000000000000000e+00
1.820000000000000000e+04 -1.000000001028119017e-08
1.830000000000000000e+04 1.000000000140428488e-08
1.840000000000000000e+04 -9.999999992513827068e-09
1.850000000000000000e+04 1.000000000140428488e-08
1.860000000000000000e+04 0.000000000000000000e+00
1.870000000000000000e+04 -1.000000000140428488e-08
1.880000000000000000e+04 1.000000000140428488e-08
1.890000000000000000e+04 0.000000000000000000e+00
1.900000000000000000e+04 -8.890457814381136359e-18
1.910000000000000000e+04 0.000000000000000000e+00
1.920000000000000000e+04 -1.000000000140428488e-08
1.930000000000000000e+04 1.000000001028119017e-08
1.940000000000000000e+04 0.000000000000000000e+00
1.950000000000000000e+04 0.000000000000000000e+00
1.960000000000000000e+04 0.000000000000000000e+00
1.970000000000000000e+04 -1.000000000140428488e-08
1.980000000000000000e+04 9.999999992513827068e-09
1.990000000000000000e+04 0.000000000000000000e+00
2.000000000000000000e+04 0.000000000000000000e+00
2.010000000000000000e+04 0.000000000000000000e+00
2.020000000000000000e+04 -9.999999992513827068e-09
2.030000000000000000e+04 1.000000000140428488e-08
2.040000000000000000e+04 0.000000000000000000e+00
2.050000000000000000e+04 0.000000000000000000e+00
2.060000000000000000e+04 0.000000000000000000e+00
2.070000000000000000e+04 -1.000000001028119017e-08
2.080000000000000000e+04 1.000000000140428488e-08
2.090000000000000000e+04 0.000000000000000000e+00
2.100000000000000000e+04 8.890457814381136359e-18
2.110000000000000000e+04 0.000000000000000000e+00
2.120000000000000000e+04 -1.000000000140428488e-08
2.130000000000000000e+04 1.000000000140428488e-08
2.140000000000000000e+04 0.000000000000000000e+00
2.150000000000000000e+04 -8.890457814381136359e-18
2.160000000000000000e+04 0.000000000000000000e+00
2.170000000000000000e+04 -1.000000000140428488e-08
2.180000000000000000e+04 1.000000000140428488e-08
2.190000000000000000e+04 8.876905287225067553e-18
2.200000000000000000e+04 0.000000000000000000e+00
2.210000000000000000e+04 0.000000000000000000e+00
2.220000000000000000e+04 -1.000000000140428488e-08
2.230000000000000000e+04 1.000000000140428488e-08
2.240000000000000000e+04 -8.876905287225067553e-18
2.250000000000000000e+04 0.000000000000000000e+00
2.260000000000000000e+04 0.000000000000000000e+00
2.270000000000000000e+04 -9.999999992513827068e-09
2.280000000000000000e+04 1.000000000140428488e-08
2.290000000000000000e+04 0.000000000000000000e+00
2.300000000000000000e+04 0.000000000000000000e+00
2.310000000000000000e+04 0.000000000000000000e+00
2.320000000000000000e+04 -1.000000000140428488e-08
2.330000000000000000e+04 9.999999992513827068e-09
2.340000000000000000e+04 0.000000000000000000e+00
2.350000000000000000e+04 8.890457814381136359e-18
2.360000000000000000e+04 0.000000000000000000e+00
2.370000000000000000e+04 -1.000000000140428488e-08
2.380000000000000000e+04 1.000000000140428488e-08
2.390000000000000000e+04 0.000000000000000000e+00
2.400000000000000000e+04 -8.890457814381136359e-18
2.410000000000000000e+04 0.000000000000000000e+00
2.420000000000000000e+04 0.000000000000000000e+00
2.430000000000000000e+04 0.000000000000000000e+00
2.440000000000000000e+04 8.876905287225067553e-18
2.450000000000000000e+04 0.000000000000000000e+00
2.460000000000000000e+04 0.000000000000000000e+00
2.470000000000000000e+04 0.000000000000000000e+00
2.480000000000000000e+04 0.000000000000000000e+00
2.490000000000000000e+04 -8.876905287225067553e-18
2.500000000000000000e+04 0.000000000000000000e+00
2.510000000000000000e+04 0.000000000000000000e+00
2.520000000000000000e+04 8.890457814381136359e-18
2.530000000000000000e+04 0.000000000000000000e+00
2.540000000000000000e+04 0.000000000000000000e+00
2.550000000000000000e+04 0.000000000000000000e+00
2.560000000000000000e+04 0.000000000000000000e+00
2.570000000000000000e+04 -8.890457814381136359e-18
2.580000000000000000e+04 0.000000000000000000e+00
2.590000000000000000e+04 0.000000000000000000e+00
2.600000000000000000e+04 8.890457814381136359e-18
2.610000000000000000e+04 0.000000000000000000e+00
2.620000000000000000e+04 0.000000000000000000e+00
2.630000000000000000e+04 0.000000000000000000e+00
2.640000000000000000e+04 0.000000000000000000e+00
2.650000000000000000e+04 -8.890457814381136359e-18
2.660000000000000000e+04 0.000000000000000000e+00
2.670000000000000000e+04 0.000000000000000000e+00
2.680000000000000000e+04 0.000000000000000000e+00
2.690000000000000000e+04 0.000000000000000000e+00
2.700000000000000000e+04 8.890457814381136359e-18
2.710000000000000000e+04 0.000000000000000000e+00
2.720000000000000000e+04 0.000000000000000000e+00
2.730000000000000000e+04 0.000000000000000000e+00
2.740000000000000000e+04 -8.876905287225067553e-18
2.750000000000000000e+04 0.000000000000000000e+00
2.760000000000000000e+04 0.000000000000000000e+00
2.770000000000000000e+04 8.890457814381136359e-18
2.780000000000000000e+04 0.000000000000000000e+00
2.790000000000000000e+04 0.000000000000000000e+00
2.800000000000000000e+04 0.000000000000000000e+00
2.810000000000000000e+04 0.000000000000000000e+00
2.820000000000000000e+04 -8.890457814381136359e-18
2.830000000000000000e+04 0.000000000000000000e+00
2.840000000000000000e+04 0.000000000000000000e+00
2.850000000000000000e+04 0.000000000000000000e+00
2.860000000000000000e+04 8.876905287225067553e-18
2.870000000000000000e+04 0.000000000000000000e+00
2.880000000000000000e+04 0.000000000000000000e+00
2.890000000000000000e+04 0.000000000000000000e+00
2.900000000000000000e+04 0.000000000000000000e+00
2.910000000000000000e+04 -8.876905287225067553e-18
2.920000000000000000e+04 0.000000000000000000e+00
2.930000000000000000e+04 0.000000000000000000e+00
2.940000000000000000e+04 0.000000000000000000e+00
2.950000000000000000e+04 8.890457814381136359e-18
2.960000000000000000e+04 0.000000000000000000e+00
2.970000000000000000e+04 0.000000000000000000e+00
2.980000000000000000e+04 0.000000000000000000e+00
2.990000000000000000e+04 0.000000000000000000e+00
3.000000000000000000e+04 -8.890457814381136359e-18
3.010000000000000000e+04 0.000000000000000000e+00
3.020000000000000000e+04 1.000000000140428488e-08
3.030000000000000000e+04 -9.999999992513827068e-09
3.040000000000000000e+04 1.000000000140428488e-08
3.050000000000000000e+04 -1.000000000140428488e-08
3.060000000000000000e+04 0.000000000000000000e+00
3.070000000000000000e+04 9.999999992513827068e-09
3.080000000000000000e+04 -1.000000000140428488e-08
3.090000000000000000e+04 1.000000000140428488e-08
3.100000000000000000e+04 -1.000000000140428488e-08
3.110000000000000000e+04 8.876905287225067553e-18
3.120000000000000000e+04 1.000000000140428488e-08
3.130000000000000000e+04 -1.000000000140428488e-08
3.140000000000000000e+04 1.000000000140428488e-08
3.150000000000000000e+04 -1.000000000140428488e-08
3.160000000000000000e+04 -8.876905287225067553e-18
3.170000000000000000e+04 1.000000000140428488e-08
3.180000000000000000e+04 -1.000000000140428488e-08
3.190000000000000000e+04 1.000000000140428488e-08
3.200000000000000000e+04 -9.999999992513827068e-09
3.210000000000000000e+04 0.000000000000000000e+00
3.220000000000000000e+04 1.000000000140428488e-08
3.230000000000000000e+04 -1.000000000140428488e-08
3.240000000000000000e+04 9.999999992513827068e-09
3.250000000000000000e+04 -1.000000000140428488e-08
3.260000000000000000e+04 0.000000000000000000e+00
3.270000000000000000e+04 1.000000000140428488e-08
3.280000000000000000e+04 -9.999999992513827068e-09
3.290000000000000000e+04 1.000000000140428488e-08
3.300000000000000000e+04 -1.000000000140428488e-08
3.310000000000000000e+04 0.000000000000000000e+00
3.320000000000000000e+04 9.999999992513827068e-09
3.330000000000000000e+04 -1.000000000140428488e-08
3.340000000000000000e+04 1.000000000140428488e-08
3.350000000000000000e+04 -1.000000000140428488e-08
3.360000000000000000e+04 0.000000000000000000e+00
3.370000000000000000e+04 1.000000001028119017e-08
3.380000000000000000e+04 -1.000000000140428488e-08
3.390000000000000000e+04 1.000000000140428488e-08
3.400000000000000000e+04 -1.000000000140428488e-08
3.410000000000000000e+04 -8.876905287225067553e-18
3.420000000000000000e+04 1.000000000140428488e-08
3.430000000000000000e+04 -1.000000000140428488e-08
3.440000000000000000e+04 1.000000000140428488e-08
3.450000000000000000e+04 -9.999999992513827068e-09
3.460000000000000000e+04 0.000000000000000000e+00
3.470000000000000000e+04 1.000000000140428488e-08
3.480000000000000000e+04 -1.000000000140428488e-08
3.490000000000000000e+04 9.999999992513827068e-09
3.500000000000000000e+04 -1.000000000140428488e-08
3.510000000000000000e+04 0.000000000000000000e+00
3.520000000000000000e+04 1.000000000140428488e-08
3.530000000000000000e+04 -9.999999992513827068e-09
3.540000000000000000e+04 1.000000000140428488e-08
3.550000000000000000e+04 -1.000000000140428488e-08
3.560000000000000000e+04 0.000000000000000000e+00
3.570000000000000000e+04 9.999999992513827068e-09
3.580000000000000000e+04 -1.000000000140428488e-08
3.590000000000000000e+04 1.000000000140428488e-08
3.600000000000000000e+04 -1.000000000140428488e-08
3.610000000000000000e+04 0.000000000000000000e+00
3.620000000000000000e+04 1.000000001028119017e-08
3.630000000000000000e+04 -1.000000000140428488e-08
3.640000000000000000e+04 1.000000000140428488e-08
3.650000000000000000e+04 -1.000000000140428488e-08
3.660000000000000000e+04 0.000000000000000000e+00
3.670000000000000000e+04 9.999999992513827068e-09
3.680000000000000000e+04 -1.000000000140428488e-08
3.690000000000000000e+04 1.000000000140428488e-08
3.700000000000000000e+04 -9.999999992513827068e-09
3.710000000000000000e+04 1.000000000140428488e-08
3.720000000000000000e+04 -1.000000000140428488e-08
3.730000000000000000e+04 0.000000000000000000e+00
3.740000000000000000e+04 9.999999992513827068e-09
3.750000000000000000e+04 -1.000000000140428488e-08
3.760000000000000000e+04 1.000000000140428488e-08
3.770000000000000000e+04 -1.000000000140428488e-08
3.780000000000000000e+04 8.876905287225067553e-18
3.790000000000000000e+04 1.000000000140428488e-08
3.800000000000000000e+04 -1.000000000140428488e-08
3.810000000000000000e+04 1.000000000140428488e-08
3.820000000000000000e+04 -1.000000000140428488e-08
3.830000000000000000e+04 -8.876905287225067553e-18
3.840000000000000000e+04 1.000000000140428488e-08
3.850000000000000000e+04 -1.000000000140428488e-08
3.860000000000000000e+04 1.000000000140428488e-08
3.870000000000000000e+04 -9.999999992513827068e-09
3.880000000000000000e+04 0.000000000000000000e+00
3.890000000000000000e+04 1.000000000140428488e-08
3.900000000000000000e+04 -1.000000000140428488e-08
3.910000000000000000e+04 9.999999992513827068e-09
3.920000000000000000e+04 -1.000000000140428488e-08
3.930000000000000000e+04 0.000000000000000000e+00
3.940000000000000000e+04 1.000000000140428488e-08
3.950000000000000000e+04 -9.999999992513827068e-09
3.960000000000000000e+04 1.000000000140428488e-08
3.970000000000000000e+04 -1.000000000140428488e-08
3.980000000000000000e+04 0.000000000000000000e+00
3.990000000000000000e+04 9.999999992513827068e-09
4.000000000000000000e+04 -1.000000000140428488e-08
4.010000000000000000e+04 1.000000000140428488e-08
4.020000000000000000e+04 -1.000000000140428488e-08
4.030000000000000000e+04 0.000000000000000000e+00
4.040000000000000000e+04 1.000000001028119017e-08
4.050000000000000000e+04 -1.000000000140428488e-08
4.060000000000000000e+04 1.000000000140428488e-08
4.070000000000000000e+04 -1.000000000140428488e-08
4.080000000000000000e+04 -8.876905287225067553e-18
4.090000000000000000e+04 1.000000000140428488e-08
4.100000000000000000e+04 0.000000000000000000e+00
4.110000000000000000e+04 0.000000000000000000e+00
4.120000000000000000e+04 1.000000000139073236e-08
4.130000000000000000e+04 0.000000000000000000e+00
4.140000000000000000e+04 1.000000000140428488e-08
4.150000000000000000e+04 0.000000000000000000e+00
4.160000000000000000e+04 1.000000000139073236e-08
4.170000000000000000e+04 0.000000000000000000e+00
4.180000000000000000e+04 0.000000000000000000e+00
4.190000000000000000e+04 1.000000000140428488e-08
4.200000000000000000e+04 -1.000000000140428488e-08
4.210000000000000000e+04 -1.000000000139073236e-08
4.220000000000000000e+04 -1.999999999391811195e-08
4.230000000000000000e+04 -3.000000000419930212e-08
4.240000000000000000e+04 -4.000000000560358700e-08
4.250000000000000000e+04 -4.999999999811741407e-08
4.260000000000000000e+04 -4.999999999810386155e-08
4.270000000000000000e+04 -8.000000000230316367e-08
4.280000000000000000e+04 -9.999999999622127562e-08
4.290000000000000000e+04 -1.099999999976120080e-07
4.300000000000000000e+04 -1.300000000004070252e-07
4.310000000000000000e+04 -1.500000000032020425e-07
4.320000000000000000e+04 -1.899999999999151716e-07
4.330000000000000000e+04 -2.000000000013194565e-07
4.340000000000000000e+04 -2.399999999980190332e-07
4.350000000000000000e+04 -2.800000000036090677e-07
4.360000000000000000e+04 -2.999999999975271796e-07
4.370000000000000000e+04 -3.499999999956310412e-07
4.380000000000000000e+04 -3.799999999998167908e-07
4.390000000000000000e+04 -4.299999999979342048e-07
4.400000000000000000e+04 -4.900000000063192565e-07
4.410000000000000000e+04 -5.200000000016416534e-07
4.420000000000000000e+04 -5.800000000011362473e-07
4.430000000000000000e+04 -6.299999999992401088e-07
4.440000000000000000e+04 -7.100000000015432725e-07
4.450000000000000000e+04 -7.599999999996471340e-07
4.460000000000000000e+04 -8.199999999991552805e-07
4.470000000000000000e+04 -8.999999999925815388e-07
4.480000000000000000e+04 -9.700000000023573229e-07
4.490000000000000000e+04 -1.049999999995783581e-06
4.500000000000000000e+04 -1.140000000008354383e-06
4.510000000000000000e+04 -1.210000000000376356e-06
4.520000000000000000e+04 -1.309999999996597632e-06
4.530000000000000000e+04 -1.400000000000291528e-06
4.540000000000000000e+04 -1.509999999997903536e-06
4.550000000000000000e+04 -1.620000000004406002e-06
4.560000000000000000e+04 -1.719999999991723267e-06
4.570000000000000000e+04 -1.860000000002425035e-06
4.580000000000000000e+04 -1.970000000008913948e-06
4.590000000000000000e+04 -2.110000000001834800e-06
4.600000000000000000e+04 -2.239999999993364920e-06
4.610000000000000000e+04 -2.349999999999853833e-06
4.620000000000000000e+04 -2.480000000000260859e-06
4.630000000000000000e+04 -2.599999999999263599e-06
4.640000000000000000e+04 -2.729999999999684177e-06
4.650000000000000000e+04 -2.849999999998686917e-06
4.660000000000000000e+04 -2.960000000005189383e-06
4.670000000000000000e+04 -3.080000000004192123e-06
4.680000000000000000e+04 -3.179999999991522941e-06
4.690000000000000000e+04 -3.290000000006902312e-06
4.700000000000000000e+04 -3.379999999992842397e-06
4.710000000000000000e+04 -3.469999999996522741e-06
4.720000000000000000e+04 -3.560000000000230190e-06
4.730000000000000000e+04 -3.619999999999738336e-06
4.740000000000000000e+04 -3.710000000003432232e-06
4.750000000000000000e+04 -3.760000000010426551e-06
4.760000000000000000e+04 -3.799999999998249223e-06
4.770000000000000000e+04 -3.849999999996366637e-06
4.780000000000000000e+04 -3.859999999997757369e-06
4.790000000000000000e+04 -3.890000000001956671e-06
4.800000000000000000e+04 -3.899999999994470498e-06
4.810000000000000000e+04 -3.880000000000552386e-06
4.820000000000000000e+04 -3.869999999999161654e-06
4.830000000000000000e+04 -3.820000000009934698e-06
4.840000000000000000e+04 -3.779999999995454205e-06
4.850000000000000000e+04 -3.710000000003432232e-06
4.860000000000000000e+04 -3.629999999992252163e-06
4.870000000000000000e+04 -3.549999999998839457e-06
4.880000000000000000e+04 -3.429999999999823164e-06
4.890000000000000000e+04 -3.330000000003615441e-06
4.900000000000000000e+04 -3.219999999997112975e-06
4.910000000000000000e+04 -3.090000000005596408e-06
4.920000000000000000e+04 -3.000000000001888959e-06
4.930000000000000000e+04 -2.909999999998195063e-06
4.940000000000000000e+04 -2.860000000000091202e-06
4.950000000000000000e+04 -2.809999999993096883e-06
4.960000000000000000e+04 -2.789999999999192323e-06
4.970000000000000000e+04 -2.640000000004867186e-06
4.980000000000000000e+04 -2.379999999995162678e-06
4.990000000000000000e+04 -1.150000000000881762e-06
5.000000000000000000e+04 0.000000000000000000e+00
