-5.000000000000000000e+04 -2.266269000000000172e-05
-4.990000000000000000e+04 -2.258584000000000600e-05
-4.980000000000000000e+04 -2.253076999999996860e-05
-4.970000000000000000e+04 -2.249360000000002465e-05
-4.960000000000000000e+04 -2.246790000000002251e-05
-4.950000000000000000e+04 -2.245019999999993627e-05
-4.940000000000000000e+04 -2.243810000000002493e-05
-4.930000000000000000e+04 -2.242990000000000017e-05
-4.920000000000000000e+04 -2.242460000000001566e-05
-4.910000000000000000e+04 -2.242140000000003575e-05
-4.900000000000000000e+04 -2.241999999999994458e-05
-4.890000000000000000e+04 -2.241969999999995748e-05
-4.880000000000000000e+04 -2.242060000000010853e-05
-4.870000000000000000e+04 -2.242229999999990897e-05
-4.860000000000000000e+04 -2.242479999999997544e-05
-4.850000000000000000e+04 -2.242840000000010531e-05
-4.840000000000000000e+04 -2.243079999999994794e-05
-4.830000000000000000e+04 -2.243610000000006798e-05
-4.820000000000000000e+04 -2.244089999999990232e-05
-4.810000000000000000e+04 -2.244620000000002914e-05
-4.800000000000000000e+04 -2.245199999999989278e-05
-4.790000000000000000e+04 -2.245820000000023163e-05
-4.780000000000000000e+04 -2.246489999999990074e-05
-4.770000000000000000e+04 -2.247209999999999784e-05
-4.760000000000000000e+04 -2.247899999999997231e-05
-4.750000000000000000e+04 -2.248699999999992887e-05
-4.740000000000000000e+04 -2.249500000000014970e-05
-4.730000000000000000e+04 -2.250299999999997073e-05
-4.720000000000000000e+04 -2.251099999999992050e-05
-4.710000000000000000e+04 -2.252099999999992888e-05
-4.700000000000000000e+04 -2.252900000000029201e-05
-4.690000000000000000e+04 -2.253800000000000681e-05
-4.680000000000000000e+04 -2.254799999999973736e-05
-4.670000000000000000e+04 -2.255599999999996497e-05
-4.660000000000000000e+04 -2.256599999999998012e-05
-4.650000000000000000e+04 -2.257500000000023024e-05
-4.640000000000000000e+04 -2.258499999999996757e-05
-4.630000000000000000e+04 -2.259399999999994665e-05
-4.620000000000000000e+04 -2.260299999999993250e-05
-4.610000000000000000e+04 -2.261199999999991158e-05
-4.600000000000000000e+04 -2.262099999999989065e-05
-4.590000000000000000e+04 -2.263000000000015433e-05
-4.580000000000000000e+04 -2.263799999999982628e-05
-4.570000000000000000e+04 -2.264600000000060954e-05
-4.560000000000000000e+04 -2.265499999999976192e-05
-4.550000000000000000e+04 -2.266099999999993093e-05
-4.540000000000000000e+04 -2.266800000000013601e-05
-4.530000000000000000e+04 -2.267399999999974937e-05
-4.520000000000000000e+04 -2.267900000000017368e-05
-4.510000000000000000e+04 -2.268499999999979382e-05
-4.500000000000000000e+04 -2.268999999999993353e-05
-4.490000000000000000e+04 -2.269500000000008002e-05
-4.480000000000000000e+04 -2.269800000000044574e-05
-4.470000000000000000e+04 -2.270300000000002980e-05
-4.460000000000000000e+04 -2.270599999999983986e-05
-4.450000000000000000e+04 -2.270899999999992776e-05
-4.440000000000000000e+04 -2.271200000000000887e-05
-4.430000000000000000e+04 -2.271499999999981894e-05
-4.420000000000000000e+04 -2.271799999999990683e-05
-4.410000000000000000e+04 -2.271899999999993613e-05
-4.400000000000000000e+04 -2.272099999999999473e-05
-4.390000000000000000e+04 -2.272200000000057968e-05
-4.380000000000000000e+04 -2.272400000000008262e-05
-4.370000000000000000e+04 -2.272399999999952697e-05
-4.360000000000000000e+04 -2.272500000000010514e-05
-4.350000000000000000e+04 -2.272500000000010514e-05
-4.340000000000000000e+04 -2.272400000000008262e-05
-4.330000000000000000e+04 -2.272499999999955626e-05
-4.320000000000000000e+04 -2.272400000000008262e-05
-4.310000000000000000e+04 -2.272300000000005332e-05
-4.300000000000000000e+04 -2.272099999999999473e-05
-4.290000000000000000e+04 -2.272000000000052108e-05
-4.280000000000000000e+04 -2.271799999999990683e-05
-4.270000000000000000e+04 -2.271599999999984824e-05
-4.260000000000000000e+04 -2.271299999999976035e-05
-4.250000000000000000e+04 -2.271100000000026418e-05
-4.240000000000000000e+04 -2.270800000000017629e-05
-4.230000000000000000e+04 -2.270399999999950344e-05
-4.220000000000000000e+04 -2.270100000000052686e-05
-4.210000000000000000e+04 -2.269699999999930513e-05
-4.200000000000000000e+04 -2.269100000000024065e-05
-4.190000000000000000e+04 -2.268800000000015276e-05
-4.180000000000000000e+04 -2.268399999999948669e-05
-4.170000000000000000e+04 -2.267800000000042221e-05
-4.160000000000000000e+04 -2.267299999999972007e-05
-4.150000000000000000e+04 -2.266800000000013601e-05
-4.140000000000000000e+04 -2.266100000000048658e-05
-4.130000000000000000e+04 -2.265599999999979121e-05
-4.120000000000000000e+04 -2.264900000000014178e-05
-4.110000000000000000e+04 -2.264199999999938782e-05
-4.100000000000000000e+04 -2.263600000000087900e-05
-4.090000000000000000e+04 -2.262799999999898443e-05
-4.080000000000000000e+04 -2.262100000000044631e-05
-4.070000000000000000e+04 -2.261299999999966305e-05
-4.060000000000000000e+04 -2.260600000000057605e-05
-4.050000000000000000e+04 -2.259700000000031237e-05
-4.040000000000000000e+04 -2.258899999999952911e-05
-4.030000000000000000e+04 -2.258000000000038351e-05
-4.020000000000000000e+04 -2.256999999999953488e-05
-4.010000000000000000e+04 -2.256200000000041858e-05
-4.000000000000000000e+04 -2.255199999999957673e-05
-3.990000000000000000e+04 -2.254100000000036576e-05
-3.980000000000000000e+04 -2.253199999999955320e-05
-3.970000000000000000e+04 -2.252100000000034901e-05
-3.960000000000000000e+04 -2.250999999999947785e-05
-3.950000000000000000e+04 -2.249800000000024437e-05
-3.940000000000000000e+04 -2.248700000000048452e-05
-3.930000000000000000e+04 -2.247499999999957729e-05
-3.920000000000000000e+04 -2.246300000000034380e-05
-3.910000000000000000e+04 -2.245099999999944335e-05
-3.900000000000000000e+04 -2.243700000000070692e-05
-3.890000000000000000e+04 -2.242399999999922152e-05
-3.880000000000000000e+04 -2.240899999999990014e-05
-3.870000000000000000e+04 -2.239700000000066665e-05
-3.860000000000000000e+04 -2.238200000000024073e-05
-3.850000000000000000e+04 -2.236699999999925239e-05
-3.840000000000000000e+04 -2.235300000000051596e-05
-3.830000000000000000e+04 -2.233600000000002467e-05
-3.820000000000000000e+04 -2.232099999999959198e-05
-3.810000000000000000e+04 -2.230500000000024130e-05
-3.800000000000000000e+04 -2.228899999999978609e-05
-3.790000000000000000e+04 -2.227099999999926551e-05
-3.780000000000000000e+04 -2.225400000000044118e-05
-3.770000000000000000e+04 -2.223600000000103868e-05
-3.760000000000000000e+04 -2.221799999999940679e-05
-3.750000000000000000e+04 -2.219999999999999751e-05
-3.740000000000000000e+04 -2.218100000000001006e-05
-3.730000000000000000e+04 -2.216100000000054219e-05
-3.720000000000000000e+04 -2.214099999999885848e-05
-3.710000000000000000e+04 -2.212200000000108687e-05
-3.700000000000000000e+04 -2.210099999999881821e-05
-3.690000000000000000e+04 -2.207900000000040982e-05
-3.680000000000000000e+04 -2.205899999999983064e-05
-3.670000000000000000e+04 -2.203600000000083731e-05
-3.660000000000000000e+04 -2.201299999999962136e-05
-3.650000000000000000e+04 -2.198999999999950994e-05
-3.640000000000000000e+04 -2.196700000000051660e-05
-3.630000000000000000e+04 -2.194099999999976841e-05
-3.620000000000000000e+04 -2.191600000000071648e-05
-3.610000000000000000e+04 -2.188999999999885699e-05
-3.600000000000000000e+04 -2.186300000000085777e-05
-3.590000000000000000e+04 -2.183699999999899827e-05
-3.580000000000000000e+04 -2.181000000000099905e-05
-3.570000000000000000e+04 -2.178200000000019227e-05
-3.560000000000000000e+04 -2.175400000000049679e-05
-3.550000000000000000e+04 -2.172699999999916365e-05
-3.540000000000000000e+04 -2.169900000000057948e-05
-3.530000000000000000e+04 -2.167199999999924634e-05
-3.520000000000000000e+04 -2.164400000000066217e-05
-3.510000000000000000e+04 -2.161599999999875085e-05
-3.500000000000000000e+04 -2.158900000000075163e-05
-3.490000000000000000e+04 -2.156099999999994485e-05
-3.480000000000000000e+04 -2.153399999999972301e-05
-3.470000000000000000e+04 -2.150700000000172379e-05
-3.460000000000000000e+04 -2.148399999999939654e-05
-3.450000000000000000e+04 -2.144699999999999303e-05
-3.440000000000000000e+04 -2.143099999999953782e-05
-3.430000000000000000e+04 -2.139500000000071927e-05
-3.420000000000000000e+04 -2.137899999999915275e-05
-3.410000000000000000e+04 -2.135499999999957446e-05
-3.400000000000000000e+04 -2.132000000000022956e-05
-3.390000000000000000e+04 -2.130599999999982616e-05
-3.380000000000000000e+04 -2.127300000000053985e-05
-3.370000000000000000e+04 -2.125899999999903193e-05
-3.360000000000000000e+04 -2.122799999999980421e-05
-3.350000000000000000e+04 -2.121700000000004436e-05
-3.340000000000000000e+04 -2.119600000000222093e-05
-3.330000000000000000e+04 -2.116599999999801485e-05
-3.320000000000000000e+04 -2.115700000000165430e-05
-3.310000000000000000e+04 -2.113000000000031438e-05
-3.300000000000000000e+04 -2.112199999999897547e-05
-3.290000000000000000e+04 -2.110599999999963157e-05
-3.280000000000000000e+04 -2.108100000000057286e-05
-3.270000000000000000e+04 -2.107699999999935114e-05
-3.260000000000000000e+04 -2.105400000000035103e-05
-3.250000000000000000e+04 -2.105199999999918790e-05
-3.240000000000000000e+04 -2.104200000000000623e-05
-3.230000000000000000e+04 -2.102300000000001200e-05
-3.220000000000000000e+04 -2.102500000000007737e-05
-3.210000000000000000e+04 -2.100800000000013496e-05
-3.200000000000000000e+04 -2.101499999999978440e-05
-3.190000000000000000e+04 -2.101100000000078529e-05
-3.180000000000000000e+04 -2.100100000000049231e-05
-3.170000000000000000e+04 -2.101200000000025893e-05
-3.160000000000000000e+04 -2.100600000000007637e-05
-3.150000000000000000e+04 -2.102099999999884887e-05
-3.140000000000000000e+04 -2.102799999999960961e-05
-3.130000000000000000e+04 -2.102500000000007060e-05
-3.120000000000000000e+04 -2.104400000000006482e-05
-3.110000000000000000e+04 -2.104500000000064300e-05
-3.100000000000000000e+04 -2.106499999999900634e-05
-3.090000000000000000e+04 -2.107899999999940973e-05
-3.080000000000000000e+04 -2.108100000000057286e-05
-3.070000000000000000e+04 -2.110600000000185418e-05
-3.060000000000000000e+04 -2.111099999999809754e-05
-3.050000000000000000e+04 -2.113800000000166007e-05
-3.040000000000000000e+04 -2.115399999999989945e-05
-3.030000000000000000e+04 -2.116099999999954210e-05
-3.020000000000000000e+04 -2.118999999999982253e-05
-3.010000000000000000e+04 -2.120000000000010873e-05
-3.000000000000000000e+04 -2.122799999999980421e-05
-2.990000000000000000e+04 -2.124899999999985703e-05
-2.980000000000000000e+04 -2.125900000000013646e-05
-2.970000000000000000e+04 -2.129099999999884460e-05
-2.960000000000000000e+04 -2.130200000000082028e-05
-2.950000000000000000e+04 -2.133399999999952164e-05
-2.940000000000000000e+04 -2.135600000000127072e-05
-2.930000000000000000e+04 -2.136799999999827482e-05
-2.920000000000000000e+04 -2.140100000000200636e-05
-2.910000000000000000e+04 -2.141400000000070672e-05
-2.900000000000000000e+04 -2.144699999999888850e-05
-2.890000000000000000e+04 -2.147000000000010445e-05
-2.880000000000000000e+04 -2.148299999999991612e-05
-2.870000000000000000e+04 -2.151599999999920921e-05
-2.860000000000000000e+04 -2.152900000000013218e-05
-2.850000000000000000e+04 -2.156200000000052980e-05
-2.840000000000000000e+04 -2.158499999999841183e-05
-2.830000000000000000e+04 -2.159700000000097924e-05
-2.820000000000000000e+04 -2.162899999999968060e-05
-2.810000000000000000e+04 -2.164199999999949226e-05
-2.800000000000000000e+04 -2.167200000000258704e-05
-2.790000000000000000e+04 -2.169399999999877280e-05
-2.780000000000000000e+04 -2.170500000000074849e-05
-2.770000000000000000e+04 -2.173499999999939803e-05
-2.760000000000000000e+04 -2.174400000000020381e-05
-2.750000000000000000e+04 -2.177299999999937971e-05
-2.740000000000000000e+04 -2.178000000000013367e-05
-2.730000000000000000e+04 -2.180700000000035551e-05
-2.720000000000000000e+04 -2.182299999999970619e-05
-2.710000000000000000e+04 -2.182699999999981660e-05
-2.700000000000000000e+04 -2.184999999999992802e-05
-2.690000000000000000e+04 -2.185299999999945348e-05
-2.680000000000000000e+04 -2.187399999999950631e-05
-2.670000000000000000e+04 -2.189000000000219091e-05
-2.660000000000000000e+04 -2.187999999999856401e-05
-2.650000000000000000e+04 -2.191000000000054747e-05
-2.640000000000000000e+04 -2.191000000000054070e-05
-2.630000000000000000e+04 -2.191999999999972237e-05
-2.620000000000000000e+04 -2.192999999999889726e-05
-2.610000000000000000e+04 -2.194000000000029477e-05
-2.600000000000000000e+04 -2.194999999999947644e-05
-2.590000000000000000e+04 -2.194000000000029477e-05
-2.580000000000000000e+04 -2.197000000000004884e-05
-2.570000000000000000e+04 -2.196000000000087395e-05
-2.560000000000000000e+04 -2.197000000000004207e-05
-2.550000000000000000e+04 -2.197999999999922374e-05
-2.540000000000000000e+04 -2.197999999999922374e-05
-2.530000000000000000e+04 -2.199000000000284386e-05
-2.520000000000000000e+04 -2.199999999999980292e-05
-2.510000000000000000e+04 -2.199000000000062125e-05
-2.500000000000000000e+04 -2.199999999999758030e-05
-2.490000000000000000e+04 -2.200000000000201875e-05
-2.480000000000000000e+04 -2.200999999999897781e-05
-2.470000000000000000e+04 -2.202000000000037532e-05
-2.460000000000000000e+04 -2.200999999999897103e-05
-2.450000000000000000e+04 -2.202000000000037532e-05
-2.440000000000000000e+04 -2.200999999999897103e-05
-2.430000000000000000e+04 -2.202999999999955699e-05
-2.420000000000000000e+04 -2.202999999999955699e-05
-2.410000000000000000e+04 -2.203000000000177283e-05
-2.400000000000000000e+04 -2.204000000000095450e-05
-2.390000000000000000e+04 -2.201999999999815270e-05
-2.380000000000000000e+04 -2.205000000000235201e-05
-2.370000000000000000e+04 -2.203999999999873188e-05
-2.360000000000000000e+04 -2.204000000000094772e-05
-2.350000000000000000e+04 -2.204999999999790678e-05
-2.340000000000000000e+04 -2.204000000000094772e-05
-2.330000000000000000e+04 -2.205999999999930429e-05
-2.320000000000000000e+04 -2.205999999999930429e-05
-2.310000000000000000e+04 -2.205000000000012262e-05
-2.300000000000000000e+04 -2.207000000000070180e-05
-2.290000000000000000e+04 -2.205000000000012262e-05
-2.280000000000000000e+04 -2.207999999999988347e-05
-2.270000000000000000e+04 -2.208000000000210608e-05
-2.260000000000000000e+04 -2.206999999999847918e-05
-2.250000000000000000e+04 -2.209000000000128097e-05
-2.240000000000000000e+04 -2.207999999999987669e-05
-2.230000000000000000e+04 -2.209999999999823325e-05
-2.220000000000000000e+04 -2.210999999999963076e-05
-2.210000000000000000e+04 -2.210000000000044909e-05
-2.200000000000000000e+04 -2.212000000000102827e-05
-2.190000000000000000e+04 -2.210999999999963076e-05
-2.180000000000000000e+04 -2.213000000000020994e-05
-2.170000000000000000e+04 -2.213999999999938484e-05
-2.160000000000000000e+04 -2.213000000000020317e-05
-2.150000000000000000e+04 -2.214999999999856651e-05
-2.140000000000000000e+04 -2.215000000000078234e-05
-2.130000000000000000e+04 -2.217000000000136152e-05
-2.120000000000000000e+04 -2.216999999999913891e-05
-2.110000000000000000e+04 -2.217000000000135475e-05
-2.100000000000000000e+04 -2.217999999999831380e-05
-2.090000000000000000e+04 -2.218000000000052964e-05
-2.080000000000000000e+04 -2.220000000000110882e-05
-2.070000000000000000e+04 -2.219999999999888621e-05
-2.060000000000000000e+04 -2.221000000000029049e-05
-2.050000000000000000e+04 -2.221999999999946538e-05
-2.040000000000000000e+04 -2.221000000000028371e-05
-2.030000000000000000e+04 -2.222999999999864028e-05
-2.020000000000000000e+04 -2.223000000000086289e-05
-2.010000000000000000e+04 -2.224999999999921946e-05
-2.000000000000000000e+04 -2.225000000000144207e-05
-1.990000000000000000e+04 -2.223999999999781517e-05
-1.980000000000000000e+04 -2.227000000000201448e-05
-1.970000000000000000e+04 -2.226000000000061019e-05
-1.960000000000000000e+04 -2.226999999999979186e-05
-1.950000000000000000e+04 -2.227999999999897353e-05
-1.940000000000000000e+04 -2.228000000000118937e-05
-1.930000000000000000e+04 -2.229000000000259365e-05
-1.920000000000000000e+04 -2.227999999999674414e-05
-1.910000000000000000e+04 -2.229999999999954593e-05
-1.900000000000000000e+04 -2.229999999999954593e-05
-1.890000000000000000e+04 -2.230000000000176177e-05
-1.880000000000000000e+04 -2.232000000000011834e-05
-1.870000000000000000e+04 -2.229999999999953916e-05
-1.860000000000000000e+04 -2.231999999999790250e-05
-1.850000000000000000e+04 -2.232000000000011834e-05
-1.840000000000000000e+04 -2.232000000000234095e-05
-1.830000000000000000e+04 -2.232999999999930001e-05
-1.820000000000000000e+04 -2.230999999999871405e-05
-1.810000000000000000e+04 -2.232999999999930001e-05
-1.800000000000000000e+04 -2.233000000000373168e-05
-1.790000000000000000e+04 -2.231999999999789572e-05
-1.780000000000000000e+04 -2.232999999999930001e-05
-1.770000000000000000e+04 -2.232000000000234095e-05
-1.760000000000000000e+04 -2.232999999999930001e-05
-1.750000000000000000e+04 -2.233000000000151585e-05
-1.740000000000000000e+04 -2.230999999999649821e-05
-1.730000000000000000e+04 -2.232999999999930001e-05
-1.720000000000000000e+04 -2.231000000000315928e-05
-1.710000000000000000e+04 -2.232000000000011834e-05
-1.700000000000000000e+04 -2.232000000000011834e-05
-1.690000000000000000e+04 -2.230999999999649821e-05
-1.680000000000000000e+04 -2.232000000000011834e-05
-1.670000000000000000e+04 -2.230000000000176177e-05
-1.660000000000000000e+04 -2.231000000000094344e-05
-1.650000000000000000e+04 -2.230999999999872083e-05
-1.640000000000000000e+04 -2.230000000000176177e-05
-1.630000000000000000e+04 -2.231000000000094344e-05
-1.620000000000000000e+04 -2.228999999999814165e-05
-1.610000000000000000e+04 -2.229999999999954593e-05
-1.600000000000000000e+04 -2.229999999999954593e-05
-1.590000000000000000e+04 -2.229000000000258688e-05
-1.580000000000000000e+04 -2.229999999999954593e-05
-1.570000000000000000e+04 -2.227999999999674414e-05
-1.560000000000000000e+04 -2.229999999999954593e-05
-1.550000000000000000e+04 -2.229000000000480272e-05
-1.540000000000000000e+04 -2.228999999999814165e-05
-1.530000000000000000e+04 -2.228999999999814843e-05
-1.520000000000000000e+04 -2.227999999999896676e-05
-1.510000000000000000e+04 -2.229000000000480272e-05
-1.500000000000000000e+04 -2.229999999999954593e-05
-1.490000000000000000e+04 -2.227999999999674414e-05
-1.480000000000000000e+04 -2.229000000000037104e-05
-1.470000000000000000e+04 -2.229000000000258688e-05
-1.460000000000000000e+04 -2.229999999999954593e-05
-1.450000000000000000e+04 -2.228999999999814165e-05
-1.440000000000000000e+04 -2.229999999999954593e-05
-1.430000000000000000e+04 -2.230999999999872083e-05
-1.420000000000000000e+04 -2.229000000000258688e-05
-1.410000000000000000e+04 -2.232000000000011834e-05
-1.400000000000000000e+04 -2.229999999999731654e-05
-1.390000000000000000e+04 -2.232999999999930001e-05
-1.380000000000000000e+04 -2.233000000000373168e-05
-1.370000000000000000e+04 -2.232000000000011156e-05
-1.360000000000000000e+04 -2.234999999999765657e-05
-1.350000000000000000e+04 -2.234000000000291335e-05
-1.340000000000000000e+04 -2.235999999999905408e-05
-1.330000000000000000e+04 -2.237999999999962648e-05
-1.320000000000000000e+04 -2.236999999999822220e-05
-1.310000000000000000e+04 -2.240000000000019889e-05
-1.300000000000000000e+04 -2.240000000000242150e-05
-1.290000000000000000e+04 -2.241999999999855545e-05
-1.280000000000000000e+04 -2.242999999999995296e-05
-1.270000000000000000e+04 -2.243999999999912785e-05
-1.260000000000000000e+04 -2.246000000000413871e-05
-1.250000000000000000e+04 -2.245999999999747764e-05
-1.240000000000000000e+04 -2.248000000000027944e-05
-1.230000000000000000e+04 -2.249999999999863600e-05
-1.220000000000000000e+04 -2.250000000000307445e-05
-1.210000000000000000e+04 -2.251999999999920840e-05
-1.200000000000000000e+04 -2.251999999999698579e-05
-1.190000000000000000e+04 -2.255000000000118509e-05
-1.180000000000000000e+04 -2.254999999999896248e-05
-1.170000000000000000e+04 -2.256000000000258260e-05
-1.160000000000000000e+04 -2.257999999999871655e-05
-1.150000000000000000e+04 -2.256999999999953488e-05
-1.140000000000000000e+04 -2.259999999999928895e-05
-1.130000000000000000e+04 -2.261000000000290230e-05
-1.120000000000000000e+04 -2.259999999999928218e-05
-1.110000000000000000e+04 -2.261999999999764552e-05
-1.100000000000000000e+04 -2.262000000000430658e-05
-1.090000000000000000e+04 -2.263999999999821792e-05
-1.080000000000000000e+04 -2.264000000000044053e-05
-1.070000000000000000e+04 -2.262999999999681363e-05
-1.060000000000000000e+04 -2.264999999999961543e-05
-1.050000000000000000e+04 -2.264000000000265637e-05
-1.040000000000000000e+04 -2.266000000000101971e-05
-1.030000000000000000e+04 -2.264999999999961543e-05
-1.020000000000000000e+04 -2.263999999999821114e-05
-1.010000000000000000e+04 -2.264999999999739959e-05
-1.000000000000000000e+04 -2.264000000000265637e-05
-9.900000000000000000e+03 -2.264000000000044053e-05
-9.800000000000000000e+03 -2.264000000000044053e-05
-9.700000000000000000e+03 -2.262000000000208397e-05
-9.600000000000000000e+03 -2.262999999999904303e-05
-9.500000000000000000e+03 -2.259999999999706634e-05
-9.400000000000000000e+03 -2.260000000000151157e-05
-9.300000000000000000e+03 -2.258999999999789144e-05
-9.200000000000000000e+03 -2.256000000000258260e-05
-9.100000000000000000e+03 -2.255000000000118509e-05
-9.000000000000000000e+03 -2.251999999999698579e-05
-8.900000000000000000e+03 -2.249999999999863600e-05
-8.800000000000000000e+03 -2.248000000000471111e-05
-8.700000000000000000e+03 -2.243999999999912785e-05
-8.600000000000000000e+03 -2.241999999999855545e-05
-8.500000000000000000e+03 -2.237999999999739709e-05
-8.400000000000000000e+03 -2.236000000000570160e-05
-8.300000000000000000e+03 -2.231999999999789572e-05
-8.200000000000000000e+03 -2.228999999999814843e-05
-8.100000000000000000e+03 -2.224999999999921946e-05
-8.000000000000000000e+03 -2.221000000000250633e-05
-7.900000000000000000e+03 -2.218000000000053642e-05
-7.800000000000000000e+03 -2.213999999999716222e-05
-7.700000000000000000e+03 -2.210000000000045587e-05
-7.600000000000000000e+03 -2.206999999999848596e-05
-7.500000000000000000e+03 -2.202000000000259793e-05
-7.400000000000000000e+03 -2.199000000000062125e-05
-7.300000000000000000e+03 -2.193999999999807216e-05
-7.200000000000000000e+03 -2.190000000000357486e-05
-7.100000000000000000e+03 -2.186999999999939589e-05
-7.000000000000000000e+03 -2.181999999999906264e-05
-6.900000000000000000e+03 -2.178999999999931534e-05
-6.800000000000000000e+03 -2.174000000000120470e-05
-6.700000000000000000e+03 -2.171000000000145741e-05
-6.600000000000000000e+03 -2.166999999999808321e-05
-6.500000000000000000e+03 -2.161999999999774996e-05
-6.400000000000000000e+03 -2.159000000000022528e-05
-6.300000000000000000e+03 -2.154000000000211464e-05
-6.200000000000000000e+03 -2.151999999999931962e-05
-6.100000000000000000e+03 -2.148000000000039065e-05
-6.000000000000000000e+03 -2.143999999999701646e-05
-5.900000000000000000e+03 -2.141000000000392345e-05
-5.800000000000000000e+03 -2.136999999999833342e-05
-5.700000000000000000e+03 -2.134999999999998363e-05
-5.600000000000000000e+03 -2.130999999999883205e-05
-5.500000000000000000e+03 -2.128000000000352320e-05
-5.400000000000000000e+03 -2.125999999999850557e-05
-5.300000000000000000e+03 -2.121999999999956983e-05
-5.200000000000000000e+03 -2.119999999999900420e-05
-5.100000000000000000e+03 -2.118999999999982253e-05
-5.000000000000000000e+03 -2.115000000000310940e-05
-4.900000000000000000e+03 -2.113999999999949605e-05
-4.800000000000000000e+03 -2.111999999999669426e-05
-4.700000000000000000e+03 -2.110999999999974198e-05
-4.600000000000000000e+03 -2.111000000000417366e-05
-4.500000000000000000e+03 -2.108999999999694019e-05
-4.400000000000000000e+03 -2.109000000000139219e-05
-4.300000000000000000e+03 -2.108000000000221052e-05
-4.200000000000000000e+03 -2.109999999999834447e-05
-4.100000000000000000e+03 -2.110000000000056709e-05
-4.000000000000000000e+03 -2.108999999999694019e-05
-3.900000000000000000e+03 -2.112000000000113949e-05
-3.800000000000000000e+03 -2.111000000000196460e-05
-3.700000000000000000e+03 -2.113999999999949605e-05
-3.600000000000000000e+03 -2.114999999999867095e-05
-3.500000000000000000e+03 -2.114999999999866417e-05
-3.400000000000000000e+03 -2.117999999999842502e-05
-3.300000000000000000e+03 -2.119000000000426098e-05
-3.200000000000000000e+03 -2.121999999999957660e-05
-3.100000000000000000e+03 -2.123999999999793317e-05
-3.000000000000000000e+03 -2.125000000000376913e-05
-2.900000000000000000e+03 -2.127999999999907797e-05
-2.800000000000000000e+03 -2.128999999999603025e-05
-2.700000000000000000e+03 -2.133000000000162706e-05
-2.600000000000000000e+03 -2.134999999999998363e-05
-2.500000000000000000e+03 -2.137000000000277865e-05
-2.400000000000000000e+03 -2.139999999999809427e-05
-2.300000000000000000e+03 -2.142000000000088251e-05
-2.200000000000000000e+03 -2.145999999999759564e-05
-2.100000000000000000e+03 -2.148000000000482233e-05
-2.000000000000000000e+03 -2.149999999999874044e-05
-1.900000000000000000e+03 -2.153999999999989880e-05
-1.800000000000000000e+03 -2.155999999999824181e-05
-1.700000000000000000e+03 -2.160000000000383185e-05
-1.600000000000000000e+03 -2.160999999999635245e-05
-1.500000000000000000e+03 -2.164999999999751081e-05
-1.400000000000000000e+03 -2.168000000000170333e-05
-1.300000000000000000e+03 -2.169000000000309407e-05
-1.200000000000000000e+03 -2.172999999999980720e-05
-1.100000000000000000e+03 -2.174999999999815698e-05
-1.000000000000000000e+03 -2.177999999999791783e-05
-9.000000000000000000e+02 -2.180999999999766513e-05
-8.000000000000000000e+02 -2.183000000000490538e-05
-7.000000000000000000e+02 -2.186000000000021422e-05
-6.000000000000000000e+02 -2.186999999999716650e-05
-5.000000000000000000e+02 -2.190000000000579748e-05
-4.000000000000000000e+02 -2.191999999999527714e-05
-3.000000000000000000e+02 -2.193000000000111310e-05
-2.000000000000000000e+02 -2.196999999999782623e-05
-1.000000000000000000e+02 -2.196000000000531240e-05
0.000000000000000000e+00 -2.198999999999618279e-05
1.000000000000000000e+02 -2.200999999999897781e-05
2.000000000000000000e+02 -2.200000000000201198e-05
3.000000000000000000e+02 -2.201999999999593687e-05
4.000000000000000000e+02 -2.202000000000481377e-05
5.000000000000000000e+02 -2.203999999999873188e-05
6.000000000000000000e+02 -2.203999999999873188e-05
7.000000000000000000e+02 -2.202999999999732760e-05
8.000000000000000000e+02 -2.205000000000456107e-05
9.000000000000000000e+02 -2.203999999999872511e-05
1.000000000000000000e+03 -2.205000000000012939e-05
1.100000000000000000e+03 -2.203999999999873188e-05
1.200000000000000000e+03 -2.204000000000317034e-05
1.300000000000000000e+03 -2.203999999999873188e-05
1.400000000000000000e+03 -2.202999999999732760e-05
1.500000000000000000e+03 -2.203000000000177283e-05
1.600000000000000000e+03 -2.202000000000037532e-05
1.700000000000000000e+03 -2.200999999999897781e-05
1.800000000000000000e+03 -2.202000000000037532e-05
1.900000000000000000e+03 -2.199000000000061447e-05
2.000000000000000000e+03 -2.198999999999618279e-05
2.100000000000000000e+03 -2.198000000000365541e-05
2.200000000000000000e+03 -2.197000000000226468e-05
2.300000000000000000e+03 -2.195999999999642872e-05
2.400000000000000000e+03 -2.193000000000555833e-05
2.500000000000000000e+03 -2.193999999999807893e-05
2.600000000000000000e+03 -2.190999999999832486e-05
2.700000000000000000e+03 -2.189999999999692057e-05
2.800000000000000000e+03 -2.188999999999996829e-05
2.900000000000000000e+03 -2.186000000000465267e-05
3.000000000000000000e+03 -2.184999999999881671e-05
3.100000000000000000e+03 -2.183999999999741920e-05
3.200000000000000000e+03 -2.181000000000210358e-05
3.300000000000000000e+03 -2.179999999999626762e-05
3.400000000000000000e+03 -2.177000000000539723e-05
3.500000000000000000e+03 -2.175999999999956127e-05
3.600000000000000000e+03 -2.173999999999676625e-05
3.700000000000000000e+03 -2.171000000000589586e-05
3.800000000000000000e+03 -2.169999999999561467e-05
3.900000000000000000e+03 -2.167000000000029905e-05
4.000000000000000000e+03 -2.164999999999751081e-05
4.100000000000000000e+03 -2.164000000000055175e-05
4.200000000000000000e+03 -2.160000000000383862e-05
4.300000000000000000e+03 -2.157999999999660515e-05
4.400000000000000000e+03 -2.155999999999824181e-05
4.500000000000000000e+03 -2.153999999999989880e-05
4.600000000000000000e+03 -2.150000000000318567e-05
4.700000000000000000e+03 -2.149000000000178816e-05
4.800000000000000000e+03 -2.146999999999899315e-05
4.900000000000000000e+03 -2.142999999999783479e-05
5.000000000000000000e+03 -2.142000000000532096e-05
5.100000000000000000e+03 -2.137999999999528570e-05
5.200000000000000000e+03 -2.136999999999834019e-05
5.300000000000000000e+03 -2.134000000000302457e-05
5.400000000000000000e+03 -2.130999999999883205e-05
5.500000000000000000e+03 -2.129000000000048226e-05
5.600000000000000000e+03 -2.126000000000072141e-05
5.700000000000000000e+03 -2.123999999999793317e-05
5.800000000000000000e+03 -2.120999999999817909e-05
5.900000000000000000e+03 -2.118000000000286347e-05
6.000000000000000000e+03 -2.117000000000146597e-05
6.100000000000000000e+03 -2.112999999999586915e-05
6.200000000000000000e+03 -2.111000000000639627e-05
6.300000000000000000e+03 -2.108999999999916958e-05
6.400000000000000000e+03 -2.105999999999940873e-05
6.500000000000000000e+03 -2.103999999999662049e-05
6.600000000000000000e+03 -2.100000000000435259e-05
6.700000000000000000e+03 -2.098999999999851663e-05
6.800000000000000000e+03 -2.097000000000016006e-05
6.900000000000000000e+03 -2.092999999999900170e-05
7.000000000000000000e+03 -2.091999999999761097e-05
7.100000000000000000e+03 -2.089000000000229535e-05
7.200000000000000000e+03 -2.086999999999950711e-05
7.300000000000000000e+03 -2.085999999999810282e-05
7.400000000000000000e+03 -2.082000000000138970e-05
7.500000000000000000e+03 -2.080000000000303313e-05
7.600000000000000000e+03 -2.077999999999579966e-05
7.700000000000000000e+03 -2.077000000000329261e-05
7.800000000000000000e+03 -2.074999999999605236e-05
7.900000000000000000e+03 -2.071000000000378446e-05
8.000000000000000000e+03 -2.070999999999934601e-05
8.100000000000000000e+03 -2.067999999999958516e-05
8.200000000000000000e+03 -2.066999999999819443e-05
8.300000000000000000e+03 -2.064999999999983786e-05
8.400000000000000000e+03 -2.063000000000148130e-05
8.500000000000000000e+03 -2.062000000000008379e-05
8.600000000000000000e+03 -2.059999999999728200e-05
8.700000000000000000e+03 -2.059000000000033649e-05
8.800000000000000000e+03 -2.058000000000337066e-05
8.900000000000000000e+03 -2.056000000000057564e-05
9.000000000000000000e+03 -2.054999999999918491e-05
9.100000000000000000e+03 -2.053000000000082835e-05
9.200000000000000000e+03 -2.054000000000222586e-05
9.300000000000000000e+03 -2.051999999999943084e-05
9.400000000000000000e+03 -2.050999999999802655e-05
9.500000000000000000e+03 -2.050999999999803333e-05
9.600000000000000000e+03 -2.049000000000411522e-05
9.700000000000000000e+03 -2.049999999999663582e-05
9.800000000000000000e+03 -2.048999999999967677e-05
9.900000000000000000e+03 -2.047999999999827248e-05
1.000000000000000000e+04 -2.048999999999967677e-05
1.010000000000000000e+04 -2.048000000000271771e-05
1.020000000000000000e+04 -2.047999999999827926e-05
1.030000000000000000e+04 -2.048000000000272449e-05
1.040000000000000000e+04 -2.048000000000271771e-05
1.050000000000000000e+04 -2.047999999999827926e-05
1.060000000000000000e+04 -2.047999999999827248e-05
1.070000000000000000e+04 -2.048999999999967677e-05
1.080000000000000000e+04 -2.048999999999967677e-05
1.090000000000000000e+04 -2.048000000000271771e-05
1.100000000000000000e+04 -2.049999999999663582e-05
1.110000000000000000e+04 -2.050000000000106750e-05
1.120000000000000000e+04 -2.050999999999803333e-05
1.130000000000000000e+04 -2.051000000000247178e-05
1.140000000000000000e+04 -2.051999999999943084e-05
1.150000000000000000e+04 -2.053000000000526002e-05
1.160000000000000000e+04 -2.052999999999638312e-05
1.170000000000000000e+04 -2.054999999999918491e-05
1.180000000000000000e+04 -2.054999999999917814e-05
1.190000000000000000e+04 -2.056999999999754148e-05
1.200000000000000000e+04 -2.058000000000337744e-05
1.210000000000000000e+04 -2.058999999999588449e-05
1.220000000000000000e+04 -2.060000000000173400e-05
1.230000000000000000e+04 -2.061000000000313151e-05
1.240000000000000000e+04 -2.063000000000148130e-05
1.250000000000000000e+04 -2.064999999999983786e-05
1.260000000000000000e+04 -2.064999999999539264e-05
1.270000000000000000e+04 -2.067000000000263288e-05
1.280000000000000000e+04 -2.067999999999514671e-05
1.290000000000000000e+04 -2.070999999999934601e-05
1.300000000000000000e+04 -2.073000000000214103e-05
1.310000000000000000e+04 -2.073000000000657948e-05
1.320000000000000000e+04 -2.075999999999744987e-05
1.330000000000000000e+04 -2.076000000000188833e-05
1.340000000000000000e+04 -2.079999999999860145e-05
1.350000000000000000e+04 -2.081999999999695802e-05
1.360000000000000000e+04 -2.082000000000138970e-05
1.370000000000000000e+04 -2.085999999999810282e-05
1.380000000000000000e+04 -2.086999999999950033e-05
1.390000000000000000e+04 -2.089999999999925441e-05
1.400000000000000000e+04 -2.092999999999900848e-05
1.410000000000000000e+04 -2.094000000000485122e-05
1.420000000000000000e+04 -2.097000000000016006e-05
1.430000000000000000e+04 -2.097999999999711234e-05
1.440000000000000000e+04 -2.102000000000270915e-05
1.450000000000000000e+04 -2.103999999999662049e-05
1.460000000000000000e+04 -2.105999999999940873e-05
1.470000000000000000e+04 -2.108999999999916958e-05
1.480000000000000000e+04 -2.110000000000945077e-05
1.490000000000000000e+04 -2.113999999999727344e-05
1.500000000000000000e+04 -2.116000000000006846e-05
1.510000000000000000e+04 -2.117999999999841825e-05
1.520000000000000000e+04 -2.120999999999817909e-05
1.530000000000000000e+04 -2.121999999999956983e-05
1.540000000000000000e+04 -2.126000000000072819e-05
1.550000000000000000e+04 -2.127999999999907797e-05
1.560000000000000000e+04 -2.128999999999603025e-05
1.570000000000000000e+04 -2.132000000000910646e-05
1.580000000000000000e+04 -2.133999999999857934e-05
1.590000000000000000e+04 -2.135999999999694268e-05
1.600000000000000000e+04 -2.139000000000113521e-05
1.610000000000000000e+04 -2.139999999999808749e-05
1.620000000000000000e+04 -2.142000000000088928e-05
1.630000000000000000e+04 -2.143999999999479384e-05
1.640000000000000000e+04 -2.146000000000203409e-05
1.650000000000000000e+04 -2.148000000000039065e-05
1.660000000000000000e+04 -2.149000000000623339e-05
1.670000000000000000e+04 -2.151999999999710378e-05
1.680000000000000000e+04 -2.152000000000153546e-05
1.690000000000000000e+04 -2.154999999999685108e-05
1.700000000000000000e+04 -2.155000000000129631e-05
1.710000000000000000e+04 -2.156999999999520087e-05
1.720000000000000000e+04 -2.158000000000104361e-05
1.730000000000000000e+04 -2.159000000000688634e-05
1.740000000000000000e+04 -2.159999999999940017e-05
1.750000000000000000e+04 -2.159999999999939339e-05
1.760000000000000000e+04 -2.161999999999775673e-05
1.770000000000000000e+04 -2.162999999999915424e-05
1.780000000000000000e+04 -2.161999999999774996e-05
1.790000000000000000e+04 -2.164000000000055175e-05
1.800000000000000000e+04 -2.162999999999914747e-05
1.810000000000000000e+04 -2.164000000000055175e-05
1.820000000000000000e+04 -2.163000000000803115e-05
1.830000000000000000e+04 -2.161999999999774996e-05
1.840000000000000000e+04 -2.162999999999915424e-05
1.850000000000000000e+04 -2.159999999999939339e-05
1.860000000000000000e+04 -2.160999999999635923e-05
1.870000000000000000e+04 -2.159999999999940017e-05
1.880000000000000000e+04 -2.158000000000103683e-05
1.890000000000000000e+04 -2.156999999999964610e-05
1.900000000000000000e+04 -2.155000000000573476e-05
1.910000000000000000e+04 -2.155000000000129631e-05
1.920000000000000000e+04 -2.152999999999850129e-05
1.930000000000000000e+04 -2.150999999999569950e-05
1.940000000000000000e+04 -2.150000000000318567e-05
1.950000000000000000e+04 -2.147999999999594542e-05
1.960000000000000000e+04 -2.146999999999899315e-05
1.970000000000000000e+04 -2.145000000000063658e-05
1.980000000000000000e+04 -2.143000000000672524e-05
1.990000000000000000e+04 -2.142000000000088928e-05
2.000000000000000000e+04 -2.138999999999668998e-05
2.010000000000000000e+04 -2.137999999999973770e-05
2.020000000000000000e+04 -2.135999999999694268e-05
2.030000000000000000e+04 -2.133999999999857934e-05
2.040000000000000000e+04 -2.133000000000162706e-05
2.050000000000000000e+04 -2.129999999999742776e-05
2.060000000000000000e+04 -2.130000000000187977e-05
2.070000000000000000e+04 -2.128000000000795488e-05
2.080000000000000000e+04 -2.124999999999487867e-05
2.090000000000000000e+04 -2.124999999999933068e-05
2.100000000000000000e+04 -2.121999999999956983e-05
2.110000000000000000e+04 -2.121999999999957660e-05
2.120000000000000000e+04 -2.120000000000122004e-05
2.130000000000000000e+04 -2.117999999999841825e-05
2.140000000000000000e+04 -2.117999999999842502e-05
2.150000000000000000e+04 -2.116000000000451369e-05
2.160000000000000000e+04 -2.115000000000311618e-05
2.170000000000000000e+04 -2.114999999999867095e-05
2.180000000000000000e+04 -2.112999999999586915e-05
2.190000000000000000e+04 -2.113000000000032116e-05
2.200000000000000000e+04 -2.110999999999751937e-05
2.210000000000000000e+04 -2.111999999999892365e-05
2.220000000000000000e+04 -2.111999999999892365e-05
2.230000000000000000e+04 -2.111000000000195782e-05
2.240000000000000000e+04 -2.112000000000780056e-05
2.250000000000000000e+04 -2.110999999999751937e-05
2.260000000000000000e+04 -2.111999999999892365e-05
2.270000000000000000e+04 -2.113000000000032116e-05
2.280000000000000000e+04 -2.113999999999726666e-05
2.290000000000000000e+04 -2.114999999999867095e-05
2.300000000000000000e+04 -2.116999999999702074e-05
2.310000000000000000e+04 -2.118000000000287025e-05
2.320000000000000000e+04 -2.120999999999817909e-05
2.330000000000000000e+04 -2.122000000000846028e-05
2.340000000000000000e+04 -2.124999999999933068e-05
2.350000000000000000e+04 -2.125999999999627618e-05
2.360000000000000000e+04 -2.130000000000187977e-05
2.370000000000000000e+04 -2.131999999999579110e-05
2.380000000000000000e+04 -2.133999999999857934e-05
2.390000000000000000e+04 -2.137999999999973770e-05
2.400000000000000000e+04 -2.139000000001001889e-05
2.410000000000000000e+04 -2.143999999999923907e-05
2.420000000000000000e+04 -2.144999999999619135e-05
2.430000000000000000e+04 -2.149000000000178816e-05
2.440000000000000000e+04 -2.151999999999710378e-05
2.450000000000000000e+04 -2.154999999999684430e-05
2.460000000000000000e+04 -2.158000000000104361e-05
2.470000000000000000e+04 -2.160999999999635245e-05
2.480000000000000000e+04 -2.165000000000194926e-05
2.490000000000000000e+04 -2.168000000000613501e-05
2.500000000000000000e+04 -2.170000000000005312e-05
2.510000000000000000e+04 -2.174999999999816376e-05
2.520000000000000000e+04 -2.177000000000095200e-05
2.530000000000000000e+04 -2.179999999999626762e-05
2.540000000000000000e+04 -2.184000000000186443e-05
2.550000000000000000e+04 -2.186999999999716650e-05
2.560000000000000000e+04 -2.190000000000136580e-05
2.570000000000000000e+04 -2.192000000000416760e-05
2.580000000000000000e+04 -2.196000000000087395e-05
2.590000000000000000e+04 -2.199999999999758030e-05
2.600000000000000000e+04 -2.200999999999897103e-05
2.610000000000000000e+04 -2.205000000000012939e-05
2.620000000000000000e+04 -2.205999999999708167e-05
2.630000000000000000e+04 -2.209999999999823325e-05
2.640000000000000000e+04 -2.213000000000243256e-05
2.650000000000000000e+04 -2.214000000000826852e-05
2.660000000000000000e+04 -2.217999999999609796e-05
2.670000000000000000e+04 -2.218000000000052964e-05
2.680000000000000000e+04 -2.221999999999724277e-05
2.690000000000000000e+04 -2.224000000000004456e-05
2.700000000000000000e+04 -2.224000000000003779e-05
2.710000000000000000e+04 -2.226999999999979186e-05
2.720000000000000000e+04 -2.226999999999534663e-05
2.730000000000000000e+04 -2.229000000000258688e-05
2.740000000000000000e+04 -2.230000000000842284e-05
2.750000000000000000e+04 -2.228999999999814165e-05
2.760000000000000000e+04 -2.230999999999650499e-05
2.770000000000000000e+04 -2.229999999999953916e-05
2.780000000000000000e+04 -2.231000000000094344e-05
2.790000000000000000e+04 -2.230999999999650499e-05
2.800000000000000000e+04 -2.229999999999953916e-05
2.810000000000000000e+04 -2.231000000000094344e-05
2.820000000000000000e+04 -2.229000000000703211e-05
2.830000000000000000e+04 -2.228999999999814843e-05
2.840000000000000000e+04 -2.228999999999814843e-05
2.850000000000000000e+04 -2.226999999999978508e-05
2.860000000000000000e+04 -2.227999999999675092e-05
2.870000000000000000e+04 -2.225000000000143530e-05
2.880000000000000000e+04 -2.224999999999699684e-05
2.890000000000000000e+04 -2.225000000000144207e-05
2.900000000000000000e+04 -2.221999999999723599e-05
2.910000000000000000e+04 -2.222000000001056490e-05
2.920000000000000000e+04 -2.219999999999444098e-05
2.930000000000000000e+04 -2.220000000000333143e-05
2.940000000000000000e+04 -2.218999999999749547e-05
2.950000000000000000e+04 -2.215999999999773462e-05
2.960000000000000000e+04 -2.215000000000078234e-05
2.970000000000000000e+04 -2.213999999999493961e-05
2.980000000000000000e+04 -2.213000000000243256e-05
2.990000000000000000e+04 -2.210999999999963076e-05
3.000000000000000000e+04 -2.210000000000711694e-05
3.010000000000000000e+04 -2.207999999999988347e-05
3.020000000000000000e+04 -2.206999999999847918e-05
3.030000000000000000e+04 -2.205999999999708845e-05
3.040000000000000000e+04 -2.202999999999732760e-05
3.050000000000000000e+04 -2.203999999999873188e-05
3.060000000000000000e+04 -2.202000000000037532e-05
3.070000000000000000e+04 -2.199000000000950493e-05
3.080000000000000000e+04 -2.199999999999758030e-05
3.090000000000000000e+04 -2.196999999999781945e-05
3.100000000000000000e+04 -2.197000000000227146e-05
3.110000000000000000e+04 -2.196999999999782623e-05
3.120000000000000000e+04 -2.193999999999807216e-05
3.130000000000000000e+04 -2.193999999999807893e-05
3.140000000000000000e+04 -2.191999999999971559e-05
3.150000000000000000e+04 -2.193000000000111988e-05
3.160000000000000000e+04 -2.192000000000859927e-05
3.170000000000000000e+04 -2.189999999999692057e-05
3.180000000000000000e+04 -2.191999999999972237e-05
3.190000000000000000e+04 -2.189999999999692057e-05
3.200000000000000000e+04 -2.190999999999832486e-05
3.210000000000000000e+04 -2.191999999999972237e-05
3.220000000000000000e+04 -2.189999999999692057e-05
3.230000000000000000e+04 -2.193000000000111988e-05
3.240000000000000000e+04 -2.191000000000720854e-05
3.250000000000000000e+04 -2.193999999999807893e-05
3.260000000000000000e+04 -2.194000000000251738e-05
3.270000000000000000e+04 -2.192999999999667465e-05
3.280000000000000000e+04 -2.196000000000087395e-05
3.290000000000000000e+04 -2.194999999999502444e-05
3.300000000000000000e+04 -2.198000000000366897e-05
3.310000000000000000e+04 -2.197999999999922374e-05
3.320000000000000000e+04 -2.199000000000506647e-05
3.330000000000000000e+04 -2.200999999999897781e-05
3.340000000000000000e+04 -2.199999999999757353e-05
3.350000000000000000e+04 -2.203999999999873188e-05
3.360000000000000000e+04 -2.204000000000317034e-05
3.370000000000000000e+04 -2.204999999999568416e-05
3.380000000000000000e+04 -2.206999999999848596e-05
3.390000000000000000e+04 -2.206999999999847918e-05
3.400000000000000000e+04 -2.210000000000267848e-05
3.410000000000000000e+04 -2.212000000000546672e-05
3.420000000000000000e+04 -2.210999999999962399e-05
3.430000000000000000e+04 -2.215000000000078234e-05
3.440000000000000000e+04 -2.214999999999633712e-05
3.450000000000000000e+04 -2.216999999999913891e-05
3.460000000000000000e+04 -2.219000000000193393e-05
3.470000000000000000e+04 -2.218999999999748870e-05
3.480000000000000000e+04 -2.221999999999724277e-05
3.490000000000000000e+04 -2.222000000000612645e-05
3.500000000000000000e+04 -2.225000000000144207e-05
3.510000000000000000e+04 -2.226999999999979186e-05
3.520000000000000000e+04 -2.226999999999534663e-05
3.530000000000000000e+04 -2.229000000000258688e-05
3.540000000000000000e+04 -2.229999999999510071e-05
3.550000000000000000e+04 -2.232000000000234095e-05
3.560000000000000000e+04 -2.234000000000069752e-05
3.570000000000000000e+04 -2.234000000000514274e-05
3.580000000000000000e+04 -2.235999999999905408e-05
3.590000000000000000e+04 -2.237000000000044481e-05
3.600000000000000000e+04 -2.238999999999880138e-05
3.610000000000000000e+04 -2.240000000000019889e-05
3.620000000000000000e+04 -2.239999999999575366e-05
3.630000000000000000e+04 -2.241999999999855545e-05
3.640000000000000000e+04 -2.241999999999854867e-05
3.650000000000000000e+04 -2.244000000000135047e-05
3.660000000000000000e+04 -2.243999999999691202e-05
3.670000000000000000e+04 -2.244000000001023415e-05
3.680000000000000000e+04 -2.245999999999970703e-05
3.690000000000000000e+04 -2.245999999999526180e-05
3.700000000000000000e+04 -2.247000000000110454e-05
3.710000000000000000e+04 -2.245999999999970026e-05
3.720000000000000000e+04 -2.247999999999806360e-05
3.730000000000000000e+04 -2.247999999999806360e-05
3.740000000000000000e+04 -2.248000000000694728e-05
3.750000000000000000e+04 -2.247999999999806360e-05
3.760000000000000000e+04 -2.248000000000249527e-05
3.770000000000000000e+04 -2.249999999999641339e-05
3.780000000000000000e+04 -2.248999999999946111e-05
3.790000000000000000e+04 -2.248999999999945433e-05
3.800000000000000000e+04 -2.248999999999946111e-05
3.810000000000000000e+04 -2.248999999999945433e-05
3.820000000000000000e+04 -2.249999999999641339e-05
3.830000000000000000e+04 -2.250000000000973552e-05
3.840000000000000000e+04 -2.247999999999805682e-05
3.850000000000000000e+04 -2.250000000000085861e-05
3.860000000000000000e+04 -2.248999999999500910e-05
3.870000000000000000e+04 -2.248999999999946111e-05
3.880000000000000000e+04 -2.250000000000085861e-05
3.890000000000000000e+04 -2.247999999999805682e-05
3.900000000000000000e+04 -2.250000000000085861e-05
3.910000000000000000e+04 -2.248000000000694728e-05
3.920000000000000000e+04 -2.247999999999806360e-05
3.930000000000000000e+04 -2.248999999999946111e-05
3.940000000000000000e+04 -2.247999999999805682e-05
3.950000000000000000e+04 -2.248000000000250205e-05
3.960000000000000000e+04 -2.246999999999665931e-05
3.970000000000000000e+04 -2.247999999999806360e-05
3.980000000000000000e+04 -2.247000000000110454e-05
3.990000000000000000e+04 -2.247000000000554977e-05
4.000000000000000000e+04 -2.247000000000110454e-05
4.010000000000000000e+04 -2.245999999999526180e-05
4.020000000000000000e+04 -2.245999999999970703e-05
4.030000000000000000e+04 -2.247000000000110454e-05
4.040000000000000000e+04 -2.244999999999830275e-05
4.050000000000000000e+04 -2.245999999999970703e-05
4.060000000000000000e+04 -2.244999999999830275e-05
4.070000000000000000e+04 -2.244999999999830952e-05
4.080000000000000000e+04 -2.245000000000718643e-05
4.090000000000000000e+04 -2.244999999999830275e-05
4.100000000000000000e+04 -2.245000000000274798e-05
4.110000000000000000e+04 -2.242999999999550773e-05
4.120000000000000000e+04 -2.244999999999830952e-05
4.130000000000000000e+04 -2.245000000000274798e-05
4.140000000000000000e+04 -2.242999999999550773e-05
4.150000000000000000e+04 -2.245000000000274798e-05
4.160000000000000000e+04 -2.243000000000439819e-05
4.170000000000000000e+04 -2.244000000000135047e-05
4.180000000000000000e+04 -2.244999999999830952e-05
4.190000000000000000e+04 -2.242999999999994618e-05
4.200000000000000000e+04 -2.243999999999691202e-05
4.210000000000000000e+04 -2.242999999999994618e-05
4.220000000000000000e+04 -2.244999999999830952e-05
4.230000000000000000e+04 -2.244000000000135047e-05
4.240000000000000000e+04 -2.244000000000579570e-05
4.250000000000000000e+04 -2.244000000000135047e-05
4.260000000000000000e+04 -2.243999999999690524e-05
4.270000000000000000e+04 -2.245000000000274798e-05
4.280000000000000000e+04 -2.244999999999386430e-05
4.290000000000000000e+04 -2.244000000000134369e-05
4.300000000000000000e+04 -2.245999999999526858e-05
4.310000000000000000e+04 -2.244000000000134369e-05
4.320000000000000000e+04 -2.245999999999526858e-05
4.330000000000000000e+04 -2.246000000001302917e-05
4.340000000000000000e+04 -2.245999999999526858e-05
4.350000000000000000e+04 -2.247000000000554299e-05
4.360000000000000000e+04 -2.245999999999526180e-05
4.370000000000000000e+04 -2.247999999999806360e-05
4.380000000000000000e+04 -2.246999999999665931e-05
4.390000000000000000e+04 -2.248999999999946111e-05
4.400000000000000000e+04 -2.248999999999946111e-05
4.410000000000000000e+04 -2.249000000000834479e-05
4.420000000000000000e+04 -2.250000000000085861e-05
4.430000000000000000e+04 -2.248999999999945433e-05
4.440000000000000000e+04 -2.251999999999476995e-05
4.450000000000000000e+04 -2.252000000000365363e-05
4.460000000000000000e+04 -2.250999999999336567e-05
4.470000000000000000e+04 -2.253000000000505114e-05
4.480000000000000000e+04 -2.252999999999616068e-05
4.490000000000000000e+04 -2.254999999999896248e-05
4.500000000000000000e+04 -2.256000000000923689e-05
4.510000000000000000e+04 -2.254999999999895570e-05
4.520000000000000000e+04 -2.257999999999427810e-05
4.530000000000000000e+04 -2.257000000000175072e-05
4.540000000000000000e+04 -2.259999999999707311e-05
4.550000000000000000e+04 -2.259999999999707311e-05
4.560000000000000000e+04 -2.260999999999846385e-05
4.570000000000000000e+04 -2.264000000000266315e-05
4.580000000000000000e+04 -2.263000000001014932e-05
4.590000000000000000e+04 -2.265999999999657448e-05
4.600000000000000000e+04 -2.267999999999936950e-05
4.610000000000000000e+04 -2.267999999999936272e-05
4.620000000000000000e+04 -2.270000000000216452e-05
4.630000000000000000e+04 -2.270999999999467835e-05
4.640000000000000000e+04 -2.271999999999608263e-05
4.650000000000000000e+04 -2.275000000000027516e-05
4.660000000000000000e+04 -2.274000000000776133e-05
4.670000000000000000e+04 -2.277000000000307017e-05
4.680000000000000000e+04 -2.275999999999278221e-05
4.690000000000000000e+04 -2.279000000000586519e-05
4.700000000000000000e+04 -2.278999999999698151e-05
4.710000000000000000e+04 -2.279999999999837224e-05
4.720000000000000000e+04 -2.280999999999977653e-05
4.730000000000000000e+04 -2.279999999999837224e-05
4.740000000000000000e+04 -2.283000000000257154e-05
4.750000000000000000e+04 -2.282000000000117403e-05
4.760000000000000000e+04 -2.282000000000116726e-05
4.770000000000000000e+04 -2.283000000000257154e-05
4.780000000000000000e+04 -2.280999999999976975e-05
4.790000000000000000e+04 -2.282999999999369464e-05
4.800000000000000000e+04 -2.282000000000117403e-05
4.810000000000000000e+04 -2.280999999999976975e-05
4.820000000000000000e+04 -2.280999999999977653e-05
4.830000000000000000e+04 -2.280000000000726270e-05
4.840000000000000000e+04 -2.279999999999837902e-05
4.850000000000000000e+04 -2.278999999999698151e-05
4.860000000000000000e+04 -2.277999999999557722e-05
4.870000000000000000e+04 -2.277000000000307017e-05
4.880000000000000000e+04 -2.276000000000166589e-05
4.890000000000000000e+04 -2.276999999999418649e-05
4.900000000000000000e+04 -2.276000000000167266e-05
4.910000000000000000e+04 -2.275000000000915884e-05
4.920000000000000000e+04 -2.275999999999278898e-05
4.930000000000000000e+04 -2.275000000000026838e-05
4.940000000000000000e+04 -2.277000000000307017e-05
4.950000000000000000e+04 -2.275000000000026838e-05
4.960000000000000000e+04 -2.275000000000027516e-05
4.970000000000000000e+04 -2.269999999999328761e-05
4.980000000000000000e+04 -2.261999999999986135e-05
4.990000000000000000e+04 -2.240999999999715794e-05
5.000000000000000000e+04 0.000000000000000000e+00
