-1.000000000028874249e-09
1.000000000028874249e-09
0.000000000000000000e+00
0.000000000000000000e+00
0.000000000000000000e+00
-9.999999997514709589e-10
9.999999997514709589e-10
0.000000000000000000e+00
0.000000000000000000e+00
0.000000000000000000e+00
-1.000000000028874249e-09
1.000000000028874249e-09
0.000000000000000000e+00
0.000000000000000000e+00
0.000000000000000000e+00
0.000000000000000000e+00
0.000000000000000000e+00
-1.000000000028874249e-09
2.774032902257833610e-19
-2.774032902257833610e-19
0.000000000000000000e+00
0.000000000000000000e+00
0.000000000000000000e+00
0.000000000000000000e+00
1.000000000028450733e-09
2.774032902257833610e-19
-1.000000000306277539e-09
0.000000000000000000e+00
0.000000000000000000e+00
1.000000000306277539e-09
-1.000000000306277539e-09
0.000000000000000000e+00
1.000000000028450733e-09
-9.999999997510474424e-10
9.999999997510474424e-10
-1.000000000028450733e-09
1.000000000028450733e-09
0.000000000000000000e+00
1.000000000028874249e-09
-1.000000000028450733e-09
0.000000000000000000e+00
0.000000000000000000e+00
1.000000000306277539e-09
-2.778268066994105112e-19
0.000000000000000000e+00
0.000000000000000000e+00
0.000000000000000000e+00
0.000000000000000000e+00
1.000000000028450733e-09
-1.000000000028874249e-09
0.000000000000000000e+00
1.000000000028874249e-09
-1.000000000028874249e-09
1.000000000028874249e-09
-1.000000000028874249e-09
1.000000000028450733e-09
0.000000000000000000e+00
1.000000000028874249e-09
0.000000000000000000e+00
-1.000000000028874249e-09
1.000000000028874249e-09
0.000000000000000000e+00
0.000000000000000000e+00
0.000000000000000000e+00
0.000000000000000000e+00
9.999999997514709589e-10
0.000000000000000000e+00
0.000000000000000000e+00
0.000000000000000000e+00
1.000000000028874249e-09
0.000000000000000000e+00
0.000000000000000000e+00
1.000000000028874249e-09
0.000000000000000000e+00
0.000000000000000000e+00
0.000000000000000000e+00
0.000000000000000000e+00
1.000000000028874249e-09
0.000000000000000000e+00
0.000000000000000000e+00
1.000000000028874249e-09
0.000000000000000000e+00
2.778268066994105112e-19
0.000000000000000000e+00
1.000000000028874249e-09
-2.778268066994105112e-19
0.000000000000000000e+00
0.000000000000000000e+00
0.000000000000000000e+00
1.000000000028874249e-09
-1.000000000028874249e-09
0.000000000000000000e+00
0.000000000000000000e+00
1.000000000028874249e-09
-1.000000000028874249e-09
2.778268066994105112e-19
-2.778268066994105112e-19
0.000000000000000000e+00
0.000000000000000000e+00
-2.000000000057324982e-09
0.000000000000000000e+00
0.000000000000000000e+00
2.778268066994105112e-19
0.000000000000000000e+00
-2.000000000057324982e-09
0.000000000000000000e+00
-2.778268066994105112e-19
-1.000000000028450733e-09
2.778268066994105112e-19
-2.000000000057324982e-09
0.000000000000000000e+00
0.000000000000000000e+00
-1.000000000028450733e-09
0.000000000000000000e+00
0.000000000000000000e+00
-2.000000000057324982e-09
1.384898868760781054e-19
-1.000000000167364136e-09
0.000000000000000000e+00
1.389134033497052556e-19
-1.000000000028450733e-09
-1.000000000028874249e-09
0.000000000000000000e+00
0.000000000000000000e+00
0.000000000000000000e+00
0.000000000000000000e+00
-1.000000000028874249e-09
-1.000000000028874249e-09
0.000000000000000000e+00
1.389134033497052556e-19
0.000000000000000000e+00
0.000000000000000000e+00
-1.389134033497052556e-19
0.000000000000000000e+00
-9.999999998899608458e-10
0.000000000000000000e+00
0.000000000000000000e+00
-1.389134033497052556e-19
0.000000000000000000e+00
0.000000000000000000e+00
1.389134033497052556e-19
0.000000000000000000e+00
0.000000000000000000e+00
0.000000000000000000e+00
0.000000000000000000e+00
0.000000000000000000e+00
-1.389134033497052556e-19
1.000000000028874249e-09
0.000000000000000000e+00
0.000000000000000000e+00
0.000000000000000000e+00
0.000000000000000000e+00
0.000000000000000000e+00
0.000000000000000000e+00
1.389134033497052556e-19
0.000000000000000000e+00
9.999999998899608458e-10
0.000000000000000000e+00
1.000000000028874249e-09
0.000000000000000000e+00
0.000000000000000000e+00
1.000000000028874249e-09
1.000000000028874249e-09
0.000000000000000000e+00
0.000000000000000000e+00
1.000000000028874249e-09
0.000000000000000000e+00
1.000000000028874249e-09
-1.389134033497052556e-19
1.000000000028874249e-09
0.000000000000000000e+00
1.000000000028874249e-09
0.000000000000000000e+00
1.000000000028874249e-09
9.999999998899608458e-10
1.000000000028874249e-09
0.000000000000000000e+00
0.000000000000000000e+00
1.999999999918835095e-09
1.389134033497052556e-19
1.000000000028874249e-09
0.000000000000000000e+00
9.999999998899608458e-10
0.000000000000000000e+00
1.000000000028874249e-09
1.000000000028874249e-09
0.000000000000000000e+00
0.000000000000000000e+00
1.000000000028874249e-09
9.999999998899608458e-10
1.389134033497052556e-19
0.000000000000000000e+00
-1.389134033497052556e-19
9.000000000815945372e-10
2.000000000334728272e-10
4.000000000669456544e-10
9.999999980878982505e-11
2.000000000334728272e-10
9.999999994727971193e-11
1.000000000861931153e-10
9.999999994727971193e-11
0.000000000000000000e+00
-9.999999994727971193e-11
-9.999999994727971193e-11
-1.000000000861931153e-10
-2.000000000334728272e-10
-1.999999998945594239e-10
-2.999999999807525391e-10
-2.999999999807525391e-10
-3.000000001196659425e-10
-3.999999999284557675e-10
-5.000000000142253663e-10
-5.000000000142253663e-10
-3.999999999280322511e-10
-6.000000001004184816e-10
-4.999999998757354795e-10
-5.000000001531387697e-10
-5.999999998230151914e-10
-6.000000001008419981e-10
-6.999999999092083067e-10
-7.000000001866115969e-10
-4.999999998757354795e-10
-7.000000000476981935e-10
-6.999999999092083067e-10
-6.000000001008419981e-10
-5.999999999619285947e-10
-5.999999999619285947e-10
-5.999999999619285947e-10
-6.000000001008419981e-10
-5.999999999619285947e-10
-5.000000000146488828e-10
-5.999999999619285947e-10
-5.000000001531387697e-10
-3.999999999284557675e-10
-4.999999998757354795e-10
-4.000000000673691709e-10
-2.999999999811760556e-10
-4.000000000673691709e-10
-3.999999999284557675e-10
-3.000000001196659425e-10
-1.999999998945594239e-10
-3.000000001196659425e-10
-1.999999998945594239e-10
-1.000000000861931153e-10
-9.999999994770322840e-11
-1.999999998945594239e-10
-1.000000000861931153e-10
0.000000000000000000e+00
-1.000000000861931153e-10
0.000000000000000000e+00
0.000000000000000000e+00
1.000000000861931153e-10
0.000000000000000000e+00
2.000000000334728272e-10
9.999999994727971193e-11
9.999999994727971193e-11
2.000000000334728272e-10
2.000000000334728272e-10
1.999999998945594239e-10
3.000000001196659425e-10
2.999999999807525391e-10
3.000000001196659425e-10
1.999999998945594239e-10
3.999999999280322511e-10
4.000000000669456544e-10
3.999999999280322511e-10
4.000000000669456544e-10
5.000000000142253663e-10
3.999999999280322511e-10
5.000000000142253663e-10
5.000000001531387697e-10
4.999999998753119630e-10
5.999999999619285947e-10
6.000000001004184816e-10
4.999999998753119630e-10
6.000000001004184816e-10
5.999999999619285947e-10
5.999999999615050783e-10
7.999999999949779055e-10
6.000000001004184816e-10
5.999999999619285947e-10
7.000000000476981935e-10
6.999999999087847902e-10
5.999999999619285947e-10
7.999999999949779055e-10
6.000000001004184816e-10
7.000000000476981935e-10
7.000000000476981935e-10
6.999999997702949033e-10
6.000000001004184816e-10
7.000000000476981935e-10
6.999999999087847902e-10
6.000000001004184816e-10
5.999999999615050783e-10
7.000000000476981935e-10
4.999999998757354795e-10
7.000000000476981935e-10
5.999999999615050783e-10
6.000000001004184816e-10
5.000000000142253663e-10
5.000000000142253663e-10
5.000000000142253663e-10
5.999999999615050783e-10
5.000000000142253663e-10
5.000000000142253663e-10
3.999999997895423642e-10
5.000000000142253663e-10
4.000000000669456544e-10
4.000000000669456544e-10
2.999999999807525391e-10
3.999999999974889527e-10
3.999999999974889527e-10
2.999999999807525391e-10
3.000000000502092408e-10
1.999999999640161255e-10
2.999999999807525391e-10
2.000000000334728272e-10
1.000000000167364136e-10
9.999999994727971193e-11
1.000000000861931153e-10
-6.945670167485262780e-20
6.945670167485262780e-20
-6.945670167485262780e-20
-2.000000000334728272e-10
-9.999999994727971193e-11
-1.000000000167364136e-10
-2.999999999807525391e-10
-5.000000000142253663e-10
-2.999999999807525391e-10
-5.000000000142253663e-10
-4.999999999447686647e-10
-6.000000001004184816e-10
-6.999999999782414919e-10
-6.999999999782414919e-10
-8.999999999422576174e-10
-7.999999999949779055e-10
-1.000000000097907434e-09
-1.099999999975730445e-09
-1.000000000028450733e-09
-1.199999999992890375e-09
-1.300000000009626788e-09
-1.300000000009626788e-09
-1.299999999940170087e-09
-1.499999999974066430e-09
-1.400000000026363202e-09
-1.599999999990379327e-09
-1.599999999990379327e-09
-1.600000000059836029e-09
-1.699999999938082556e-09
-1.700000000007115741e-09
-1.800000000023852155e-09
-1.700000000007115741e-09
-1.799999999954818969e-09
-1.800000000024275671e-09
-1.799999999954818969e-09
-1.900000000041012085e-09
-1.700000000007115741e-09
-1.800000000024275671e-09
-1.700000000007115741e-09
-1.799999999954818969e-09
-1.800000000024275671e-09
-1.599999999990802844e-09
-1.700000000007539257e-09
-1.500000000043099615e-09
-1.599999999921346142e-09
-1.400000000026363202e-09
-1.399999999957330017e-09
-1.300000000009626788e-09
-1.300000000078659973e-09
-1.099999999975730445e-09
-1.099999999975730445e-09
-1.000000000028450733e-09
-9.000000000117143191e-10
-9.000000000117143191e-10
-6.999999999782414919e-10
-6.999999999782414919e-10
-4.999999999447686647e-10
-4.000000000669456544e-10
-3.999999999974889527e-10
-1.999999999640161255e-10
-2.000000000334728272e-10
-9.999999994727971193e-11
0.000000000000000000e+00
1.999999999640161255e-10
2.000000000334728272e-10
2.999999999112958375e-10
4.000000000669456544e-10
3.999999999974889527e-10
5.999999999615050783e-10
6.000000000309617799e-10
6.999999999782414919e-10
7.999999999949779055e-10
7.999999999949779055e-10
9.000000000117143191e-10
1.000000000028450733e-09
9.999999999589940310e-10
1.000000000028450733e-09
1.099999999975730445e-09
1.199999999992890375e-09
1.199999999992890375e-09
1.199999999992890375e-09
1.400000000026363202e-09
1.200000000062347076e-09
1.299999999940170087e-09
1.400000000026363202e-09
1.300000000009626788e-09
1.399999999991634851e-09
1.399999999991634851e-09
1.399999999991634851e-09
1.399999999991634851e-09
1.400000000026363202e-09
1.399999999991634851e-09
1.399999999991634851e-09
1.400000000026363202e-09
1.399999999991634851e-09
1.399999999991634851e-09
1.299999999974898437e-09
1.300000000009626788e-09
1.400000000026363202e-09
1.399999999956906500e-09
1.300000000044355139e-09
1.199999999958162024e-09
1.300000000009626788e-09
1.300000000009626788e-09
1.299999999974898437e-09
1.300000000044355139e-09
1.099999999976153961e-09
1.299999999974898437e-09
1.200000000027195209e-09
1.199999999992466858e-09
1.200000000027195209e-09
1.199999999992890375e-09
1.199999999992890375e-09
1.200000000027618725e-09
1.299999999975321954e-09
1.099999999975730445e-09
1.300000000009626788e-09
1.300000000009626788e-09
1.199999999992890375e-09
1.300000000009626788e-09
1.299999999975321954e-09
1.400000000026786718e-09
1.299999999975321954e-09
1.500000000008794781e-09
1.400000000026786718e-09
1.499999999974066430e-09
1.500000000008794781e-09
1.599999999990802844e-09
1.500000000008794781e-09
1.700000000007539257e-09
1.599999999990802844e-09
1.700000000007539257e-09
1.800000000006487979e-09
1.800000000006911496e-09
1.799999999989123804e-09
1.900000000006283734e-09
1.899999999988496042e-09
2.000000000005655972e-09
1.899999999988496042e-09
2.000000000005232456e-09
2.100000000004604694e-09
2.099999999987240518e-09
2.000000000005232456e-09
2.200000000003976932e-09
2.100000000004604694e-09
2.099999999987240518e-09
2.200000000003976932e-09
2.200000000003976932e-09
2.200000000003976932e-09
2.199999999986612756e-09
2.130000000006703354e-09
2.180000000014859803e-09
2.169999999985361129e-09
2.150000000013184659e-09
2.149999999995820483e-09
2.130000000006279838e-09
2.089999999992893712e-09
2.069999999994459220e-09
2.050000000004918575e-09
1.999999999996762126e-09
1.960000000000740176e-09
1.929999999999065032e-09
1.879999999990908583e-09
1.810000000001258302e-09
1.749999999998331531e-09
1.700000000007115741e-09
1.640000000004188970e-09
1.579999999992368352e-09
1.490000000005130612e-09
1.419999999998539672e-09
1.330000000002408086e-09
1.250000000001470340e-09
1.149999999997862937e-09
1.070000000000736838e-09
9.499999999986949439e-10
8.699999999998747797e-10
7.700000000005025416e-10
6.510000000008175913e-10
5.529999999998064947e-10
4.369999999991455643e-10
3.170800000003584846e-10
1.949199999997985660e-10
7.199999999944636754e-11
-4.699999999854451681e-11
-1.880000000013778473e-10
-2.999999999981167145e-10
-4.400000000049458478e-10
-5.699999999992169664e-10
-6.799999999933595274e-10
-8.300000000008882141e-10
-9.600000000019355962e-10
-1.100000000001988466e-09
-1.249999999992576494e-09
-1.370000000007323882e-09
-1.519999999997911910e-09
-1.660000000002199945e-09
-1.799999999998017650e-09
-1.939999999993835355e-09
-2.080000000007017235e-09
-2.209999999999170771e-09
-2.350000000003035289e-09
-2.489999999998852994e-09
-2.639999999997911351e-09
-2.760000000004611927e-09
-2.930000000001681260e-09
-3.059999999985364466e-09
-3.210000000010257328e-09
-3.350000000006075033e-09
-3.490000000001892738e-09
-3.639999999992057250e-09
-3.769999999993104632e-09
-3.859999999997706547e-09
-4.100000000010260666e-09
-4.199999999992268728e-09
-4.400000000008377380e-09
-4.500000000008173135e-09
-4.599999999972817022e-09
-4.800000000006289849e-09
-5.000000000005034326e-09
-5.100000000004406564e-09
-5.200000000003778802e-09
-5.400000000002523279e-09
-5.599999999984327096e-09
-5.600000000001691271e-09
-5.900000000017172161e-09
-5.999999999999180224e-09
-6.199999999980560525e-09
-6.300000000014661114e-09
-6.399999999996669177e-09
-6.699999999995209408e-09
-6.799999999994581646e-09
-6.999999999993326122e-09
-6.999999999993326122e-09
-7.300000000043535363e-09
-7.399999999990815075e-09
-7.500000000007551489e-09
-7.700000000006295965e-09
-7.900000000005463958e-09
-8.099999999969480083e-09
-8.100000000003784918e-09
-8.300000000002952911e-09
-8.499999999966969036e-09
-8.600000000018010284e-09
-8.700000000000018347e-09
-8.900000000033914691e-09
-8.899999999964457989e-09
-9.099999999997930816e-09
-9.200000000014667230e-09
-9.400000000013411706e-09
-9.499999999995419769e-09
-9.499999999960691418e-09
-9.700000000028892596e-09
-9.699999999994164245e-09
-9.899999999993332238e-09
-9.899999999993332238e-09
-1.000000000001006865e-08
-1.009999999999207671e-08
-1.020000000000881313e-08
-1.020000000000881313e-08
-1.029999999999082119e-08
-1.040000000000755760e-08
-1.029999999999082119e-08
-1.060000000000630208e-08
-1.049999999998956567e-08
-1.069999999998873366e-08
-1.060000000000672560e-08
-1.080000000000547007e-08
-1.069999999998873366e-08
-1.090000000002220649e-08
-1.080000000000547007e-08
-1.089999999998747814e-08
-1.100000000000421455e-08
-1.100000000000421455e-08
-1.109999999998622261e-08
-1.109999999998622261e-08
-1.120000000003768738e-08
-1.120000000000295903e-08
-1.119999999996823068e-08
-1.120000000000295903e-08
-1.120000000000295903e-08
-1.120000000007199221e-08
-1.099999999996948620e-08
-1.099999999996948620e-08
-1.090000000002220649e-08
-1.059999999997199725e-08
-1.029999999999124471e-08
-1.010000000002680507e-08
-9.599999999943122997e-09
-9.300000000031827160e-09
-8.599999999983705450e-09
-8.000000000022200372e-09
-7.199999999957342248e-09
-6.400000000031397528e-09
-5.400000000071979980e-09
-4.399999999974072546e-09
-3.099999999964445758e-09
-1.900000000040588568e-09
-3.999999999974889527e-10
1.000000000028874249e-09
2.699999999966533288e-09
4.300000000026369317e-09
6.100000000050644989e-09
7.899999999935583740e-09
9.700000000029316113e-09
1.149999999998371157e-08
1.340000000002472365e-08
1.529999999992682233e-08
1.680000000003895513e-08
1.870000000001008700e-08
2.009999999996741702e-08
2.170000000002725304e-08
2.299999999996742313e-08
2.420000000009922691e-08
2.539999999995320388e-08
2.610000000000090207e-08
2.669999999996283067e-08
2.730000000006324915e-08
2.739999999994149568e-08
2.740000000001095238e-08
2.729999999999421596e-08
2.670000000003186385e-08
2.610000000000090207e-08
2.519999999998876424e-08
2.410000000001303379e-08
2.299999999996742313e-08
2.140000000004650051e-08
1.989999999993394419e-08
1.830000000001259805e-08
1.650000000005820259e-08
1.479999999998163015e-08
1.279999999999333835e-08
1.089999999995274979e-08
8.900000000033914691e-09
7.099999999940605834e-09
5.000000000074067511e-09
3.199999999980758655e-09
1.500000000043099615e-09
-3.000000000506327573e-10
-1.999999999988291797e-09
-3.600000000048127826e-09
-4.999999999935577624e-09
-6.199999999997924700e-09
-7.500000000007551489e-09
-8.599999999983705450e-09
-9.499999999995843285e-09
-1.040000000000755760e-08
-1.109999999998622261e-08
-1.170000000001718439e-08
-1.229999999997911299e-08
-1.270000000004605864e-08
-1.309999999997451441e-08
-1.330000000007744394e-08
-1.369999999993601949e-08
-1.370000000000547619e-08
-1.380000000002221260e-08
-1.389999999996949231e-08
-1.390000000003894902e-08
-1.379999999995275590e-08
-1.370000000007450937e-08
-1.369999999993559597e-08
-1.359999999998831626e-08
-1.349999999997157985e-08
-1.320000000006028401e-08
-1.309999999997409089e-08
-1.309999999997409089e-08
-1.280000000006279506e-08
-1.259999999995986553e-08
-1.250000000001258581e-08
-1.229999999997911299e-08
-1.190000000005108074e-08
-1.199999999992890375e-08
-1.160000000006990468e-08
-1.149999999998371157e-08
-1.129999999995023874e-08
-1.109999999998622261e-08
-1.090000000009166319e-08
-1.059999999997157373e-08
-1.040000000007701431e-08
-1.029999999985190779e-08
-1.000000000014855854e-08
-9.799999999837682421e-09
-9.599999999942699481e-09
-9.400000000048140057e-09
-9.200000000014667230e-09
-8.800000000086634979e-09
-8.799999999947721575e-09
-8.600000000053162151e-09
-8.199999999986216497e-09
-8.199999999986216497e-09
-7.800000000057760730e-09
-7.799999999919270843e-09
-7.399999999990815075e-09
-7.300000000043535363e-09
-7.199999999957342248e-09
-6.900000000115079596e-09
-6.699999999942693365e-09
-6.599999999995413653e-09
-6.300000000014661114e-09
-6.300000000014661114e-09
-6.000000000033485058e-09
-5.899999999947715460e-09
-5.699999999914242632e-09
-5.500000000019259692e-09
-5.400000000071979980e-09
-5.199999999899593750e-09
-5.300000000124700268e-09
-4.899999999918841211e-09
-4.900000000057754614e-09
-4.799999999971137982e-09
-4.599999999938088671e-09
-4.500000000129298846e-09
-4.399999999904192328e-09
-4.300000000095826019e-09
-4.299999999956912616e-09
-4.100000000062353192e-09
-3.999999999976160077e-09
-3.999999999837246673e-09
-3.800000000081600653e-09
-3.900000000028880365e-09
-3.699999999995407538e-09
-3.600000000048127826e-09
-3.599999999909214422e-09
-3.599999999909214422e-09
-3.300000000066951770e-09
-3.400000000014231482e-09
-3.300000000067375287e-09
-3.199999999980758655e-09
-3.199999999980758655e-09
-3.000000000086199231e-09
-3.099999999894565539e-09
-3.000000000086199231e-09
-2.799999999913813000e-09
-2.800000000052726404e-09
-2.700000000105446692e-09
-2.699999999966533288e-09
-2.499999999933060461e-09
-2.499999999933060461e-09
-2.399999999985780749e-09
-2.300000000038077521e-09
-2.200000000090797809e-09
-2.100000000004604694e-09
-2.099999999865691290e-09
-1.899999999971131867e-09
-1.800000000162765558e-09
-1.799999999884938751e-09
-1.599999999990379327e-09
-1.500000000182013019e-09
-1.399999999817993097e-09
-1.200000000061923560e-09
-1.200000000061923560e-09
-1.099999999976153961e-09
-8.999999999426811339e-10
-7.999999999949779055e-10
-7.999999999954014219e-10
-5.999999999619285947e-10
-4.000000000673691709e-10
-4.000000000669456544e-10
-1.999999998949829403e-10
0.000000000000000000e+00
-1.389134033497052556e-19
1.000000000861931153e-10
2.999999999807525391e-10
5.000000001531387697e-10
3.999999999280322511e-10
5.999999999615050783e-10
6.999999999092083067e-10
9.000000000815945372e-10
1.000000000028874249e-09
1.000000000028874249e-09
1.199999999923433673e-09
1.300000000009626788e-09
1.399999999957330017e-09
1.500000000043099615e-09
1.500000000043099615e-09
1.699999999938082556e-09
1.699999999937659039e-09
1.900000000110045270e-09
1.800000000023852155e-09
2.000000000057748498e-09
2.099999999866114807e-09
2.100000000005028210e-09
2.300000000038501037e-09
2.300000000038077521e-09
2.199999999952307922e-09
2.400000000124694153e-09
2.499999999933060461e-09
2.399999999846867346e-09
2.600000000158166980e-09
2.699999999966533288e-09
2.999999999947709344e-09
2.000000000057748498e-09
2.999999999947709344e-09
2.000000000057748498e-09
2.999999999947709344e-09
3.000000000086622747e-09
2.000000000057324982e-09
2.999999999808795941e-09
3.000000000086199231e-09
2.999999999947285828e-09
1.999999999918835095e-09
3.000000000086199231e-09
2.999999999947285828e-09
2.999999999947285828e-09
3.000000000225112634e-09
1.999999999918411578e-09
2.999999999947285828e-09
2.000000000057324982e-09
3.000000000086199231e-09
2.999999999947285828e-09
2.999999999947285828e-09
2.999999999947285828e-09
2.000000000057324982e-09
1.999999999918835095e-09
2.000000000196238385e-09
2.999999999808795941e-09
2.000000000196238385e-09
2.999999999947709344e-09
1.999999999918835095e-09
3.000000000086199231e-09
1.999999999918835095e-09
1.999999999918835095e-09
2.000000000196238385e-09
1.999999999779921692e-09
2.000000000057748498e-09
2.000000000057748498e-09
1.999999999918835095e-09
2.000000000057748498e-09
1.000000000028874249e-09
2.000000000057748498e-09
1.999999999918835095e-09
0.000000000000000000e+00
2.000000000057748498e-09
1.000000000028874249e-09
1.000000000028874249e-09
1.999999999918835095e-09
1.000000000028874249e-09
0.000000000000000000e+00
1.000000000028874249e-09
1.000000000028874249e-09
0.000000000000000000e+00
9.999999998899608458e-10
1.000000000028874249e-09
-1.000000000028874249e-09
0.000000000000000000e+00
1.000000000028874249e-09
0.000000000000000000e+00
-1.000000000028874249e-09
1.000000000028874249e-09
0.000000000000000000e+00
-1.000000000028874249e-09
0.000000000000000000e+00
-1.000000000028874249e-09
1.389134033497052556e-19
-1.000000000028874249e-09
0.000000000000000000e+00
-1.000000000028874249e-09
0.000000000000000000e+00
-2.000000000057748498e-09
1.389134033497052556e-19
-1.000000000028874249e-09
-1.000000000167787652e-09
-9.999999998899608458e-10
-1.389134033497052556e-19
-1.999999999779921692e-09
-1.000000000167787652e-09
2.778268066994105112e-19
-2.000000000334728272e-09
-9.999999997510474424e-10
-1.000000000306277539e-09
-9.999999997510474424e-10
-1.000000000028874249e-09
-2.000000000057324982e-09
-1.000000000028874249e-09
-1.000000000028874249e-09
-1.000000000028450733e-09
-1.000000000028874249e-09
-9.999999997510474424e-10
-1.000000000306277539e-09
-1.999999999779921692e-09
-1.000000000028874249e-09
-1.000000000028874249e-09
-2.000000000057324982e-09
0.000000000000000000e+00
-1.999999999779921692e-09
-2.000000000057748498e-09
-2.774032902257833610e-19
-9.999999997514709589e-10
-2.000000000057748498e-09
-9.999999997514709589e-10
-1.000000000306277539e-09
-1.000000000028874249e-09
-9.999999997514709589e-10
-1.000000000028874249e-09
-1.000000000306277539e-09
-9.999999997514709589e-10
-1.000000000028874249e-09
-1.000000000028450733e-09
-1.000000000028874249e-09
-1.000000000028874249e-09
-1.000000000028874249e-09
-1.000000000028450733e-09
0.000000000000000000e+00
-9.999999997510474424e-10
-1.000000000028450733e-09
-2.774032902257833610e-19
0.000000000000000000e+00
-1.000000000028450733e-09
2.778268066994105112e-19
-1.000000000028450733e-09
0.000000000000000000e+00
0.000000000000000000e+00
-1.000000000028874249e-09
-2.778268066994105112e-19
0.000000000000000000e+00
-9.999999997510474424e-10
1.000000000028874249e-09
-1.000000000028874249e-09
1.000000000028874249e-09
-1.000000000028874249e-09
0.000000000000000000e+00
1.000000000028874249e-09
0.000000000000000000e+00
0.000000000000000000e+00
0.000000000000000000e+00
1.000000000028874249e-09
-1.000000000028874249e-09
0.000000000000000000e+00
1.000000000028874249e-09
0.000000000000000000e+00
1.000000000028874249e-09
0.000000000000000000e+00
0.000000000000000000e+00
9.999999997514709589e-10
0.000000000000000000e+00
0.000000000000000000e+00
1.000000000028874249e-09
0.000000000000000000e+00
2.778268066994105112e-19
1.000000000028874249e-09
0.000000000000000000e+00
-2.778268066994105112e-19
1.000000000028874249e-09
0.000000000000000000e+00
1.000000000028874249e-09
0.000000000000000000e+00
1.000000000028874249e-09
0.000000000000000000e+00
0.000000000000000000e+00
1.000000000028450733e-09
0.000000000000000000e+00
1.000000000028874249e-09
1.000000000028450733e-09
-1.000000000028450733e-09
9.999999997510474424e-10
1.000000000028450733e-09
2.774032902257833610e-19
1.000000000028450733e-09
-2.774032902257833610e-19
-1.000000000028450733e-09
1.000000000306277539e-09
0.000000000000000000e+00
9.999999997514709589e-10
2.774032902257833610e-19
0.000000000000000000e+00
-2.774032902257833610e-19
0.000000000000000000e+00
2.774032902257833610e-19
-2.774032902257833610e-19
0.000000000000000000e+00
1.000000000306277539e-09
-2.774032902257833610e-19
0.000000000000000000e+00
0.000000000000000000e+00
2.774032902257833610e-19
-2.774032902257833610e-19
0.000000000000000000e+00
2.774032902257833610e-19
-2.774032902257833610e-19
0.000000000000000000e+00
2.774032902257833610e-19
0.000000000000000000e+00
