-5.000000000000000000e+04 -2.218616999999999226e-05
-4.990000000000000000e+04 -2.234830000000001098e-05
-4.980000000000000000e+04 -2.246832999999996450e-05
-4.970000000000000000e+04 -2.254940000000002503e-05
-4.960000000000000000e+04 -2.260860000000003965e-05
-4.950000000000000000e+04 -2.265229999999993218e-05
-4.940000000000000000e+04 -2.268530000000001132e-05
-4.930000000000000000e+04 -2.271049999999999881e-05
-4.920000000000000000e+04 -2.273040000000003567e-05
-4.910000000000000000e+04 -2.274680000000001064e-05
-4.900000000000000000e+04 -2.276029999999991827e-05
-4.890000000000000000e+04 -2.277170000000001781e-05
-4.880000000000000000e+04 -2.278170000000002618e-05
-4.870000000000000000e+04 -2.279039999999996394e-05
-4.860000000000000000e+04 -2.279800000000004837e-05
-4.850000000000000000e+04 -2.280530000000003727e-05
-4.840000000000000000e+04 -2.280989999999996604e-05
-4.830000000000000000e+04 -2.281619999999997986e-05
-4.820000000000000000e+04 -2.282090000000001049e-05
-4.810000000000000000e+04 -2.282489999999998538e-05
-4.800000000000000000e+04 -2.282829999999985731e-05
-4.790000000000000000e+04 -2.283120000000027025e-05
-4.780000000000000000e+04 -2.283339999999994981e-05
-4.770000000000000000e+04 -2.283469999999995944e-05
-4.760000000000000000e+04 -2.283699999999986283e-05
-4.750000000000000000e+04 -2.283699999999999836e-05
-4.740000000000000000e+04 -2.283700000000026941e-05
-4.730000000000000000e+04 -2.283699999999986283e-05
-4.720000000000000000e+04 -2.283599999999996906e-05
-4.710000000000000000e+04 -2.283599999999996906e-05
-4.700000000000000000e+04 -2.283300000000015222e-05
-4.690000000000000000e+04 -2.283200000000012970e-05
-4.680000000000000000e+04 -2.282899999999977075e-05
-4.670000000000000000e+04 -2.282699999999998999e-05
-4.660000000000000000e+04 -2.282499999999993139e-05
-4.650000000000000000e+04 -2.282100000000036308e-05
-4.640000000000000000e+04 -2.281699999999970378e-05
-4.630000000000000000e+04 -2.281499999999992302e-05
-4.620000000000000000e+04 -2.281000000000005435e-05
-4.610000000000000000e+04 -2.280699999999996646e-05
-4.600000000000000000e+04 -2.280299999999985605e-05
-4.590000000000000000e+04 -2.279900000000001668e-05
-4.580000000000000000e+04 -2.279599999999992879e-05
-4.570000000000000000e+04 -2.279100000000061578e-05
-4.560000000000000000e+04 -2.278799999999997901e-05
-4.550000000000000000e+04 -2.278499999999989112e-05
-4.540000000000000000e+04 -2.278099999999977392e-05
-4.530000000000000000e+04 -2.277899999999999316e-05
-4.520000000000000000e+04 -2.277599999999991204e-05
-4.510000000000000000e+04 -2.277400000000013127e-05
-4.500000000000000000e+04 -2.277199999999979485e-05
-4.490000000000000000e+04 -2.277000000000001408e-05
-4.480000000000000000e+04 -2.276800000000051114e-05
-4.470000000000000000e+04 -2.276599999999989689e-05
-4.460000000000000000e+04 -2.276399999999984507e-05
-4.450000000000000000e+04 -2.276200000000006430e-05
-4.440000000000000000e+04 -2.276000000000000570e-05
-4.430000000000000000e+04 -2.275799999999994711e-05
-4.420000000000000000e+04 -2.275599999999988851e-05
-4.410000000000000000e+04 -2.275300000000007845e-05
-4.400000000000000000e+04 -2.275199999999977132e-05
-4.390000000000000000e+04 -2.274900000000024586e-05
-4.380000000000000000e+04 -2.274800000000021656e-05
-4.370000000000000000e+04 -2.274500000000012867e-05
-4.360000000000000000e+04 -2.274199999999948512e-05
-4.350000000000000000e+04 -2.274100000000001148e-05
-4.340000000000000000e+04 -2.273699999999990106e-05
-4.330000000000000000e+04 -2.273600000000042742e-05
-4.320000000000000000e+04 -2.273199999999975457e-05
-4.310000000000000000e+04 -2.272999999999969598e-05
-4.300000000000000000e+04 -2.272700000000016374e-05
-4.290000000000000000e+04 -2.272400000000063827e-05
-4.280000000000000000e+04 -2.272099999999999473e-05
-4.270000000000000000e+04 -2.271799999999990683e-05
-4.260000000000000000e+04 -2.271399999999978964e-05
-4.250000000000000000e+04 -2.271099999999970853e-05
-4.240000000000000000e+04 -2.270700000000070264e-05
-4.230000000000000000e+04 -2.270299999999947414e-05
-4.220000000000000000e+04 -2.269900000000046826e-05
-4.210000000000000000e+04 -2.269599999999927584e-05
-4.200000000000000000e+04 -2.268900000000018206e-05
-4.190000000000000000e+04 -2.268700000000012346e-05
-4.180000000000000000e+04 -2.268099999999939880e-05
-4.170000000000000000e+04 -2.267700000000094857e-05
-4.160000000000000000e+04 -2.267099999999911260e-05
-4.150000000000000000e+04 -2.266600000000063307e-05
-4.140000000000000000e+04 -2.266000000000045728e-05
-4.130000000000000000e+04 -2.265499999999920626e-05
-4.120000000000000000e+04 -2.264800000000066814e-05
-4.110000000000000000e+04 -2.264199999999938782e-05
-4.100000000000000000e+04 -2.263500000000029404e-05
-4.090000000000000000e+04 -2.262799999999954008e-05
-4.080000000000000000e+04 -2.262100000000044631e-05
-4.070000000000000000e+04 -2.261399999999969234e-05
-4.060000000000000000e+04 -2.260499999999999109e-05
-4.050000000000000000e+04 -2.259700000000086802e-05
-4.040000000000000000e+04 -2.258899999999952911e-05
-4.030000000000000000e+04 -2.258000000000038351e-05
-4.020000000000000000e+04 -2.257099999999900852e-05
-4.010000000000000000e+04 -2.256100000000094494e-05
-4.000000000000000000e+04 -2.255199999999902107e-05
-3.990000000000000000e+04 -2.254200000000039505e-05
-3.980000000000000000e+04 -2.253099999999952390e-05
-3.970000000000000000e+04 -2.252100000000090466e-05
-3.960000000000000000e+04 -2.250999999999892220e-05
-3.950000000000000000e+04 -2.249900000000082932e-05
-3.940000000000000000e+04 -2.248700000000048452e-05
-3.930000000000000000e+04 -2.247499999999902842e-05
-3.920000000000000000e+04 -2.246300000000089946e-05
-3.910000000000000000e+04 -2.244999999999941405e-05
-3.900000000000000000e+04 -2.243800000000018057e-05
-3.890000000000000000e+04 -2.242399999999977717e-05
-3.880000000000000000e+04 -2.240899999999990014e-05
-3.870000000000000000e+04 -2.239700000000011099e-05
-3.860000000000000000e+04 -2.238200000000078961e-05
-3.850000000000000000e+04 -2.236699999999925239e-05
-3.840000000000000000e+04 -2.235300000000051596e-05
-3.830000000000000000e+04 -2.233599999999946902e-05
-3.820000000000000000e+04 -2.232100000000070329e-05
-3.810000000000000000e+04 -2.230499999999912999e-05
-3.800000000000000000e+04 -2.228900000000089740e-05
-3.790000000000000000e+04 -2.227099999999926551e-05
-3.780000000000000000e+04 -2.225400000000044118e-05
-3.770000000000000000e+04 -2.223599999999992737e-05
-3.760000000000000000e+04 -2.221799999999940679e-05
-3.750000000000000000e+04 -2.220000000000110882e-05
-3.740000000000000000e+04 -2.218099999999889875e-05
-3.730000000000000000e+04 -2.216100000000054219e-05
-3.720000000000000000e+04 -2.214099999999996979e-05
-3.710000000000000000e+04 -2.212199999999997556e-05
-3.700000000000000000e+04 -2.210099999999992951e-05
-3.690000000000000000e+04 -2.207900000000040982e-05
-3.680000000000000000e+04 -2.205799999999924569e-05
-3.670000000000000000e+04 -2.203600000000083731e-05
-3.660000000000000000e+04 -2.201400000000019953e-05
-3.650000000000000000e+04 -2.198999999999950994e-05
-3.640000000000000000e+04 -2.196700000000051660e-05
-3.630000000000000000e+04 -2.194099999999865711e-05
-3.620000000000000000e+04 -2.191700000000130143e-05
-3.610000000000000000e+04 -2.188999999999885699e-05
-3.600000000000000000e+04 -2.186500000000091636e-05
-3.590000000000000000e+04 -2.183699999999899827e-05
-3.580000000000000000e+04 -2.181100000000047270e-05
-3.570000000000000000e+04 -2.178400000000025086e-05
-3.560000000000000000e+04 -2.175499999999997043e-05
-3.550000000000000000e+04 -2.172799999999974860e-05
-3.540000000000000000e+04 -2.170100000000063807e-05
-3.530000000000000000e+04 -2.167299999999871998e-05
-3.520000000000000000e+04 -2.164400000000066217e-05
-3.510000000000000000e+04 -2.161699999999933580e-05
-3.500000000000000000e+04 -2.158900000000075163e-05
-3.490000000000000000e+04 -2.156099999999994485e-05
-3.480000000000000000e+04 -2.153300000000024937e-05
-3.470000000000000000e+04 -2.150700000000061249e-05
-3.460000000000000000e+04 -2.148099999999986430e-05
-3.450000000000000000e+04 -2.144400000000046079e-05
-3.440000000000000000e+04 -2.142699999999942063e-05
-3.430000000000000000e+04 -2.139000000000001713e-05
-3.420000000000000000e+04 -2.137399999999956192e-05
-3.410000000000000000e+04 -2.134599999999986644e-05
-3.400000000000000000e+04 -2.131100000000052153e-05
-3.390000000000000000e+04 -2.129499999999895501e-05
-3.380000000000000000e+04 -2.126000000000072141e-05
-3.370000000000000000e+04 -2.124599999999921349e-05
-3.360000000000000000e+04 -2.121099999999986858e-05
-3.350000000000000000e+04 -2.119699999999947196e-05
-3.340000000000000000e+04 -2.117400000000269446e-05
-3.330000000000000000e+04 -2.114199999999732526e-05
-3.320000000000000000e+04 -2.112900000000195882e-05
-3.310000000000000000e+04 -2.109899999999997536e-05
-3.300000000000000000e+04 -2.108800000000022229e-05
-3.290000000000000000e+04 -2.106899999999911675e-05
-3.280000000000000000e+04 -2.103900000000047399e-05
-3.270000000000000000e+04 -2.103199999999972003e-05
-3.260000000000000000e+04 -2.100400000000002455e-05
-3.250000000000000000e+04 -2.099799999999985554e-05
-3.240000000000000000e+04 -2.098299999999886720e-05
-3.230000000000000000e+04 -2.095900000000039344e-05
-3.220000000000000000e+04 -2.095599999999975667e-05
-3.210000000000000000e+04 -2.093300000000075656e-05
-3.200000000000000000e+04 -2.093399999999912567e-05
-3.190000000000000000e+04 -2.092400000000216661e-05
-3.180000000000000000e+04 -2.090599999999942342e-05
-3.170000000000000000e+04 -2.091100000000012556e-05
-3.160000000000000000e+04 -2.089699999999972217e-05
-3.150000000000000000e+04 -2.090399999999937160e-05
-3.140000000000000000e+04 -2.090200000000042431e-05
-3.130000000000000000e+04 -2.089099999999954638e-05
-3.120000000000000000e+04 -2.090200000000042431e-05
-3.110000000000000000e+04 -2.089400000000018993e-05
-3.100000000000000000e+04 -2.090499999999884524e-05
-3.090000000000000000e+04 -2.090900000000006696e-05
-3.080000000000000000e+04 -2.090400000000047613e-05
-3.070000000000000000e+04 -2.091800000000088630e-05
-3.060000000000000000e+04 -2.091399999999853972e-05
-3.050000000000000000e+04 -2.093200000000128969e-05
-3.040000000000000000e+04 -2.093899999999982104e-05
-3.030000000000000000e+04 -2.093700000000087375e-05
-3.020000000000000000e+04 -2.095599999999864536e-05
-3.010000000000000000e+04 -2.095600000000086120e-05
-3.000000000000000000e+04 -2.097699999999980272e-05
-2.990000000000000000e+04 -2.098699999999898439e-05
-2.980000000000000000e+04 -2.098900000000014751e-05
-2.970000000000000000e+04 -2.101200000000025893e-05
-2.960000000000000000e+04 -2.101400000000031075e-05
-2.950000000000000000e+04 -2.103799999999878451e-05
-2.940000000000000000e+04 -2.105200000000141051e-05
-2.930000000000000000e+04 -2.105599999999818701e-05
-2.920000000000000000e+04 -2.108000000000221730e-05
-2.910000000000000000e+04 -2.108600000000015692e-05
-2.900000000000000000e+04 -2.111099999999921562e-05
-2.890000000000000000e+04 -2.112699999999967761e-05
-2.880000000000000000e+04 -2.113300000000095793e-05
-2.870000000000000000e+04 -2.115999999999896393e-05
-2.860000000000000000e+04 -2.116600000000023747e-05
-2.850000000000000000e+04 -2.119399999999993972e-05
-2.840000000000000000e+04 -2.120999999999929040e-05
-2.830000000000000000e+04 -2.121700000000003759e-05
-2.820000000000000000e+04 -2.124499999999973984e-05
-2.810000000000000000e+04 -2.125200000000049380e-05
-2.800000000000000000e+04 -2.128000000000130059e-05
-2.790000000000000000e+04 -2.129700000000012491e-05
-2.780000000000000000e+04 -2.130500000000035252e-05
-2.770000000000000000e+04 -2.133299999999893669e-05
-2.760000000000000000e+04 -2.134000000000080196e-05
-2.750000000000000000e+04 -2.136699999999880795e-05
-2.740000000000000000e+04 -2.137400000000066645e-05
-2.730000000000000000e+04 -2.139999999999919880e-05
-2.720000000000000000e+04 -2.141700000000024574e-05
-2.710000000000000000e+04 -2.142300000000041475e-05
-2.700000000000000000e+04 -2.144899999999894710e-05
-2.690000000000000000e+04 -2.145400000000074700e-05
-2.680000000000000000e+04 -2.148099999999875299e-05
-2.670000000000000000e+04 -2.149000000000178816e-05
-2.660000000000000000e+04 -2.149999999999874044e-05
-2.650000000000000000e+04 -2.152000000000154224e-05
-2.640000000000000000e+04 -2.153000000000071713e-05
-2.630000000000000000e+04 -2.155999999999824859e-05
-2.620000000000000000e+04 -2.156000000000047120e-05
-2.610000000000000000e+04 -2.156999999999964610e-05
-2.600000000000000000e+04 -2.159999999999940017e-05
-2.590000000000000000e+04 -2.160000000000161601e-05
-2.580000000000000000e+04 -2.161999999999997935e-05
-2.570000000000000000e+04 -2.163999999999832914e-05
-2.560000000000000000e+04 -2.164000000000054498e-05
-2.550000000000000000e+04 -2.165999999999890832e-05
-2.540000000000000000e+04 -2.167000000000029905e-05
-2.530000000000000000e+04 -2.169000000000310084e-05
-2.520000000000000000e+04 -2.170999999999923479e-05
-2.510000000000000000e+04 -2.170000000000005312e-05
-2.500000000000000000e+04 -2.172999999999980720e-05
-2.490000000000000000e+04 -2.172999999999980720e-05
-2.480000000000000000e+04 -2.175999999999956127e-05
-2.470000000000000000e+04 -2.176999999999873616e-05
-2.460000000000000000e+04 -2.176000000000177711e-05
-2.450000000000000000e+04 -2.179999999999849024e-05
-2.440000000000000000e+04 -2.179000000000153118e-05
-2.430000000000000000e+04 -2.181999999999906942e-05
-2.420000000000000000e+04 -2.181999999999906942e-05
-2.410000000000000000e+04 -2.183000000000046015e-05
-2.400000000000000000e+04 -2.186000000000243684e-05
-2.390000000000000000e+04 -2.184999999999659410e-05
-2.380000000000000000e+04 -2.188000000000301601e-05
-2.370000000000000000e+04 -2.187999999999857079e-05
-2.360000000000000000e+04 -2.188999999999996152e-05
-2.350000000000000000e+04 -2.191000000000054070e-05
-2.340000000000000000e+04 -2.191000000000054070e-05
-2.330000000000000000e+04 -2.192999999999889726e-05
-2.320000000000000000e+04 -2.194999999999947644e-05
-2.310000000000000000e+04 -2.194000000000029477e-05
-2.300000000000000000e+04 -2.197000000000004884e-05
-2.290000000000000000e+04 -2.195999999999864456e-05
-2.280000000000000000e+04 -2.199000000000062125e-05
-2.270000000000000000e+04 -2.200000000000202553e-05
-2.260000000000000000e+04 -2.199999999999757353e-05
-2.250000000000000000e+04 -2.202000000000259793e-05
-2.240000000000000000e+04 -2.202000000000037532e-05
-2.230000000000000000e+04 -2.203999999999873188e-05
-2.220000000000000000e+04 -2.205000000000012939e-05
-2.210000000000000000e+04 -2.205000000000012262e-05
-2.200000000000000000e+04 -2.206999999999848596e-05
-2.190000000000000000e+04 -2.207999999999987669e-05
-2.180000000000000000e+04 -2.209000000000128097e-05
-2.170000000000000000e+04 -2.210999999999963076e-05
-2.160000000000000000e+04 -2.210000000000044909e-05
-2.150000000000000000e+04 -2.211999999999881243e-05
-2.140000000000000000e+04 -2.212000000000102827e-05
-2.130000000000000000e+04 -2.215000000000078912e-05
-2.120000000000000000e+04 -2.214999999999856651e-05
-2.110000000000000000e+04 -2.215000000000078234e-05
-2.100000000000000000e+04 -2.216999999999913891e-05
-2.090000000000000000e+04 -2.217000000000135475e-05
-2.080000000000000000e+04 -2.218999999999971131e-05
-2.070000000000000000e+04 -2.218000000000052964e-05
-2.060000000000000000e+04 -2.220999999999806788e-05
-2.050000000000000000e+04 -2.221000000000029049e-05
-2.040000000000000000e+04 -2.221000000000028371e-05
-2.030000000000000000e+04 -2.222999999999864028e-05
-2.020000000000000000e+04 -2.222000000000168122e-05
-2.010000000000000000e+04 -2.224000000000004456e-05
-2.000000000000000000e+04 -2.225000000000144207e-05
-1.990000000000000000e+04 -2.224999999999699007e-05
-1.980000000000000000e+04 -2.226000000000283958e-05
-1.970000000000000000e+04 -2.226000000000061019e-05
-1.960000000000000000e+04 -2.227999999999897353e-05
-1.950000000000000000e+04 -2.227999999999897353e-05
-1.940000000000000000e+04 -2.226999999999979186e-05
-1.930000000000000000e+04 -2.229000000000259365e-05
-1.920000000000000000e+04 -2.228999999999814165e-05
-1.910000000000000000e+04 -2.229999999999954593e-05
-1.900000000000000000e+04 -2.230999999999872083e-05
-1.890000000000000000e+04 -2.230000000000398439e-05
-1.880000000000000000e+04 -2.230999999999872083e-05
-1.870000000000000000e+04 -2.230999999999871405e-05
-1.860000000000000000e+04 -2.231999999999790250e-05
-1.850000000000000000e+04 -2.232000000000011834e-05
-1.840000000000000000e+04 -2.232000000000234095e-05
-1.830000000000000000e+04 -2.232000000000011834e-05
-1.820000000000000000e+04 -2.231999999999789572e-05
-1.810000000000000000e+04 -2.232999999999930001e-05
-1.800000000000000000e+04 -2.233000000000373168e-05
-1.790000000000000000e+04 -2.231999999999789572e-05
-1.780000000000000000e+04 -2.232999999999930001e-05
-1.770000000000000000e+04 -2.232000000000234095e-05
-1.760000000000000000e+04 -2.233000000000151585e-05
-1.750000000000000000e+04 -2.232999999999930001e-05
-1.740000000000000000e+04 -2.230999999999649821e-05
-1.730000000000000000e+04 -2.232999999999930001e-05
-1.720000000000000000e+04 -2.231000000000315928e-05
-1.710000000000000000e+04 -2.232000000000011834e-05
-1.700000000000000000e+04 -2.232000000000011834e-05
-1.690000000000000000e+04 -2.230999999999649821e-05
-1.680000000000000000e+04 -2.231000000000094344e-05
-1.670000000000000000e+04 -2.231000000000094344e-05
-1.660000000000000000e+04 -2.231000000000094344e-05
-1.650000000000000000e+04 -2.230999999999872083e-05
-1.640000000000000000e+04 -2.230000000000398439e-05
-1.630000000000000000e+04 -2.229999999999954593e-05
-1.620000000000000000e+04 -2.229999999999731654e-05
-1.610000000000000000e+04 -2.229999999999954593e-05
-1.600000000000000000e+04 -2.229999999999954593e-05
-1.590000000000000000e+04 -2.229000000000258688e-05
-1.580000000000000000e+04 -2.229999999999954593e-05
-1.570000000000000000e+04 -2.227999999999674414e-05
-1.560000000000000000e+04 -2.229999999999954593e-05
-1.550000000000000000e+04 -2.229000000000480272e-05
-1.540000000000000000e+04 -2.227999999999896676e-05
-1.530000000000000000e+04 -2.229999999999954593e-05
-1.520000000000000000e+04 -2.227999999999674414e-05
-1.510000000000000000e+04 -2.229000000000480272e-05
-1.500000000000000000e+04 -2.228999999999814843e-05
-1.490000000000000000e+04 -2.228999999999814165e-05
-1.480000000000000000e+04 -2.229000000000037104e-05
-1.470000000000000000e+04 -2.229000000000258688e-05
-1.460000000000000000e+04 -2.229999999999954593e-05
-1.450000000000000000e+04 -2.228999999999814165e-05
-1.440000000000000000e+04 -2.229999999999954593e-05
-1.430000000000000000e+04 -2.229999999999954593e-05
-1.420000000000000000e+04 -2.230000000000176177e-05
-1.410000000000000000e+04 -2.231000000000094344e-05
-1.400000000000000000e+04 -2.230999999999649821e-05
-1.390000000000000000e+04 -2.232000000000011834e-05
-1.380000000000000000e+04 -2.233000000000373168e-05
-1.370000000000000000e+04 -2.232999999999929323e-05
-1.360000000000000000e+04 -2.233999999999847490e-05
-1.350000000000000000e+04 -2.235000000000209502e-05
-1.340000000000000000e+04 -2.236000000000126992e-05
-1.330000000000000000e+04 -2.236999999999822897e-05
-1.320000000000000000e+04 -2.237999999999739709e-05
-1.310000000000000000e+04 -2.240000000000019889e-05
-1.300000000000000000e+04 -2.239000000000323983e-05
-1.290000000000000000e+04 -2.242999999999995296e-05
-1.280000000000000000e+04 -2.242999999999773034e-05
-1.270000000000000000e+04 -2.243999999999912785e-05
-1.260000000000000000e+04 -2.245000000000274120e-05
-1.250000000000000000e+04 -2.246999999999887515e-05
-1.240000000000000000e+04 -2.248000000000027944e-05
-1.230000000000000000e+04 -2.249999999999863600e-05
-1.220000000000000000e+04 -2.249000000000389956e-05
-1.210000000000000000e+04 -2.252999999999839007e-05
-1.200000000000000000e+04 -2.251999999999920163e-05
-1.190000000000000000e+04 -2.253999999999756497e-05
-1.180000000000000000e+04 -2.256000000000035998e-05
-1.170000000000000000e+04 -2.256000000000258260e-05
-1.160000000000000000e+04 -2.256999999999954165e-05
-1.150000000000000000e+04 -2.257999999999870977e-05
-1.140000000000000000e+04 -2.259999999999928895e-05
-1.130000000000000000e+04 -2.260000000000372063e-05
-1.120000000000000000e+04 -2.260999999999846385e-05
-1.110000000000000000e+04 -2.261999999999986813e-05
-1.100000000000000000e+04 -2.262000000000208397e-05
-1.090000000000000000e+04 -2.262999999999904303e-05
-1.080000000000000000e+04 -2.264999999999961543e-05
-1.070000000000000000e+04 -2.262999999999903625e-05
-1.060000000000000000e+04 -2.264999999999739959e-05
-1.050000000000000000e+04 -2.264000000000265637e-05
-1.040000000000000000e+04 -2.264999999999961543e-05
-1.030000000000000000e+04 -2.266000000000101971e-05
-1.020000000000000000e+04 -2.263999999999821114e-05
-1.010000000000000000e+04 -2.264999999999961543e-05
-1.000000000000000000e+04 -2.264000000000265637e-05
-9.900000000000000000e+03 -2.263999999999821792e-05
-9.800000000000000000e+03 -2.264000000000044053e-05
-9.700000000000000000e+03 -2.262000000000208397e-05
-9.600000000000000000e+03 -2.261999999999986813e-05
-9.500000000000000000e+03 -2.260999999999846385e-05
-9.400000000000000000e+03 -2.259999999999928895e-05
-9.300000000000000000e+03 -2.257999999999871655e-05
-9.200000000000000000e+03 -2.256000000000258260e-05
-9.100000000000000000e+03 -2.256000000000035998e-05
-9.000000000000000000e+03 -2.250999999999780412e-05
-8.900000000000000000e+03 -2.251000000000003351e-05
-8.800000000000000000e+03 -2.248000000000249527e-05
-8.700000000000000000e+03 -2.243999999999912785e-05
-8.600000000000000000e+03 -2.241999999999855545e-05
-8.500000000000000000e+03 -2.237999999999739709e-05
-8.400000000000000000e+03 -2.236000000000570160e-05
-8.300000000000000000e+03 -2.230999999999649821e-05
-8.200000000000000000e+03 -2.229000000000037104e-05
-8.100000000000000000e+03 -2.226000000000061697e-05
-8.000000000000000000e+03 -2.221000000000250633e-05
-7.900000000000000000e+03 -2.217999999999831380e-05
-7.800000000000000000e+03 -2.212999999999798055e-05
-7.700000000000000000e+03 -2.210999999999963076e-05
-7.600000000000000000e+03 -2.207000000000070180e-05
-7.500000000000000000e+03 -2.202000000000259793e-05
-7.400000000000000000e+03 -2.197999999999922374e-05
-7.300000000000000000e+03 -2.193999999999807216e-05
-7.200000000000000000e+03 -2.191000000000275653e-05
-7.100000000000000000e+03 -2.186999999999939589e-05
-7.000000000000000000e+03 -2.181999999999906264e-05
-6.900000000000000000e+03 -2.178999999999931534e-05
-6.800000000000000000e+03 -2.174000000000342732e-05
-6.700000000000000000e+03 -2.169999999999783728e-05
-6.600000000000000000e+03 -2.167000000000030583e-05
-6.500000000000000000e+03 -2.162999999999692485e-05
-6.400000000000000000e+03 -2.159000000000022528e-05
-6.300000000000000000e+03 -2.154000000000211464e-05
-6.200000000000000000e+03 -2.151999999999931962e-05
-6.100000000000000000e+03 -2.148000000000039065e-05
-6.000000000000000000e+03 -2.143999999999701646e-05
-5.900000000000000000e+03 -2.141000000000392345e-05
-5.800000000000000000e+03 -2.136999999999833342e-05
-5.700000000000000000e+03 -2.134000000000080873e-05
-5.600000000000000000e+03 -2.131999999999801372e-05
-5.500000000000000000e+03 -2.128000000000352320e-05
-5.400000000000000000e+03 -2.124999999999933068e-05
-5.300000000000000000e+03 -2.121999999999734721e-05
-5.200000000000000000e+03 -2.121000000000040171e-05
-5.100000000000000000e+03 -2.118000000000064764e-05
-5.000000000000000000e+03 -2.116000000000229107e-05
-4.900000000000000000e+03 -2.113999999999949605e-05
-4.800000000000000000e+03 -2.111999999999669426e-05
-4.700000000000000000e+03 -2.110999999999974198e-05
-4.600000000000000000e+03 -2.111000000000417366e-05
-4.500000000000000000e+03 -2.107999999999776529e-05
-4.400000000000000000e+03 -2.110000000000056709e-05
-4.300000000000000000e+03 -2.108000000000221052e-05
-4.200000000000000000e+03 -2.109999999999834447e-05
-4.100000000000000000e+03 -2.110000000000056709e-05
-4.000000000000000000e+03 -2.108999999999694019e-05
-3.900000000000000000e+03 -2.112000000000113949e-05
-3.800000000000000000e+03 -2.111000000000196460e-05
-3.700000000000000000e+03 -2.113999999999949605e-05
-3.600000000000000000e+03 -2.114999999999867095e-05
-3.500000000000000000e+03 -2.115000000000088679e-05
-3.400000000000000000e+03 -2.117999999999842502e-05
-3.300000000000000000e+03 -2.118999999999982253e-05
-3.200000000000000000e+03 -2.121999999999957660e-05
-3.100000000000000000e+03 -2.124000000000237162e-05
-3.000000000000000000e+03 -2.124000000000237162e-05
-2.900000000000000000e+03 -2.127999999999907797e-05
-2.800000000000000000e+03 -2.129999999999742776e-05
-2.700000000000000000e+03 -2.133000000000162706e-05
-2.600000000000000000e+03 -2.134999999999554518e-05
-2.500000000000000000e+03 -2.137000000000277865e-05
-2.400000000000000000e+03 -2.140000000000253272e-05
-2.300000000000000000e+03 -2.141999999999643728e-05
-2.200000000000000000e+03 -2.146000000000203409e-05
-2.100000000000000000e+03 -2.148000000000038388e-05
-2.000000000000000000e+03 -2.149999999999874044e-05
-1.900000000000000000e+03 -2.153999999999989880e-05
-1.800000000000000000e+03 -2.155999999999824181e-05
-1.700000000000000000e+03 -2.159000000000243434e-05
-1.600000000000000000e+03 -2.161999999999774996e-05
-1.500000000000000000e+03 -2.165000000000194926e-05
-1.400000000000000000e+03 -2.167000000000030583e-05
-1.300000000000000000e+03 -2.170000000000005312e-05
-1.200000000000000000e+03 -2.172999999999980720e-05
-1.100000000000000000e+03 -2.174999999999815698e-05
-1.000000000000000000e+03 -2.178000000000235629e-05
-9.000000000000000000e+02 -2.180999999999766513e-05
-8.000000000000000000e+02 -2.183000000000046015e-05
-7.000000000000000000e+02 -2.185000000000326194e-05
-6.000000000000000000e+02 -2.186999999999716650e-05
-5.000000000000000000e+02 -2.191000000000275653e-05
-4.000000000000000000e+02 -2.191999999999972237e-05
-3.000000000000000000e+02 -2.192999999999667465e-05
-2.000000000000000000e+02 -2.196000000000087395e-05
-1.000000000000000000e+02 -2.197000000000226468e-05
0.000000000000000000e+00 -2.199000000000062125e-05
1.000000000000000000e+02 -2.200999999999897781e-05
2.000000000000000000e+02 -2.199999999999757353e-05
3.000000000000000000e+02 -2.202000000000037532e-05
4.000000000000000000e+02 -2.202000000000037532e-05
5.000000000000000000e+02 -2.204000000000317034e-05
6.000000000000000000e+02 -2.203999999999873188e-05
7.000000000000000000e+02 -2.202999999999732760e-05
8.000000000000000000e+02 -2.205000000000456107e-05
9.000000000000000000e+02 -2.203999999999872511e-05
1.000000000000000000e+03 -2.203999999999873188e-05
1.100000000000000000e+03 -2.205000000000012939e-05
1.200000000000000000e+03 -2.204000000000317034e-05
1.300000000000000000e+03 -2.203999999999873188e-05
1.400000000000000000e+03 -2.201999999999593009e-05
1.500000000000000000e+03 -2.203999999999873188e-05
1.600000000000000000e+03 -2.202000000000037532e-05
1.700000000000000000e+03 -2.201000000000341626e-05
1.800000000000000000e+03 -2.200999999999897781e-05
1.900000000000000000e+03 -2.199999999999757353e-05
2.000000000000000000e+03 -2.199000000000062125e-05
2.100000000000000000e+03 -2.198000000000365541e-05
2.200000000000000000e+03 -2.195999999999642194e-05
2.300000000000000000e+03 -2.196000000000087395e-05
2.400000000000000000e+03 -2.194000000000251738e-05
2.500000000000000000e+03 -2.193000000000111988e-05
2.600000000000000000e+03 -2.191999999999972237e-05
2.700000000000000000e+03 -2.189999999999692057e-05
2.800000000000000000e+03 -2.187999999999857079e-05
2.900000000000000000e+03 -2.187000000000161173e-05
3.000000000000000000e+03 -2.185000000000326194e-05
3.100000000000000000e+03 -2.183999999999741920e-05
3.200000000000000000e+03 -2.180999999999766513e-05
3.300000000000000000e+03 -2.180000000000071285e-05
3.400000000000000000e+03 -2.177000000000095878e-05
3.500000000000000000e+03 -2.175999999999956127e-05
3.600000000000000000e+03 -2.174000000000120470e-05
3.700000000000000000e+03 -2.171000000000145063e-05
3.800000000000000000e+03 -2.170000000000005312e-05
3.900000000000000000e+03 -2.166999999999585382e-05
4.000000000000000000e+03 -2.165000000000194926e-05
4.100000000000000000e+03 -2.164000000000055175e-05
4.200000000000000000e+03 -2.159999999999940017e-05
4.300000000000000000e+03 -2.158000000000104361e-05
4.400000000000000000e+03 -2.155999999999824181e-05
4.500000000000000000e+03 -2.153999999999989880e-05
4.600000000000000000e+03 -2.150000000000318567e-05
4.700000000000000000e+03 -2.148999999999734971e-05
4.800000000000000000e+03 -2.146999999999899315e-05
4.900000000000000000e+03 -2.142999999999783479e-05
5.000000000000000000e+03 -2.142000000000532096e-05
5.100000000000000000e+03 -2.137999999999973093e-05
5.200000000000000000e+03 -2.136999999999834019e-05
5.300000000000000000e+03 -2.133999999999858612e-05
5.400000000000000000e+03 -2.131000000000327050e-05
5.500000000000000000e+03 -2.129000000000048226e-05
5.600000000000000000e+03 -2.125999999999627618e-05
5.700000000000000000e+03 -2.124000000000237162e-05
5.800000000000000000e+03 -2.120999999999817909e-05
5.900000000000000000e+03 -2.118000000000286347e-05
6.000000000000000000e+03 -2.116999999999702751e-05
6.100000000000000000e+03 -2.113000000000031438e-05
6.200000000000000000e+03 -2.111000000000195782e-05
6.300000000000000000e+03 -2.108999999999916958e-05
6.400000000000000000e+03 -2.104999999999801122e-05
6.500000000000000000e+03 -2.104000000000105894e-05
6.600000000000000000e+03 -2.101000000000130487e-05
6.700000000000000000e+03 -2.099000000000295508e-05
6.800000000000000000e+03 -2.096999999999571483e-05
6.900000000000000000e+03 -2.092999999999900170e-05
7.000000000000000000e+03 -2.092000000000204942e-05
7.100000000000000000e+03 -2.089000000000229535e-05
7.200000000000000000e+03 -2.086999999999950711e-05
7.300000000000000000e+03 -2.085999999999810282e-05
7.400000000000000000e+03 -2.081999999999695124e-05
7.500000000000000000e+03 -2.080000000000303313e-05
7.600000000000000000e+03 -2.078000000000023811e-05
7.700000000000000000e+03 -2.076999999999884738e-05
7.800000000000000000e+03 -2.073999999999909331e-05
7.900000000000000000e+03 -2.072000000000518197e-05
8.000000000000000000e+03 -2.070999999999934601e-05
8.100000000000000000e+03 -2.067999999999514671e-05
8.200000000000000000e+03 -2.067000000000263288e-05
8.300000000000000000e+03 -2.064999999999983786e-05
8.400000000000000000e+03 -2.063000000000148130e-05
8.500000000000000000e+03 -2.062000000000008379e-05
8.600000000000000000e+03 -2.059999999999728200e-05
8.700000000000000000e+03 -2.059000000000033649e-05
8.800000000000000000e+03 -2.058000000000337066e-05
8.900000000000000000e+03 -2.055999999999613719e-05
9.000000000000000000e+03 -2.054999999999918491e-05
9.100000000000000000e+03 -2.053000000000526680e-05
9.200000000000000000e+03 -2.053999999999778740e-05
9.300000000000000000e+03 -2.051999999999943084e-05
9.400000000000000000e+03 -2.050999999999802655e-05
9.500000000000000000e+03 -2.050999999999803333e-05
9.600000000000000000e+03 -2.049000000000411522e-05
9.700000000000000000e+03 -2.050000000000107427e-05
9.800000000000000000e+03 -2.048999999999967677e-05
9.900000000000000000e+03 -2.047999999999827248e-05
1.000000000000000000e+04 -2.048999999999967677e-05
1.010000000000000000e+04 -2.048000000000271771e-05
1.020000000000000000e+04 -2.047999999999827926e-05
1.030000000000000000e+04 -2.047999999999827926e-05
1.040000000000000000e+04 -2.048000000000271771e-05
1.050000000000000000e+04 -2.047999999999827926e-05
1.060000000000000000e+04 -2.047999999999827248e-05
1.070000000000000000e+04 -2.048999999999967677e-05
1.080000000000000000e+04 -2.048999999999967677e-05
1.090000000000000000e+04 -2.048000000000271771e-05
1.100000000000000000e+04 -2.050000000000107427e-05
1.110000000000000000e+04 -2.049999999999662905e-05
1.120000000000000000e+04 -2.051000000000247178e-05
1.130000000000000000e+04 -2.050000000000107427e-05
1.140000000000000000e+04 -2.053000000000082835e-05
1.150000000000000000e+04 -2.053000000000082157e-05
1.160000000000000000e+04 -2.053000000000082157e-05
1.170000000000000000e+04 -2.054999999999918491e-05
1.180000000000000000e+04 -2.054999999999917814e-05
1.190000000000000000e+04 -2.056999999999754148e-05
1.200000000000000000e+04 -2.057999999999893899e-05
1.210000000000000000e+04 -2.059000000000032972e-05
1.220000000000000000e+04 -2.059999999999728877e-05
1.230000000000000000e+04 -2.061000000000756996e-05
1.240000000000000000e+04 -2.063000000000148130e-05
1.250000000000000000e+04 -2.064999999999539941e-05
1.260000000000000000e+04 -2.064999999999983109e-05
1.270000000000000000e+04 -2.066999999999819443e-05
1.280000000000000000e+04 -2.067999999999958516e-05
1.290000000000000000e+04 -2.070999999999934601e-05
1.300000000000000000e+04 -2.072000000000074352e-05
1.310000000000000000e+04 -2.074000000000797699e-05
1.320000000000000000e+04 -2.075999999999744987e-05
1.330000000000000000e+04 -2.075999999999744310e-05
1.340000000000000000e+04 -2.079999999999860145e-05
1.350000000000000000e+04 -2.082000000000139647e-05
1.360000000000000000e+04 -2.081999999999695124e-05
1.370000000000000000e+04 -2.086000000000254805e-05
1.380000000000000000e+04 -2.086999999999505510e-05
1.390000000000000000e+04 -2.089999999999925441e-05
1.400000000000000000e+04 -2.092999999999900848e-05
1.410000000000000000e+04 -2.094000000000928967e-05
1.420000000000000000e+04 -2.097000000000016006e-05
1.430000000000000000e+04 -2.097999999999711234e-05
1.440000000000000000e+04 -2.101999999999826392e-05
1.450000000000000000e+04 -2.104000000000105894e-05
1.460000000000000000e+04 -2.105999999999940873e-05
1.470000000000000000e+04 -2.108999999999916958e-05
1.480000000000000000e+04 -2.110000000000501232e-05
1.490000000000000000e+04 -2.114000000000171867e-05
1.500000000000000000e+04 -2.115999999999563000e-05
1.510000000000000000e+04 -2.117999999999841825e-05
1.520000000000000000e+04 -2.121000000000261755e-05
1.530000000000000000e+04 -2.121999999999513137e-05
1.540000000000000000e+04 -2.126000000000072819e-05
1.550000000000000000e+04 -2.127999999999907797e-05
1.560000000000000000e+04 -2.129000000000047548e-05
1.570000000000000000e+04 -2.132000000000466801e-05
1.580000000000000000e+04 -2.133999999999857934e-05
1.590000000000000000e+04 -2.136000000000138114e-05
1.600000000000000000e+04 -2.139000000000113521e-05
1.610000000000000000e+04 -2.139999999999808749e-05
1.620000000000000000e+04 -2.141999999999644405e-05
1.630000000000000000e+04 -2.143999999999923230e-05
1.640000000000000000e+04 -2.145999999999759564e-05
1.650000000000000000e+04 -2.148000000000039065e-05
1.660000000000000000e+04 -2.149000000000623339e-05
1.670000000000000000e+04 -2.152000000000154224e-05
1.680000000000000000e+04 -2.151999999999709701e-05
1.690000000000000000e+04 -2.153999999999989880e-05
1.700000000000000000e+04 -2.155999999999824859e-05
1.710000000000000000e+04 -2.156999999999963932e-05
1.720000000000000000e+04 -2.158000000000104361e-05
1.730000000000000000e+04 -2.158000000000548883e-05
1.740000000000000000e+04 -2.161000000000079768e-05
1.750000000000000000e+04 -2.159999999999495494e-05
1.760000000000000000e+04 -2.162000000000219519e-05
1.770000000000000000e+04 -2.162999999999915424e-05
1.780000000000000000e+04 -2.161999999999774996e-05
1.790000000000000000e+04 -2.164000000000055175e-05
1.800000000000000000e+04 -2.162999999999914747e-05
1.810000000000000000e+04 -2.162999999999915424e-05
1.820000000000000000e+04 -2.164000000000499020e-05
1.830000000000000000e+04 -2.161999999999774996e-05
1.840000000000000000e+04 -2.163000000000359270e-05
1.850000000000000000e+04 -2.159999999999495494e-05
1.860000000000000000e+04 -2.161000000000079768e-05
1.870000000000000000e+04 -2.159999999999940017e-05
1.880000000000000000e+04 -2.157999999999659838e-05
1.890000000000000000e+04 -2.156999999999964610e-05
1.900000000000000000e+04 -2.155000000001017999e-05
1.910000000000000000e+04 -2.154999999999685108e-05
1.920000000000000000e+04 -2.152999999999850129e-05
1.930000000000000000e+04 -2.151000000000013795e-05
1.940000000000000000e+04 -2.149999999999874722e-05
1.950000000000000000e+04 -2.148000000000038388e-05
1.960000000000000000e+04 -2.146999999999899315e-05
1.970000000000000000e+04 -2.144999999999619813e-05
1.980000000000000000e+04 -2.143000000000672524e-05
1.990000000000000000e+04 -2.142000000000088928e-05
2.000000000000000000e+04 -2.139000000000112843e-05
2.010000000000000000e+04 -2.137999999999529247e-05
2.020000000000000000e+04 -2.136000000000138114e-05
2.030000000000000000e+04 -2.133999999999857934e-05
2.040000000000000000e+04 -2.132999999999718861e-05
2.050000000000000000e+04 -2.130000000000187299e-05
2.060000000000000000e+04 -2.129999999999743454e-05
2.070000000000000000e+04 -2.128000000000795488e-05
2.080000000000000000e+04 -2.124999999999932390e-05
2.090000000000000000e+04 -2.124999999999933068e-05
2.100000000000000000e+04 -2.121999999999956983e-05
2.110000000000000000e+04 -2.121999999999957660e-05
2.120000000000000000e+04 -2.119999999999678159e-05
2.130000000000000000e+04 -2.117999999999841825e-05
2.140000000000000000e+04 -2.117999999999842502e-05
2.150000000000000000e+04 -2.116000000000895214e-05
2.160000000000000000e+04 -2.114999999999867095e-05
2.170000000000000000e+04 -2.114999999999867095e-05
2.180000000000000000e+04 -2.113000000000031438e-05
2.190000000000000000e+04 -2.113000000000032116e-05
2.200000000000000000e+04 -2.110999999999751937e-05
2.210000000000000000e+04 -2.111999999999892365e-05
2.220000000000000000e+04 -2.111999999999892365e-05
2.230000000000000000e+04 -2.110999999999751937e-05
2.240000000000000000e+04 -2.112000000000780056e-05
2.250000000000000000e+04 -2.110999999999751937e-05
2.260000000000000000e+04 -2.112000000000336210e-05
2.270000000000000000e+04 -2.112999999999587593e-05
2.280000000000000000e+04 -2.114000000000171189e-05
2.290000000000000000e+04 -2.114999999999867095e-05
2.300000000000000000e+04 -2.116999999999702074e-05
2.310000000000000000e+04 -2.117999999999842502e-05
2.320000000000000000e+04 -2.121000000000261755e-05
2.330000000000000000e+04 -2.122000000000402183e-05
2.340000000000000000e+04 -2.124999999999933068e-05
2.350000000000000000e+04 -2.126000000000072141e-05
2.360000000000000000e+04 -2.129999999999743454e-05
2.370000000000000000e+04 -2.132000000000022956e-05
2.380000000000000000e+04 -2.133999999999857934e-05
2.390000000000000000e+04 -2.137999999999973770e-05
2.400000000000000000e+04 -2.139000000000558044e-05
2.410000000000000000e+04 -2.143999999999923907e-05
2.420000000000000000e+04 -2.145000000000062980e-05
2.430000000000000000e+04 -2.148999999999734971e-05
2.440000000000000000e+04 -2.152000000000154224e-05
2.450000000000000000e+04 -2.154999999999684430e-05
2.460000000000000000e+04 -2.158000000000104361e-05
2.470000000000000000e+04 -2.160999999999635245e-05
2.480000000000000000e+04 -2.164999999999751081e-05
2.490000000000000000e+04 -2.168000000001058024e-05
2.500000000000000000e+04 -2.169999999999560789e-05
2.510000000000000000e+04 -2.175000000000260221e-05
2.520000000000000000e+04 -2.176999999999651355e-05
2.530000000000000000e+04 -2.180000000000071285e-05
2.540000000000000000e+04 -2.183999999999741920e-05
2.550000000000000000e+04 -2.187000000000160495e-05
2.560000000000000000e+04 -2.189999999999692735e-05
2.570000000000000000e+04 -2.192000000000860605e-05
2.580000000000000000e+04 -2.195999999999642872e-05
2.590000000000000000e+04 -2.200000000000201875e-05
2.600000000000000000e+04 -2.200999999999897103e-05
2.610000000000000000e+04 -2.205000000000012939e-05
2.620000000000000000e+04 -2.205999999999708167e-05
2.630000000000000000e+04 -2.209999999999823325e-05
2.640000000000000000e+04 -2.212999999999798733e-05
2.650000000000000000e+04 -2.214000000000826852e-05
2.660000000000000000e+04 -2.218000000000053642e-05
2.670000000000000000e+04 -2.217999999999609119e-05
2.680000000000000000e+04 -2.222000000000168800e-05
2.690000000000000000e+04 -2.224000000000004456e-05
2.700000000000000000e+04 -2.223999999999559256e-05
2.710000000000000000e+04 -2.226999999999979186e-05
2.720000000000000000e+04 -2.226999999999978508e-05
2.730000000000000000e+04 -2.228999999999814843e-05
2.740000000000000000e+04 -2.230000000000842284e-05
2.750000000000000000e+04 -2.228999999999814165e-05
2.760000000000000000e+04 -2.231000000000094344e-05
2.770000000000000000e+04 -2.229999999999510071e-05
2.780000000000000000e+04 -2.231000000000094344e-05
2.790000000000000000e+04 -2.231000000000094344e-05
2.800000000000000000e+04 -2.229999999999953916e-05
2.810000000000000000e+04 -2.230999999999650499e-05
2.820000000000000000e+04 -2.229000000000703211e-05
2.830000000000000000e+04 -2.228999999999814843e-05
2.840000000000000000e+04 -2.229000000000258688e-05
2.850000000000000000e+04 -2.226999999999534663e-05
2.860000000000000000e+04 -2.228000000000118937e-05
2.870000000000000000e+04 -2.224999999999699007e-05
2.880000000000000000e+04 -2.225000000000144207e-05
2.890000000000000000e+04 -2.224999999999699684e-05
2.900000000000000000e+04 -2.222000000000168122e-05
2.910000000000000000e+04 -2.222000000000611968e-05
2.920000000000000000e+04 -2.219999999999888621e-05
2.930000000000000000e+04 -2.219999999999889298e-05
2.940000000000000000e+04 -2.219000000000193393e-05
2.950000000000000000e+04 -2.215999999999773462e-05
2.960000000000000000e+04 -2.215999999999774140e-05
2.970000000000000000e+04 -2.212999999999798055e-05
2.980000000000000000e+04 -2.212999999999798733e-05
2.990000000000000000e+04 -2.210999999999963076e-05
3.000000000000000000e+04 -2.210000000000711694e-05
3.010000000000000000e+04 -2.207999999999988347e-05
3.020000000000000000e+04 -2.206999999999847918e-05
3.030000000000000000e+04 -2.206000000000152690e-05
3.040000000000000000e+04 -2.202999999999732760e-05
3.050000000000000000e+04 -2.203999999999873188e-05
3.060000000000000000e+04 -2.202000000000037532e-05
3.070000000000000000e+04 -2.199000000000506647e-05
3.080000000000000000e+04 -2.200000000000201875e-05
3.090000000000000000e+04 -2.196999999999781945e-05
3.100000000000000000e+04 -2.196999999999782623e-05
3.110000000000000000e+04 -2.197000000000227146e-05
3.120000000000000000e+04 -2.193999999999807216e-05
3.130000000000000000e+04 -2.193999999999807893e-05
3.140000000000000000e+04 -2.191999999999971559e-05
3.150000000000000000e+04 -2.192999999999668142e-05
3.160000000000000000e+04 -2.192000000000859927e-05
3.170000000000000000e+04 -2.189999999999692057e-05
3.180000000000000000e+04 -2.191999999999972237e-05
3.190000000000000000e+04 -2.190000000000135903e-05
3.200000000000000000e+04 -2.190999999999832486e-05
3.210000000000000000e+04 -2.191999999999972237e-05
3.220000000000000000e+04 -2.190999999999831808e-05
3.230000000000000000e+04 -2.191999999999972237e-05
3.240000000000000000e+04 -2.191000000000720854e-05
3.250000000000000000e+04 -2.193999999999807893e-05
3.260000000000000000e+04 -2.193999999999807893e-05
3.270000000000000000e+04 -2.193000000000111310e-05
3.280000000000000000e+04 -2.195999999999642872e-05
3.290000000000000000e+04 -2.194999999999946966e-05
3.300000000000000000e+04 -2.197999999999922374e-05
3.310000000000000000e+04 -2.197999999999922374e-05
3.320000000000000000e+04 -2.199000000000950493e-05
3.330000000000000000e+04 -2.200999999999897781e-05
3.340000000000000000e+04 -2.200999999999453258e-05
3.350000000000000000e+04 -2.203000000000177283e-05
3.360000000000000000e+04 -2.203999999999873188e-05
3.370000000000000000e+04 -2.205000000000012262e-05
3.380000000000000000e+04 -2.206999999999848596e-05
3.390000000000000000e+04 -2.206999999999847918e-05
3.400000000000000000e+04 -2.209999999999823325e-05
3.410000000000000000e+04 -2.212000000000990518e-05
3.420000000000000000e+04 -2.210999999999518553e-05
3.430000000000000000e+04 -2.215000000000078234e-05
3.440000000000000000e+04 -2.215000000000077557e-05
3.450000000000000000e+04 -2.216999999999913891e-05
3.460000000000000000e+04 -2.218999999999749547e-05
3.470000000000000000e+04 -2.218999999999748870e-05
3.480000000000000000e+04 -2.222000000000168800e-05
3.490000000000000000e+04 -2.222000000000612645e-05
3.500000000000000000e+04 -2.224999999999699684e-05
3.510000000000000000e+04 -2.226999999999979186e-05
3.520000000000000000e+04 -2.226999999999978508e-05
3.530000000000000000e+04 -2.228999999999814843e-05
3.540000000000000000e+04 -2.229999999999953916e-05
3.550000000000000000e+04 -2.231999999999790250e-05
3.560000000000000000e+04 -2.234000000000069752e-05
3.570000000000000000e+04 -2.234000000000958120e-05
3.580000000000000000e+04 -2.235999999999905408e-05
3.590000000000000000e+04 -2.236999999999599958e-05
3.600000000000000000e+04 -2.238999999999880138e-05
3.610000000000000000e+04 -2.240000000000019889e-05
3.620000000000000000e+04 -2.240000000000019211e-05
3.630000000000000000e+04 -2.241999999999855545e-05
3.640000000000000000e+04 -2.241999999999854867e-05
3.650000000000000000e+04 -2.243999999999691202e-05
3.660000000000000000e+04 -2.244000000000135047e-05
3.670000000000000000e+04 -2.245000000000719321e-05
3.680000000000000000e+04 -2.244999999999830952e-05
3.690000000000000000e+04 -2.245999999999970026e-05
3.700000000000000000e+04 -2.246999999999666609e-05
3.710000000000000000e+04 -2.245999999999970026e-05
3.720000000000000000e+04 -2.247999999999806360e-05
3.730000000000000000e+04 -2.248000000000250205e-05
3.740000000000000000e+04 -2.248000000000694728e-05
3.750000000000000000e+04 -2.247999999999806360e-05
3.760000000000000000e+04 -2.247999999999805682e-05
3.770000000000000000e+04 -2.250000000000085861e-05
3.780000000000000000e+04 -2.248999999999946111e-05
3.790000000000000000e+04 -2.248999999999500910e-05
3.800000000000000000e+04 -2.248999999999946111e-05
3.810000000000000000e+04 -2.248999999999945433e-05
3.820000000000000000e+04 -2.250000000000085861e-05
3.830000000000000000e+04 -2.250000000000973552e-05
3.840000000000000000e+04 -2.247999999999805682e-05
3.850000000000000000e+04 -2.249999999999641339e-05
3.860000000000000000e+04 -2.248999999999945433e-05
3.870000000000000000e+04 -2.248999999999946111e-05
3.880000000000000000e+04 -2.250000000000085861e-05
3.890000000000000000e+04 -2.247999999999805682e-05
3.900000000000000000e+04 -2.249999999999641339e-05
3.910000000000000000e+04 -2.248000000000694728e-05
3.920000000000000000e+04 -2.248999999999946111e-05
3.930000000000000000e+04 -2.248000000000250205e-05
3.940000000000000000e+04 -2.247999999999805682e-05
3.950000000000000000e+04 -2.247999999999806360e-05
3.960000000000000000e+04 -2.246999999999665931e-05
3.970000000000000000e+04 -2.248000000000250205e-05
3.980000000000000000e+04 -2.246999999999666609e-05
3.990000000000000000e+04 -2.247000000000998822e-05
4.000000000000000000e+04 -2.246999999999666609e-05
4.010000000000000000e+04 -2.245999999999970026e-05
4.020000000000000000e+04 -2.247000000000110454e-05
4.030000000000000000e+04 -2.245999999999970703e-05
4.040000000000000000e+04 -2.244999999999830275e-05
4.050000000000000000e+04 -2.245999999999526858e-05
4.060000000000000000e+04 -2.244999999999830275e-05
4.070000000000000000e+04 -2.245000000000274798e-05
4.080000000000000000e+04 -2.246000000000858394e-05
4.090000000000000000e+04 -2.243999999999690524e-05
4.100000000000000000e+04 -2.244999999999830952e-05
4.110000000000000000e+04 -2.242999999999994618e-05
4.120000000000000000e+04 -2.244999999999830952e-05
4.130000000000000000e+04 -2.244999999999830952e-05
4.140000000000000000e+04 -2.242999999999994618e-05
4.150000000000000000e+04 -2.244999999999830952e-05
4.160000000000000000e+04 -2.243000000000883664e-05
4.170000000000000000e+04 -2.243999999999691202e-05
4.180000000000000000e+04 -2.245000000000274798e-05
4.190000000000000000e+04 -2.242999999999550773e-05
4.200000000000000000e+04 -2.244000000000135047e-05
4.210000000000000000e+04 -2.243999999999690524e-05
4.220000000000000000e+04 -2.244000000000135047e-05
4.230000000000000000e+04 -2.243999999999691202e-05
4.240000000000000000e+04 -2.244000000000579570e-05
4.250000000000000000e+04 -2.244000000000135047e-05
4.260000000000000000e+04 -2.243999999999690524e-05
4.270000000000000000e+04 -2.245000000000274798e-05
4.280000000000000000e+04 -2.244999999999386430e-05
4.290000000000000000e+04 -2.244000000000134369e-05
4.300000000000000000e+04 -2.246000000000414549e-05
4.310000000000000000e+04 -2.243999999999246001e-05
4.320000000000000000e+04 -2.246000000000414549e-05
4.330000000000000000e+04 -2.246000000000415226e-05
4.340000000000000000e+04 -2.245999999999526858e-05
4.350000000000000000e+04 -2.247000000000554299e-05
4.360000000000000000e+04 -2.246999999999665931e-05
4.370000000000000000e+04 -2.246999999999666609e-05
4.380000000000000000e+04 -2.246999999999665931e-05
4.390000000000000000e+04 -2.248999999999946111e-05
4.400000000000000000e+04 -2.248999999999946111e-05
4.410000000000000000e+04 -2.249000000000834479e-05
4.420000000000000000e+04 -2.250000000000085861e-05
4.430000000000000000e+04 -2.248999999999945433e-05
4.440000000000000000e+04 -2.252000000000365363e-05
4.450000000000000000e+04 -2.251999999999476995e-05
4.460000000000000000e+04 -2.251000000000224935e-05
4.470000000000000000e+04 -2.252999999999616746e-05
4.480000000000000000e+04 -2.253999999999755819e-05
4.490000000000000000e+04 -2.253999999999756497e-05
4.500000000000000000e+04 -2.256000000000923689e-05
4.510000000000000000e+04 -2.254999999999895570e-05
4.520000000000000000e+04 -2.258000000000315500e-05
4.530000000000000000e+04 -2.256999999999287381e-05
4.540000000000000000e+04 -2.259999999999707311e-05
4.550000000000000000e+04 -2.260000000000595002e-05
4.560000000000000000e+04 -2.260999999999846385e-05
4.570000000000000000e+04 -2.263999999999377947e-05
4.580000000000000000e+04 -2.263000000001014932e-05
4.590000000000000000e+04 -2.265999999999657448e-05
4.600000000000000000e+04 -2.267999999999936950e-05
4.610000000000000000e+04 -2.267999999999936272e-05
4.620000000000000000e+04 -2.270000000000216452e-05
4.630000000000000000e+04 -2.270999999999467835e-05
4.640000000000000000e+04 -2.272000000000495954e-05
4.650000000000000000e+04 -2.275000000000027516e-05
4.660000000000000000e+04 -2.274000000000776133e-05
4.670000000000000000e+04 -2.276999999999418649e-05
4.680000000000000000e+04 -2.276000000000166589e-05
4.690000000000000000e+04 -2.278999999999698151e-05
4.700000000000000000e+04 -2.278999999999698151e-05
4.710000000000000000e+04 -2.279999999999837224e-05
4.720000000000000000e+04 -2.280999999999977653e-05
4.730000000000000000e+04 -2.279999999999837224e-05
4.740000000000000000e+04 -2.283000000000257154e-05
4.750000000000000000e+04 -2.282000000001005094e-05
4.760000000000000000e+04 -2.281999999999229035e-05
4.770000000000000000e+04 -2.283000000000257154e-05
4.780000000000000000e+04 -2.280999999999976975e-05
4.790000000000000000e+04 -2.282999999999369464e-05
4.800000000000000000e+04 -2.282000000000117403e-05
4.810000000000000000e+04 -2.280999999999976975e-05
4.820000000000000000e+04 -2.282000000000117403e-05
4.830000000000000000e+04 -2.279000000000586519e-05
4.840000000000000000e+04 -2.279999999999837902e-05
4.850000000000000000e+04 -2.278999999999698151e-05
4.860000000000000000e+04 -2.278000000000446091e-05
4.870000000000000000e+04 -2.276999999999418649e-05
4.880000000000000000e+04 -2.276000000000166589e-05
4.890000000000000000e+04 -2.276999999999418649e-05
4.900000000000000000e+04 -2.276000000000167266e-05
4.910000000000000000e+04 -2.275000000000915884e-05
4.920000000000000000e+04 -2.276000000000167266e-05
4.930000000000000000e+04 -2.275000000000026838e-05
4.940000000000000000e+04 -2.276999999999418649e-05
4.950000000000000000e+04 -2.275000000000026838e-05
4.960000000000000000e+04 -2.276000000000167266e-05
4.970000000000000000e+04 -2.268999999999189010e-05
4.980000000000000000e+04 -2.261999999999986135e-05
4.990000000000000000e+04 -2.241000000000604162e-05
5.000000000000000000e+04 0.000000000000000000e+00
