2.774032902257833610e-19
1.000000000028874249e-09
-1.000000000306277539e-09
2.774032902257833610e-19
0.000000000000000000e+00
0.000000000000000000e+00
9.999999997514709589e-10
-9.999999997514709589e-10
0.000000000000000000e+00
-2.774032902257833610e-19
2.774032902257833610e-19
1.000000000028874249e-09
-2.774032902257833610e-19
-9.999999997514709589e-10
0.000000000000000000e+00
-2.774032902257833610e-19
2.774032902257833610e-19
0.000000000000000000e+00
-1.000000000028874249e-09
-2.774032902257833610e-19
2.774032902257833610e-19
-1.000000000028874249e-09
-2.774032902257833610e-19
2.774032902257833610e-19
-1.000000000028874249e-09
0.000000000000000000e+00
-2.000000000057748498e-09
0.000000000000000000e+00
0.000000000000000000e+00
-9.999999997514709589e-10
-1.000000000306277539e-09
-1.000000000028874249e-09
2.774032902257833610e-19
-2.000000000057324982e-09
-2.774032902257833610e-19
-9.999999997510474424e-10
-1.000000000028874249e-09
-1.000000000028450733e-09
0.000000000000000000e+00
-2.000000000057324982e-09
-1.000000000028450733e-09
-9.999999997510474424e-10
0.000000000000000000e+00
-1.000000000306277539e-09
-1.999999999779921692e-09
-1.000000000028450733e-09
-1.000000000028450733e-09
-9.999999997510474424e-10
-1.000000000306277539e-09
-2.000000000057324982e-09
0.000000000000000000e+00
-9.999999997510474424e-10
-2.000000000057324982e-09
-1.000000000028450733e-09
-1.000000000028874249e-09
-1.000000000028874249e-09
-2.000000000057324982e-09
0.000000000000000000e+00
-2.000000000057324982e-09
-9.999999997510474424e-10
-1.000000000028874249e-09
-2.000000000057324982e-09
-1.000000000028874249e-09
-1.000000000028874249e-09
-9.999999997510474424e-10
-1.000000000306277539e-09
-1.000000000028874249e-09
-2.000000000057748498e-09
-1.000000000028874249e-09
-9.999999997510474424e-10
-1.000000000028874249e-09
-2.000000000057748498e-09
0.000000000000000000e+00
-2.000000000057748498e-09
-1.000000000028874249e-09
-1.000000000028874249e-09
-1.000000000028874249e-09
-1.999999999779921692e-09
-1.000000000028874249e-09
-1.000000000028874249e-09
-1.000000000028874249e-09
0.000000000000000000e+00
-1.999999999779921692e-09
-1.000000000028874249e-09
-1.000000000028874249e-09
-2.000000000057748498e-09
0.000000000000000000e+00
-2.000000000057748498e-09
-1.000000000028874249e-09
-1.000000000028874249e-09
-1.000000000028874249e-09
-2.000000000057748498e-09
-1.000000000028874249e-09
0.000000000000000000e+00
-2.000000000057748498e-09
-9.999999997510474424e-10
-1.000000000028874249e-09
-1.000000000028874249e-09
-1.000000000028874249e-09
-2.000000000057324982e-09
-1.000000000028874249e-09
-1.000000000028874249e-09
2.778268066994105112e-19
-1.000000000028874249e-09
-2.000000000057324982e-09
0.000000000000000000e+00
-1.000000000028874249e-09
-2.000000000057324982e-09
2.778268066994105112e-19
-2.000000000057324982e-09
0.000000000000000000e+00
-1.000000000028874249e-09
-1.000000000306277539e-09
-1.000000000028874249e-09
2.778268066994105112e-19
-1.000000000028450733e-09
-1.000000000028874249e-09
-1.000000000028450733e-09
-1.000000000028874249e-09
1.389134033497052556e-19
-2.000000000057324982e-09
-1.389134033497052556e-19
-9.999999998899608458e-10
-1.000000000028874249e-09
0.000000000000000000e+00
-1.000000000028874249e-09
-9.999999998899608458e-10
-1.000000000028874249e-09
-1.000000000028874249e-09
0.000000000000000000e+00
-1.000000000028874249e-09
0.000000000000000000e+00
0.000000000000000000e+00
-1.000000000028874249e-09
-9.999999998899608458e-10
-1.000000000028874249e-09
1.000000000028874249e-09
-1.000000000028874249e-09
0.000000000000000000e+00
-1.389134033497052556e-19
1.389134033497052556e-19
-1.000000000028874249e-09
0.000000000000000000e+00
0.000000000000000000e+00
0.000000000000000000e+00
0.000000000000000000e+00
0.000000000000000000e+00
0.000000000000000000e+00
0.000000000000000000e+00
0.000000000000000000e+00
0.000000000000000000e+00
9.999999998899608458e-10
0.000000000000000000e+00
0.000000000000000000e+00
1.389134033497052556e-19
0.000000000000000000e+00
-1.389134033497052556e-19
0.000000000000000000e+00
1.000000000028874249e-09
0.000000000000000000e+00
0.000000000000000000e+00
1.000000000028874249e-09
0.000000000000000000e+00
0.000000000000000000e+00
1.000000000028874249e-09
0.000000000000000000e+00
0.000000000000000000e+00
1.389134033497052556e-19
9.999999998899608458e-10
0.000000000000000000e+00
1.000000000028874249e-09
0.000000000000000000e+00
1.000000000028874249e-09
0.000000000000000000e+00
9.999999998899608458e-10
1.000000000028874249e-09
0.000000000000000000e+00
0.000000000000000000e+00
1.000000000028874249e-09
1.000000000028874249e-09
1.000000000028874249e-09
0.000000000000000000e+00
9.999999998899608458e-10
0.000000000000000000e+00
1.000000000028874249e-09
1.000000000028874249e-09
0.000000000000000000e+00
1.000000000028874249e-09
1.000000000028874249e-09
9.999999998899608458e-10
1.000000000028874249e-09
0.000000000000000000e+00
1.000000000028874249e-09
1.099999999976153961e-09
7.999999999954014219e-10
9.000000000815945372e-10
7.999999998564880186e-10
9.000000000815945372e-10
8.999999999426811339e-10
9.000000000815945372e-10
8.999999999426811339e-10
8.999999999426811339e-10
8.000000001343148253e-10
8.999999999426811339e-10
1.000000000028874249e-09
7.999999999954014219e-10
8.999999999426811339e-10
8.000000001338913088e-10
8.999999999426811339e-10
8.999999999426811339e-10
7.999999999954014219e-10
7.999999999954014219e-10
7.000000000476981935e-10
8.999999999426811339e-10
6.000000001004184816e-10
7.999999999954014219e-10
6.999999999087847902e-10
6.000000001004184816e-10
6.999999999087847902e-10
5.000000000142253663e-10
5.999999999615050783e-10
5.000000000142253663e-10
4.000000000669456544e-10
5.000000000142253663e-10
3.999999999280322511e-10
2.999999999807525391e-10
4.000000000669456544e-10
2.000000000334728272e-10
2.000000000334728272e-10
1.999999998945594239e-10
9.999999994727971193e-11
1.000000000861931153e-10
9.999999994770322840e-11
0.000000000000000000e+00
-9.999999994727971193e-11
1.000000000857695988e-10
-1.000000000861931153e-10
-9.999999994770322840e-11
-2.000000000338963437e-10
-1.000000000861931153e-10
0.000000000000000000e+00
-2.000000000334728272e-10
-9.999999994727971193e-11
-1.000000000861931153e-10
-9.999999980878982505e-11
-1.000000000861931153e-10
-9.999999994727971193e-11
0.000000000000000000e+00
-1.000000000861931153e-10
9.999999994727971193e-11
0.000000000000000000e+00
1.000000000861931153e-10
1.000000000861931153e-10
2.000000000334728272e-10
1.999999998945594239e-10
9.999999994727971193e-11
2.999999999807525391e-10
2.999999999807525391e-10
2.999999999807525391e-10
3.000000001196659425e-10
3.999999999280322511e-10
3.000000001196659425e-10
2.999999999807525391e-10
3.999999999280322511e-10
4.000000000669456544e-10
5.000000000142253663e-10
2.999999999807525391e-10
3.999999999280322511e-10
4.000000000669456544e-10
3.999999999280322511e-10
3.000000001196659425e-10
2.999999999807525391e-10
3.999999999284557675e-10
2.999999999807525391e-10
2.000000000334728272e-10
2.000000000334728272e-10
1.999999998949829403e-10
2.000000000334728272e-10
2.999999999807525391e-10
1.000000000861931153e-10
9.999999994770322840e-11
1.000000000861931153e-10
9.999999994727971193e-11
0.000000000000000000e+00
0.000000000000000000e+00
-9.999999994727971193e-11
0.000000000000000000e+00
-9.999999994727971193e-11
-1.000000002246830022e-10
-1.999999998949829403e-10
-2.000000000338963437e-10
-1.999999998949829403e-10
-2.999999999811760556e-10
-2.999999999811760556e-10
-2.999999999811760556e-10
-4.000000002054355413e-10
-3.999999999284557675e-10
-5.000000000146488828e-10
-5.000000000146488828e-10
-5.999999999619285947e-10
-5.999999999619285947e-10
-5.999999999619285947e-10
-5.999999999619285947e-10
-7.000000000481217100e-10
-7.000000000481217100e-10
-7.000000000476981935e-10
-7.999999999954014219e-10
-7.999999999954014219e-10
-8.999999999426811339e-10
-9.000000000121378355e-10
-7.999999999954014219e-10
-9.000000000121378355e-10
-1.000000000028874249e-09
-7.999999999954014219e-10
-1.000000000028874249e-09
-9.000000000121378355e-10
-9.999999998899608458e-10
-1.000000000028874249e-09
-9.000000000121378355e-10
-1.000000000028874249e-09
-1.100000000045610663e-09
-8.999999999426811339e-10
-1.000000000028874249e-09
-1.099999999976153961e-09
-9.000000000121378355e-10
-9.999999999594175475e-10
-1.000000000028874249e-09
-1.000000000028874249e-09
-8.999999999426811339e-10
-1.100000000045610663e-09
-7.999999999259447203e-10
-1.000000000098330951e-09
-9.000000000117143191e-10
-8.999999999426811339e-10
-8.999999999422576174e-10
-8.000000000644346071e-10
-9.000000000117143191e-10
-7.999999999949779055e-10
-7.000000000476981935e-10
-6.999999999786650083e-10
-6.999999999786650083e-10
-7.000000000481217100e-10
-4.999999998757354795e-10
-7.000000000481217100e-10
-5.000000000146488828e-10
-5.000000000146488828e-10
-4.999999999451921811e-10
-3.000000000502092408e-10
-3.999999999974889527e-10
-2.999999999807525391e-10
-3.000000000502092408e-10
-1.999999999640161255e-10
-1.999999999640161255e-10
-1.000000000167364136e-10
-1.000000000167364136e-10
0.000000000000000000e+00
1.000000000167364136e-10
9.999999994727971193e-11
1.000000000167364136e-10
1.000000000167364136e-10
1.000000000167364136e-10
1.999999999640161255e-10
3.000000000502092408e-10
2.999999999807525391e-10
3.000000000502092408e-10
3.999999999280322511e-10
3.999999999974889527e-10
4.000000000669456544e-10
4.999999999451921811e-10
5.000000000146488828e-10
3.999999999979124692e-10
5.000000000146488828e-10
6.999999999786650083e-10
4.999999999451921811e-10
7.000000000481217100e-10
6.000000000313852964e-10
6.999999999786650083e-10
6.999999999786650083e-10
7.999999999954014219e-10
8.000000000648581236e-10
6.999999999786650083e-10
9.000000000121378355e-10
7.999999999954014219e-10
8.999999999426811339e-10
8.000000000644346071e-10
8.999999999422576174e-10
9.000000000117143191e-10
9.000000000117143191e-10
9.999999999589940310e-10
9.000000000811710207e-10
8.999999999422576174e-10
9.000000000117143191e-10
1.000000000028450733e-09
8.999999999422576174e-10
9.000000000117143191e-10
9.000000000117143191e-10
9.000000000117143191e-10
9.000000000117143191e-10
9.000000000117143191e-10
7.999999999255212038e-10
9.000000000117143191e-10
9.000000000117143191e-10
7.000000000476981935e-10
8.999999999422576174e-10
7.000000000476981935e-10
7.999999999949779055e-10
7.999999999949779055e-10
7.000000000129698427e-10
6.999999999782414919e-10
7.000000000129698427e-10
6.999999999782414919e-10
5.000000000142253663e-10
5.999999999962334291e-10
7.000000000133933592e-10
5.000000000142253663e-10
3.999999999627606019e-10
5.000000000142253663e-10
3.999999999979124692e-10
3.999999999979124692e-10
4.999999999799205320e-10
3.000000000502092408e-10
2.999999999464477048e-10
3.000000000159044064e-10
2.000000000334728272e-10
2.999999999464477048e-10
2.000000000338963437e-10
0.000000000000000000e+00
1.999999999644396420e-10
3.430483436379916373e-20
0.000000000000000000e+00
0.000000000000000000e+00
-9.999999998243157924e-11
-3.430483436379916373e-20
-1.999999999644396420e-10
-1.000000000167364136e-10
-3.000000000159044064e-10
-2.999999999811760556e-10
-3.000000000159044064e-10
-3.999999999979124692e-10
-3.999999999979124692e-10
-5.000000000142253663e-10
-3.999999999627606019e-10
-7.000000000129698427e-10
-6.000000000309617799e-10
-6.999999999782414919e-10
-7.000000000129698427e-10
-7.999999999949779055e-10
-7.999999999949779055e-10
-9.000000000117143191e-10
-8.999999999774094847e-10
-1.100000000010882312e-09
-1.099999999976153961e-09
-1.000000000028874249e-09
-1.199999999975526199e-09
-1.200000000010254550e-09
-1.299999999992262613e-09
-1.300000000026990964e-09
-1.299999999992262613e-09
-1.500000000008371265e-09
-1.399999999991634851e-09
-1.499999999991007089e-09
-1.500000000008371265e-09
-1.499999999991007089e-09
-1.600000000008167019e-09
-1.599999999990802844e-09
-1.600000000008167019e-09
-1.699999999990175082e-09
-1.500000000008794781e-09
-1.699999999990175082e-09
-1.600000000008167019e-09
-1.590000000012973180e-09
-1.619999999979919973e-09
-1.600000000008167019e-09
-1.589999999996032521e-09
-1.570000000006491875e-09
-1.549999999982222879e-09
-1.540000000013287061e-09
-1.500000000008371265e-09
-1.469999999989755462e-09
-1.440000000005444493e-09
-1.419999999998539672e-09
-1.369999999998853553e-09
-1.340000000005648739e-09
-1.289999999997492290e-09
-1.250000000001470340e-09
-1.189999999998120052e-09
-1.159999999996868424e-09
-1.090000000007218143e-09
-1.039999999994403013e-09
-9.600000000019355962e-10
-9.199999999970198000e-10
-8.400000000003172182e-10
-7.800000000012020950e-10
-6.899999999966001797e-10
-6.300000000025672542e-10
-5.400000000017769872e-10
-4.499999999992926542e-10
-3.839999999983178430e-10
-2.910000000006211383e-10
-2.070000000004200099e-10
-1.187800000001574510e-10
-2.721999999963752438e-11
6.299999999856265953e-11
1.550000000019492328e-10
2.499999999984305955e-10
3.400000000013384449e-10
4.200000000001586091e-10
4.999999999968611909e-10
6.000000000051272750e-10
6.699999999990127210e-10
7.699999999983849592e-10
8.499999999993227058e-10
9.300000000006839688e-10
1.009999999997386551e-09
1.080000000003977491e-09
1.170000000000109077e-09
1.250000000001470340e-09
1.310000000004397111e-09
1.389999999996864528e-09
1.459999999994985139e-09
1.530000000001576079e-09
1.590000000004502850e-09
1.669999999997393784e-09
1.729999999999897039e-09
1.769999999996342506e-09
1.840000000011403775e-09
1.879999999982014737e-09
1.919999999995824379e-09
1.970000000003980828e-09
1.990000000010885649e-09
2.030000000006907599e-09
2.119999999994568856e-09
2.000000000005655972e-09
2.099999999987664035e-09
2.000000000005655972e-09
2.199999999987036273e-09
2.100000000022392386e-09
2.199999999987036273e-09
2.000000000005655972e-09
2.200000000004400448e-09
2.099999999987664035e-09
2.100000000005028210e-09
2.100000000005028210e-09
2.200000000004400448e-09
1.999999999987868280e-09
2.100000000004604694e-09
2.100000000004604694e-09
2.100000000004604694e-09
2.099999999987240518e-09
2.100000000004604694e-09
1.999999999987868280e-09
2.000000000022596631e-09
1.999999999987868280e-09
1.999999999987868280e-09
1.900000000005860217e-09
1.999999999987868280e-09
1.900000000005860217e-09
1.900000000005860217e-09
1.800000000023852155e-09
1.899999999971555383e-09
1.800000000023852155e-09
1.799999999989123804e-09
1.799999999989547320e-09
1.799999999989547320e-09
1.700000000007539257e-09
1.700000000007539257e-09
1.800000000024275671e-09
1.599999999956074493e-09
1.600000000025531195e-09
1.699999999972810907e-09
1.700000000042267608e-09
1.699999999972810907e-09
1.600000000025107678e-09
1.599999999990379327e-09
1.600000000025107678e-09
1.699999999972387390e-09
1.700000000007115741e-09
1.500000000008371265e-09
1.700000000007115741e-09
1.699999999972387390e-09
1.500000000008371265e-09
1.800000000023852155e-09
1.599999999955650977e-09
1.600000000025107678e-09
1.700000000007115741e-09
1.599999999990379327e-09
1.599999999990379327e-09
1.700000000007115741e-09
1.599999999990379327e-09
1.600000000025107678e-09
1.699999999972387390e-09
1.500000000008371265e-09
1.599999999990379327e-09
1.600000000025107678e-09
1.599999999990379327e-09
1.499999999973642914e-09
1.600000000025107678e-09
1.500000000008371265e-09
1.599999999990379327e-09
1.599999999990379327e-09
1.399999999957330017e-09
1.600000000059836029e-09
1.399999999956906500e-09
1.500000000043099615e-09
1.599999999990379327e-09
1.400000000026363202e-09
1.499999999973642914e-09
1.400000000026363202e-09
1.399999999956906500e-09
1.400000000026363202e-09
1.399999999956906500e-09
1.300000000079083490e-09
1.299999999940170087e-09
1.300000000009626788e-09
1.199999999992890375e-09
1.199999999992890375e-09
1.099999999976153961e-09
1.000000000028874249e-09
9.000000000121378355e-10
9.000000000121378355e-10
7.999999999954014219e-10
7.000000000481217100e-10
5.999999998924718931e-10
5.000000000841055845e-10
2.999999999811760556e-10
2.999999999811760556e-10
1.999999999644396420e-10
0.000000000000000000e+00
6.945670167485262780e-20
-2.000000000334728272e-10
-2.999999999807525391e-10
-5.000000000841055845e-10
-4.999999998757354795e-10
-6.000000000313852964e-10
-8.000000000648581236e-10
-8.999999999426811339e-10
-9.000000000121378355e-10
-1.199999999992890375e-09
-1.300000000079083490e-09
-1.399999999956906500e-09
-1.499999999974066430e-09
-1.599999999990802844e-09
-1.800000000024275671e-09
-1.899999999971555383e-09
-1.999999999988291797e-09
-2.200000000021764624e-09
-2.300000000038501037e-09
-2.399999999985780749e-09
-2.599999999949796875e-09
-2.700000000035989990e-09
-2.799999999983269702e-09
-3.000000000016742529e-09
-3.199999999980758655e-09
-3.200000000050215356e-09
-3.499999999961934710e-09
-3.599999999978671124e-09
-3.699999999995407538e-09
-3.900000000028880365e-09
-4.099999999992896490e-09
-4.200000000010056420e-09
-4.499999999990808959e-09
-4.499999999990808959e-09
-4.700000000024281787e-09
-5.000000000005034326e-09
-4.999999999935577624e-09
-5.300000000055243567e-09
-5.400000000002523279e-09
-5.499999999950226507e-09
-5.900000000017172161e-09
-6.000000000033908575e-09
-6.099999999981188287e-09
-6.300000000014661114e-09
-6.599999999995413653e-09
-6.599999999995413653e-09
-6.900000000046046410e-09
-7.199999999957342248e-09
-7.300000000043535363e-09
-7.499999999938094787e-09
-7.600000000024287902e-09
-7.900000000005040441e-09
-8.000000000021776855e-09
-8.399999999949809106e-09
-8.400000000019265808e-09
-8.599999999983705450e-09
-8.800000000017178277e-09
-8.999999999981194403e-09
-9.100000000067387518e-09
-9.499999999995843285e-09
-9.599999999943122997e-09
-9.600000000012579699e-09
-9.999999999940611950e-09
-1.000000000007910184e-08
-1.029999999999082119e-08
-1.039999999986864420e-08
-1.060000000011048713e-08
-1.080000000000547007e-08
-1.090000000009123967e-08
-1.099999999990002950e-08
-1.119999999993350232e-08
-1.140000000010546504e-08
-1.139999999996697515e-08
-1.160000000000044798e-08
-1.180000000003392081e-08
-1.189999999998120052e-08
-1.189999999998162403e-08
-1.219999999996237657e-08
-1.210000000015358675e-08
-1.229999999990965629e-08
-1.239999999999584940e-08
-1.239999999999542588e-08
-1.259999999989040882e-08
-1.250000000008161900e-08
-1.270000000011551534e-08
-1.279999999992388165e-08
-1.280000000006279506e-08
-1.279999999992388165e-08
-1.290000000001007477e-08
-1.290000000001007477e-08
-1.309999999990505771e-08
-1.290000000014856465e-08
-1.309999999990505771e-08
-1.319999999999125082e-08
-1.310000000004354759e-08
-1.309999999990463419e-08
-1.300000000009626788e-08
-1.319999999999082731e-08
-1.309999999990463419e-08
-1.300000000009626788e-08
-1.299999999995735448e-08
-1.269999999997660194e-08
-1.270000000011551534e-08
-1.239999999999584940e-08
-1.210000000001467335e-08
-1.179999999989500740e-08
-1.140000000010588856e-08
-1.089999999995274979e-08
-1.029999999999082119e-08
-9.699999999890402709e-09
-8.999999999981194403e-09
-8.100000000038513269e-09
-7.100000000010062536e-09
-6.099999999981188287e-09
-4.900000000057754614e-09
-3.499999999961934710e-09
-2.100000000004604694e-09
-7.000000000481217100e-10
1.000000000028874249e-09
2.600000000019253577e-09
4.599999999938088671e-09
6.200000000067381402e-09
8.199999999847303094e-09
1.010000000009626177e-08
1.210000000001509686e-08
1.399999999984731532e-08
1.580000000001050440e-08
1.770000000012054967e-08
1.929999999997243911e-08
2.100000000004901155e-08
2.260000000003939088e-08
2.399999999999629738e-08
2.519999999991973105e-08
2.630000000003479842e-08
2.719999999997747955e-08
2.789999999988626434e-08
2.840000000003982663e-08
2.860000000007329945e-08
2.869999999988166576e-08
2.860000000007329945e-08
2.820000000014484369e-08
2.749999999995823209e-08
2.669999999996283067e-08
2.570000000007286982e-08
2.459999999995822597e-08
2.329999999994817567e-08
2.180000000004398946e-08
2.030000000000088984e-08
1.859999999992431740e-08
1.700000000007242796e-08
1.519999999991008592e-08
1.340000000002430013e-08
1.150000000005316827e-08
9.799999999976595824e-09
8.100000000038513269e-09
6.300000000014661114e-09
4.599999999938088671e-09
3.100000000033478943e-09
1.599999999990379327e-09
2.000000000334728272e-10
-1.199999999923433673e-09
-2.300000000176990924e-09
-3.299999999928038367e-09
-4.200000000009632904e-09
-5.100000000090803925e-09
-5.899999999947715460e-09
-6.300000000014237598e-09
-7.000000000062782824e-09
-7.299999999904621960e-09
-7.799999999918847326e-09
-7.900000000005040441e-09
-8.300000000071986096e-09
-8.299999999933072693e-09
-8.400000000019265808e-09
-8.499999999966969036e-09
-8.500000000105458923e-09
-8.499999999966969036e-09
-8.399999999880775921e-09
-8.400000000158179211e-09
-8.199999999985792981e-09
-7.499999999938094787e-09
-7.999999999952320153e-09
-8.999999999981194403e-09
-7.000000000201272711e-09
-7.999999999952320153e-09
-7.999999999952320153e-09
-6.999999999923445904e-09
-7.999999999952743670e-09
-7.000000000201272711e-09
-5.999999999894995172e-09
-8.000000000091233557e-09
-6.999999999923869421e-09
-7.000000000062782824e-09
-6.000000000033908575e-09
-6.999999999923869421e-09
-5.999999999894995172e-09
-6.000000000033908575e-09
-7.000000000062782824e-09
-6.000000000033908575e-09
-5.999999999894995172e-09
-6.000000000033908575e-09
-6.000000000033908575e-09
-5.000000000005034326e-09
-5.999999999894995172e-09
-7.000000000062359308e-09
-5.000000000005034326e-09
-6.000000000033485058e-09
-5.000000000005034326e-09
-6.000000000033485058e-09
-5.000000000005034326e-09
-5.000000000005034326e-09
-5.999999999894995172e-09
-5.000000000143947729e-09
-4.999999999866544439e-09
-5.000000000143947729e-09
-5.999999999894995172e-09
-5.000000000005034326e-09
-5.000000000005034326e-09
-5.000000000005034326e-09
-6.000000000033908575e-09
-3.999999999837246673e-09
-5.000000000143947729e-09
-6.000000000033908575e-09
-3.999999999976160077e-09
-5.999999999894995172e-09
-5.000000000005034326e-09
-4.000000000115073480e-09
-5.999999999894995172e-09
-5.000000000005034326e-09
-5.000000000005034326e-09
-5.000000000005034326e-09
-5.000000000005034326e-09
-5.000000000143947729e-09
-4.999999999866120922e-09
-6.000000000033908575e-09
-5.000000000005034326e-09
-5.000000000005034326e-09
-5.000000000005034326e-09
-6.000000000033908575e-09
-3.999999999976160077e-09
-5.000000000005034326e-09
-5.999999999894995172e-09
-5.000000000005034326e-09
-6.000000000033908575e-09
-5.000000000005034326e-09
-6.000000000033908575e-09
-5.000000000005034326e-09
-5.999999999894995172e-09
-5.000000000005034326e-09
-6.000000000033908575e-09
-5.000000000005034326e-09
-6.000000000033908575e-09
-5.000000000143947729e-09
-6.999999999784956017e-09
-5.000000000143947729e-09
-5.999999999894995172e-09
-6.000000000033908575e-09
-5.000000000005034326e-09
-6.000000000172398462e-09
-5.999999999617168365e-09
-6.000000000172398462e-09
-5.999999999894995172e-09
-6.000000000172821978e-09
-5.999999999894995172e-09
-6.000000000172821978e-09
-5.999999999894995172e-09
-4.999999999866120922e-09
-6.000000000172821978e-09
-5.999999999894995172e-09
-6.000000000172821978e-09
-5.999999999894995172e-09
-5.999999999894995172e-09
-6.000000000172821978e-09
-5.999999999894995172e-09
-5.000000000143947729e-09
-5.999999999894995172e-09
-6.000000000172821978e-09
-5.999999999894995172e-09
-4.999999999866544439e-09
-6.000000000172821978e-09
-5.999999999894995172e-09
-4.999999999866120922e-09
-5.000000000143947729e-09
-5.999999999894995172e-09
-5.000000000143947729e-09
-5.999999999894995172e-09
-5.999999999894995172e-09
-5.000000000143947729e-09
-5.000000000143524213e-09
-5.999999999894995172e-09
-4.999999999866120922e-09
-6.000000000172398462e-09
-5.000000000143524213e-09
-4.999999999866120922e-09
-4.999999999866120922e-09
-5.000000000143524213e-09
-5.999999999894995172e-09
-4.000000000115073480e-09
-5.000000000143524213e-09
-4.999999999588717632e-09
-5.000000000143524213e-09
-5.000000000143947729e-09
-3.999999999837670190e-09
-5.000000000143947729e-09
-5.000000000143947729e-09
-3.999999999837670190e-09
-4.999999999866120922e-09
-3.999999999837670190e-09
-5.000000000143947729e-09
-4.000000000115073480e-09
-4.999999999866544439e-09
-4.000000000115073480e-09
-3.999999999837670190e-09
-4.000000000115073480e-09
-4.000000000115073480e-09
-3.999999999837670190e-09
-3.000000000086199231e-09
-4.999999999866120922e-09
-4.000000000115073480e-09
-3.000000000086199231e-09
-3.999999999837246673e-09
-3.000000000086199231e-09
-2.999999999808795941e-09
-4.000000000115073480e-09
-3.000000000086199231e-09
-4.000000000115073480e-09
-3.000000000086199231e-09
-2.999999999808372424e-09
-3.000000000086199231e-09
-1.999999999779921692e-09
-3.000000000086199231e-09
-2.999999999808795941e-09
-3.000000000364026038e-09
-1.999999999779921692e-09
-3.000000000086199231e-09
-2.000000000057324982e-09
-2.999999999808372424e-09
-1.000000000306277539e-09
-2.999999999808372424e-09
-2.000000000057324982e-09
-9.999999997514709589e-10
-3.000000000086199231e-09
-1.000000000306277539e-09
-9.999999997514709589e-10
-3.000000000086199231e-09
-1.000000000028874249e-09
-1.000000000028874249e-09
-9.999999997514709589e-10
-1.000000000028874249e-09
-1.000000000306277539e-09
-1.999999999779921692e-09
-1.000000000028874249e-09
-1.000000000028874249e-09
1.000000000028874249e-09
-1.000000000028874249e-09
-9.999999997514709589e-10
-1.000000000306277539e-09
0.000000000000000000e+00
-9.999999997514709589e-10
-2.774032902257833610e-19
-1.000000000028874249e-09
1.000000000306277539e-09
-1.000000000306277539e-09
0.000000000000000000e+00
2.774032902257833610e-19
0.000000000000000000e+00
-2.774032902257833610e-19
2.774032902257833610e-19
0.000000000000000000e+00
-2.774032902257833610e-19
-9.999999997514709589e-10
1.000000000028874249e-09
0.000000000000000000e+00
