0.000000000000000000e+00
1.000000000028874249e-09
0.000000000000000000e+00
0.000000000000000000e+00
-1.000000000028874249e-09
2.774032902257833610e-19
9.999999997514709589e-10
0.000000000000000000e+00
2.774032902257833610e-19
-1.000000000306277539e-09
0.000000000000000000e+00
1.000000000306277539e-09
-2.774032902257833610e-19
-1.000000000028874249e-09
2.774032902257833610e-19
-2.774032902257833610e-19
-1.000000000028874249e-09
2.774032902257833610e-19
0.000000000000000000e+00
-1.000000000306277539e-09
0.000000000000000000e+00
-9.999999997514709589e-10
-2.774032902257833610e-19
0.000000000000000000e+00
-9.999999997514709589e-10
0.000000000000000000e+00
-2.000000000057748498e-09
0.000000000000000000e+00
0.000000000000000000e+00
-1.000000000028874249e-09
-1.000000000028874249e-09
-1.000000000028874249e-09
0.000000000000000000e+00
-9.999999997510474424e-10
-1.000000000306277539e-09
-1.000000000028450733e-09
2.774032902257833610e-19
-2.000000000057324982e-09
-2.774032902257833610e-19
-9.999999997510474424e-10
-1.000000000028450733e-09
-2.000000000057324982e-09
2.774032902257833610e-19
-1.000000000306277539e-09
-1.000000000028450733e-09
-9.999999997510474424e-10
-2.000000000057324982e-09
-1.000000000028450733e-09
-1.000000000028874249e-09
-2.000000000057324982e-09
-1.000000000028450733e-09
-1.000000000028450733e-09
-1.999999999779921692e-09
-1.000000000028450733e-09
-2.000000000057324982e-09
-1.000000000028874249e-09
-1.000000000028874249e-09
-1.000000000028450733e-09
-2.000000000057324982e-09
-1.999999999779921692e-09
-1.000000000028874249e-09
-2.000000000057324982e-09
-2.000000000057324982e-09
-9.999999997510474424e-10
-2.000000000057324982e-09
-1.000000000306277539e-09
-2.000000000057324982e-09
-1.999999999779921692e-09
-1.000000000028874249e-09
-2.000000000057324982e-09
-2.000000000057748498e-09
-2.000000000057748498e-09
-9.999999997510474424e-10
-2.000000000057748498e-09
-2.000000000057748498e-09
-2.000000000057748498e-09
-1.000000000028874249e-09
-2.000000000057748498e-09
-1.999999999779921692e-09
-1.000000000028874249e-09
-2.000000000057748498e-09
-1.000000000028874249e-09
-1.999999999779921692e-09
-2.000000000057748498e-09
-1.000000000028874249e-09
-2.000000000057748498e-09
-1.000000000028874249e-09
-2.000000000057748498e-09
-1.999999999780345208e-09
-1.000000000028874249e-09
-2.000000000057748498e-09
-2.000000000057748498e-09
-1.000000000028874249e-09
-1.000000000028874249e-09
-2.000000000057748498e-09
-9.999999997510474424e-10
-2.000000000057748498e-09
-2.000000000057748498e-09
-1.000000000028874249e-09
-3.000000000086199231e-09
-1.000000000028874249e-09
-2.000000000057748498e-09
-9.999999997510474424e-10
-2.000000000057748498e-09
-2.000000000057324982e-09
-2.000000000057748498e-09
-1.000000000028874249e-09
-3.000000000086199231e-09
-9.999999997510474424e-10
-3.000000000086199231e-09
-1.000000000028874249e-09
-1.999999999780345208e-09
-2.000000000057324982e-09
-2.000000000057748498e-09
-9.999999997510474424e-10
-3.000000000086199231e-09
-1.000000000167787652e-09
-3.000000000086199231e-09
-1.000000000028874249e-09
-1.999999999779921692e-09
-2.000000000057324982e-09
-1.000000000167787652e-09
-1.999999999779921692e-09
-1.000000000028874249e-09
-2.000000000057748498e-09
-1.000000000028874249e-09
-1.999999999918835095e-09
-1.000000000028874249e-09
-2.000000000057748498e-09
-9.999999998899608458e-10
-1.000000000028874249e-09
0.000000000000000000e+00
-1.000000000028874249e-09
-1.000000000028874249e-09
-9.999999998899608458e-10
-1.000000000028874249e-09
-1.389134033497052556e-19
0.000000000000000000e+00
0.000000000000000000e+00
-1.000000000028874249e-09
1.000000000167787652e-09
-1.000000000028874249e-09
0.000000000000000000e+00
1.000000000028874249e-09
-1.000000000028874249e-09
9.999999998899608458e-10
0.000000000000000000e+00
1.000000000028874249e-09
0.000000000000000000e+00
1.000000000028874249e-09
0.000000000000000000e+00
9.999999998899608458e-10
0.000000000000000000e+00
1.000000000028874249e-09
1.389134033497052556e-19
1.000000000028874249e-09
9.999999998899608458e-10
1.000000000028874249e-09
9.999999998899608458e-10
1.000000000028874249e-09
0.000000000000000000e+00
1.000000000028874249e-09
2.000000000057748498e-09
0.000000000000000000e+00
2.000000000057748498e-09
1.000000000028874249e-09
0.000000000000000000e+00
1.999999999918835095e-09
9.999999998899608458e-10
1.000000000028874249e-09
1.000000000028874249e-09
2.000000000057748498e-09
1.000000000028874249e-09
1.000000000028874249e-09
1.999999999918835095e-09
1.000000000028874249e-09
1.000000000028874249e-09
1.000000000028874249e-09
1.999999999918835095e-09
1.000000000028874249e-09
2.000000000057748498e-09
9.999999998899608458e-10
1.999999999918835095e-09
1.389134033497052556e-19
2.000000000057748498e-09
1.999999999779921692e-09
1.000000000028874249e-09
1.000000000167787652e-09
2.000000000057748498e-09
9.999999998899608458e-10
2.000000000057748498e-09
0.000000000000000000e+00
1.999999999918835095e-09
1.200000000062347076e-09
1.300000000009626788e-09
1.300000000009626788e-09
1.099999999837240558e-09
1.200000000062347076e-09
1.000000000028874249e-09
1.200000000062347076e-09
9.999999998899608458e-10
1.000000000028874249e-09
9.000000000815945372e-10
8.999999999426811339e-10
7.999999999949779055e-10
7.999999999954014219e-10
7.000000000481217100e-10
5.999999999619285947e-10
7.000000000476981935e-10
5.999999999615050783e-10
5.000000000142253663e-10
3.999999999280322511e-10
2.999999999807525391e-10
4.000000000669456544e-10
2.999999999807525391e-10
2.000000000334728272e-10
2.999999999807525391e-10
1.000000000861931153e-10
9.999999994727971193e-11
9.999999994727971193e-11
9.999999994727971193e-11
1.000000000861931153e-10
-9.999999994727971193e-11
9.999999994727971193e-11
-1.389134033497052556e-19
1.389134033497052556e-19
1.000000000861931153e-10
0.000000000000000000e+00
9.999999994727971193e-11
9.999999994727971193e-11
9.999999994727971193e-11
1.000000000861931153e-10
1.999999998949829403e-10
2.000000000334728272e-10
3.000000001196659425e-10
2.999999999807525391e-10
3.999999999280322511e-10
4.000000000669456544e-10
3.999999999280322511e-10
5.000000000146488828e-10
5.999999999619285947e-10
5.000000000146488828e-10
7.000000000481217100e-10
6.999999999092083067e-10
7.000000001866115969e-10
7.999999998564880186e-10
7.000000000481217100e-10
1.000000000028874249e-09
7.999999998564880186e-10
9.000000000815945372e-10
8.999999999426811339e-10
1.000000000167787652e-09
9.999999998899608458e-10
1.000000000028874249e-09
9.999999998899608458e-10
1.000000000028874249e-09
1.000000000028874249e-09
1.000000000028874249e-09
1.000000000028874249e-09
9.000000000815945372e-10
9.999999998899608458e-10
7.999999999954014219e-10
7.999999999949779055e-10
7.999999999949779055e-10
7.000000000476981935e-10
6.999999999087847902e-10
6.000000001004184816e-10
5.000000000142253663e-10
4.999999998753119630e-10
2.999999999807525391e-10
3.000000001196659425e-10
2.000000000334728272e-10
1.999999998949829403e-10
1.000000000861931153e-10
-2.000000000334728272e-10
-9.999999994727971193e-11
-2.000000001719627141e-10
-2.999999998422626523e-10
-3.000000001196659425e-10
-4.999999998757354795e-10
-6.000000001004184816e-10
-6.999999999092083067e-10
-5.999999999619285947e-10
-9.000000000811710207e-10
-7.999999999954014219e-10
-1.000000000028874249e-09
-1.000000000028874249e-09
-1.099999999837240558e-09
-1.100000000114643848e-09
-1.300000000009626788e-09
-1.199999999923857189e-09
-1.200000000062347076e-09
-1.399999999956906500e-09
-1.399999999957330017e-09
-1.399999999957330017e-09
-1.500000000181589502e-09
-1.399999999957330017e-09
-1.500000000043523132e-09
-1.399999999957330017e-09
-1.599999999990802844e-09
-1.499999999904609729e-09
-1.400000000095819904e-09
-1.499999999904609729e-09
-1.400000000095819904e-09
-1.399999999957330017e-09
-1.300000000148116675e-09
-1.399999999957330017e-09
-1.300000000009626788e-09
-1.199999999923433673e-09
-1.300000000009626788e-09
-1.099999999976153961e-09
-1.099999999976153961e-09
-1.100000000045610663e-09
-9.000000000121378355e-10
-1.000000000028874249e-09
-9.000000000121378355e-10
-7.999999999259447203e-10
-9.000000000121378355e-10
-6.000000000313852964e-10
-6.999999999786650083e-10
-7.000000000481217100e-10
-5.999999999619285947e-10
-5.000000000146488828e-10
-5.999999999619285947e-10
-3.999999999974889527e-10
-5.000000000142253663e-10
-5.000000000142253663e-10
-5.000000000142253663e-10
-2.999999999112958375e-10
-5.000000000836820680e-10
-3.999999999280322511e-10
-5.000000000836820680e-10
-3.999999999974889527e-10
-2.999999999807525391e-10
-5.999999999615050783e-10
-3.999999999974889527e-10
-5.000000000142253663e-10
-5.000000000142253663e-10
-5.000000000142253663e-10
-5.000000000146488828e-10
-5.999999999619285947e-10
-6.000000000313852964e-10
-4.999999999451921811e-10
-7.000000000481217100e-10
-6.000000000313852964e-10
-5.999999999619285947e-10
-6.999999999786650083e-10
-6.000000000313852964e-10
-5.999999999619285947e-10
-6.000000000313852964e-10
-6.999999999786650083e-10
-6.000000000313852964e-10
-5.999999999619285947e-10
-5.000000000146488828e-10
-5.999999999619285947e-10
-5.000000000142253663e-10
-3.999999999974889527e-10
-3.000000000502092408e-10
-3.999999999974889527e-10
-2.999999999807525391e-10
-2.999999999807525391e-10
-1.000000000167364136e-10
-1.000000000167364136e-10
0.000000000000000000e+00
1.000000000167364136e-10
2.000000000334728272e-10
1.999999999640161255e-10
3.000000000502092408e-10
3.999999999284557675e-10
5.000000000146488828e-10
5.000000000146488828e-10
5.999999999619285947e-10
7.999999999954014219e-10
7.999999999954014219e-10
9.000000000121378355e-10
9.000000000121378355e-10
1.100000000045610663e-09
1.099999999976153961e-09
1.199999999992890375e-09
1.200000000062347076e-09
1.299999999940170087e-09
1.300000000009626788e-09
1.400000000026363202e-09
1.499999999973642914e-09
1.400000000026363202e-09
1.499999999973642914e-09
1.499999999973642914e-09
1.499999999973642914e-09
1.599999999990379327e-09
1.600000000059836029e-09
1.500000000043099615e-09
1.399999999956906500e-09
1.599999999990379327e-09
1.400000000026363202e-09
1.499999999973642914e-09
1.400000000026363202e-09
1.299999999940170087e-09
1.300000000009626788e-09
1.300000000009626788e-09
1.099999999976153961e-09
1.100000000045187146e-09
1.099999999975730445e-09
9.000000000117143191e-10
9.000000000117143191e-10
7.999999999949779055e-10
7.000000000129698427e-10
7.000000000129698427e-10
4.999999999794970155e-10
3.999999999974889527e-10
2.999999999807525391e-10
2.000000000334728272e-10
-3.472835083742631390e-20
0.000000000000000000e+00
-9.999999998200806276e-11
-1.999999999987444764e-10
-3.999999999974889527e-10
-5.000000000142253663e-10
-5.999999999962334291e-10
-6.999999999782414919e-10
-8.000000000297062563e-10
-9.999999999594175475e-10
-1.100000000045187146e-09
-1.099999999976153961e-09
-1.300000000009626788e-09
-1.300000000009626788e-09
-1.499999999973642914e-09
-1.600000000025107678e-09
-1.599999999990379327e-09
-1.799999999989547320e-09
-1.799999999989547320e-09
-1.900000000006283734e-09
-1.999999999988291797e-09
-2.000000000022596631e-09
-2.199999999987036273e-09
-2.100000000004604694e-09
-2.300000000038501037e-09
-2.199999999987036273e-09
-2.299999999969044336e-09
-2.400000000020509100e-09
-2.299999999969044336e-09
-2.400000000020085584e-09
-2.300000000003349170e-09
-2.500000000002517163e-09
-2.300000000003349170e-09
-2.399999999985357233e-09
-2.400000000020509100e-09
-2.300000000003349170e-09
-2.300000000003772687e-09
-2.399999999985780749e-09
-2.199999999987036273e-09
-2.300000000003772687e-09
-2.199999999987036273e-09
-2.100000000022392386e-09
-2.099999999987664035e-09
-2.000000000005655972e-09
-1.999999999988291797e-09
-1.900000000023647909e-09
-1.899999999988919558e-09
-1.800000000006487979e-09
-1.799999999989547320e-09
-1.500000000008371265e-09
-1.600000000007743503e-09
-1.499999999991007089e-09
-1.399999999991634851e-09
-1.299999999992262613e-09
-1.300000000026990964e-09
-1.099999999993518136e-09
-8.999999999947736601e-10
-9.999999999941458983e-10
-8.000000000127655973e-10
-8.100000000071124037e-10
-6.499999999700850433e-10
-5.600000000175756542e-10
-4.699999999956095634e-10
-3.600000000014670024e-10
-2.599999999847305888e-10
-1.800000000092038307e-10
-7.000000000659094019e-11
1.999999999801097515e-11
1.100000000026128905e-10
1.900000000039741535e-10
2.899999999948760622e-10
3.699999999962373253e-10
4.600000000008392406e-10
5.299999999985363348e-10
6.300000000063789025e-10
7.099999999992698361e-10
7.900000000006310991e-10
8.699999999977571974e-10
9.499999999986949439e-10
1.020000000001050719e-09
1.100000000001988466e-09
1.189999999998120052e-09
1.260000000000475827e-09
1.330000000000290504e-09
1.419999999998539672e-09
1.510000000001024005e-09
1.568000000001354470e-09
1.654999999999309069e-09
1.729999999999897039e-09
1.806379999999561720e-09
1.879620000000541564e-09
1.951999999999248797e-09
2.023999999999542197e-09
2.095000000000866785e-09
2.159999999999484652e-09
2.220000000000293841e-09
2.290000000000108518e-09
2.360000000002464293e-09
2.419999999996920735e-09
2.500000000002517163e-09
2.559999999996973605e-09
2.610000000000894889e-09
2.689999999998020987e-09
2.739999999997707106e-09
2.800000000009527723e-09
2.859999999995513836e-09
2.910000000003670284e-09
2.959999999994462558e-09
3.019999999997812845e-09
3.060000000002728642e-09
3.110000000002414761e-09
3.160000000002100880e-09
3.209999999992893153e-09
3.240000000011932472e-09
3.279999999990590247e-09
3.309999999992688908e-09
3.329999999999593729e-09
3.360000000000845356e-09
3.390000000002520500e-09
3.420000000004195644e-09
3.430000000016330142e-09
3.399999999997290823e-09
3.499999999996663061e-09
3.399999999997290823e-09
3.499999999996663061e-09
3.400000000014654998e-09
3.499999999996663061e-09
3.399999999997290823e-09
3.399999999997290823e-09
3.399999999997290823e-09
3.399999999979926648e-09
3.300000000014859244e-09
3.399999999996867307e-09
3.099999999998750592e-09
3.299999999997495068e-09
3.100000000016114767e-09
3.199999999998122830e-09
3.099999999981386417e-09
2.900000000017370291e-09
2.900000000000006116e-09
2.799999999983269702e-09
2.800000000017998053e-09
2.599999999984525226e-09
2.500000000002517163e-09
2.400000000020085584e-09
2.299999999968620819e-09
2.199999999986612756e-09
2.000000000057324982e-09
1.999999999953563446e-09
1.800000000023852155e-09
1.600000000025107678e-09
1.599999999990802844e-09
1.399999999992058367e-09
1.199999999992890375e-09
1.199999999992890375e-09
1.000000000028874249e-09
7.999999999606730711e-10
7.000000000133933592e-10
5.999999999966569456e-10
5.000000000146488828e-10
3.999999999631841184e-10
3.000000000154808900e-10
1.000000000167364136e-10
0.000000000000000000e+00
-1.000000000167364136e-10
3.472835083742631390e-20
-3.000000000154808900e-10
-2.999999999807525391e-10
-3.000000000154808900e-10
-3.999999999974889527e-10
-3.999999999974889527e-10
-5.999999999966569456e-10
-5.000000000142253663e-10
-6.999999999786650083e-10
-5.000000000146488828e-10
-7.999999999954014219e-10
-5.999999999966569456e-10
-8.000000000301297728e-10
-6.999999999786650083e-10
-7.000000000133933592e-10
-7.999999999954014219e-10
-7.000000000133933592e-10
-6.999999999786650083e-10
-7.000000000133933592e-10
-7.999999999954014219e-10
-7.999999999954014219e-10
-6.999999999786650083e-10
-7.999999999954014219e-10
-6.999999999786650083e-10
-7.000000001171548952e-10
-6.999999999786650083e-10
-7.999999999954014219e-10
-7.999999999954014219e-10
-7.999999999259447203e-10
-7.999999999954014219e-10
-7.999999999954014219e-10
-7.999999999954014219e-10
-1.000000000028874249e-09
-9.000000000121378355e-10
-1.000000000028874249e-09
-9.999999999594175475e-10
-1.100000000045610663e-09
-1.100000000045610663e-09
-1.299999999940170087e-09
-1.199999999992890375e-09
-1.400000000026363202e-09
-1.499999999973642914e-09
-1.499999999973642914e-09
-1.600000000059836029e-09
-1.599999999920922626e-09
-1.800000000023852155e-09
-1.800000000093308856e-09
-2.099999999935147992e-09
-1.999999999987868280e-09
-2.100000000004604694e-09
-2.200000000021341107e-09
-2.300000000038501037e-09
-2.399999999916324048e-09
-2.600000000019253577e-09
-2.600000000019253577e-09
-2.700000000035989990e-09
-2.799999999913813000e-09
-2.900000000000006116e-09
-3.100000000033478943e-09
-3.199999999980758655e-09
-3.199999999980758655e-09
-3.500000000030967896e-09
-3.600000000047704309e-09
-3.699999999994984021e-09
-3.899999999959847180e-09
-3.900000000028880365e-09
-4.300000000026792834e-09
-4.399999999974072546e-09
-4.499999999990808959e-09
-4.799999999971561499e-09
-5.100000000021770739e-09
-5.099999999952314038e-09
-5.400000000002523279e-09
-5.600000000035996106e-09
-5.800000000000012231e-09
-6.100000000050221472e-09
-6.299999999945204412e-09
-6.500000000048133941e-09
-6.899999999907133007e-09
-7.000000000062782824e-09
-7.199999999957342248e-09
-7.600000000024287902e-09
-7.799999999988304028e-09
-8.000000000022200372e-09
-8.400000000019689324e-09
-8.499999999966969036e-09
-8.800000000017178277e-09
-9.099999999997930816e-09
-9.299999999962370458e-09
-9.600000000012579699e-09
-9.899999999993332238e-09
-9.899999999993332238e-09
-1.029999999999082119e-08
-1.060000000004103043e-08
-1.069999999998873366e-08
-1.090000000002220649e-08
-1.120000000000295903e-08
-1.120000000000295903e-08
-1.160000000000087150e-08
-1.170000000001718439e-08
-1.180000000003434432e-08
-1.199999999992890375e-08
-1.200000000006739363e-08
-1.229999999997868947e-08
-1.239999999999542588e-08
-1.249999999994312911e-08
-1.250000000001258581e-08
-1.259999999995986553e-08
-1.279999999999333835e-08
-1.270000000004605864e-08
-1.279999999999333835e-08
-1.290000000007953147e-08
-1.289999999994061807e-08
-1.279999999999376187e-08
-1.289999999994104158e-08
-1.290000000007953147e-08
-1.279999999999333835e-08
-1.289999999987116136e-08
-1.290000000001007477e-08
-1.270000000011551534e-08
-1.280000000006279506e-08
-1.269999999997660194e-08
-1.269999999983768854e-08
-1.270000000011509183e-08
-1.249999999994312911e-08
-1.249999999994270560e-08
-1.250000000008161900e-08
-1.230000000004814617e-08
-1.219999999996237657e-08
-1.219999999996237657e-08
-1.200000000006781715e-08
-1.169999999994772769e-08
-1.170000000008664109e-08
-1.130000000001927192e-08
-1.109999999984730921e-08
-1.070000000005776685e-08
-1.030000000012973459e-08
-9.899999999923875536e-09
-9.299999999961946942e-09
-8.700000000000441863e-09
-8.100000000038513269e-09
-7.199999999957342248e-09
-6.399999999961940826e-09
-5.400000000071979980e-09
-4.299999999957336132e-09
-3.199999999981182171e-09
-1.800000000023852155e-09
-3.999999999280322511e-10
1.099999999976153961e-09
2.499999999794570574e-09
4.400000000182019134e-09
5.999999999894995172e-09
7.800000000057760730e-09
9.600000000082036401e-09
1.139999999982806175e-08
1.330000000007702042e-08
1.509999999996238269e-08
1.670000000009167542e-08
1.849999999997703769e-08
2.009999999996741702e-08
2.170000000009670975e-08
2.299999999996742313e-08
2.420000000002977021e-08
2.530000000000592417e-08
2.639999999998207813e-08
2.699999999994400672e-08
2.750000000009714549e-08
2.799999999997245746e-08
2.799999999997245746e-08
2.799999999983354405e-08
2.760000000004442521e-08
2.710000000016868973e-08
2.639999999984316473e-08
2.540000000009211728e-08
2.429999999997704992e-08
2.310000000005361625e-08
2.179999999990507605e-08
2.019999999991469673e-08
1.860000000006323080e-08
1.700000000007285148e-08
1.509999999996238269e-08
1.340000000002472365e-08
1.169999999994815121e-08
9.799999999976595824e-09
8.000000000091233557e-09
6.300000000014661114e-09
4.599999999938088671e-09
2.900000000000006116e-09
1.399999999957330017e-09
1.389134033497052556e-19
-1.400000000095819904e-09
-2.499999999933060461e-09
-3.600000000047704309e-09
-4.700000000023858270e-09
-5.599999999966539404e-09
-6.199999999928467999e-09
-6.900000000115079596e-09
-7.499999999938094787e-09
-7.900000000005463958e-09
-8.199999999986216497e-09
-8.600000000052738635e-09
-8.700000000000441863e-09
-8.799999999947721575e-09
-9.000000000120107806e-09
-8.999999999981194403e-09
-8.899999999895001287e-09
-8.900000000033914691e-09
-8.799999999947721575e-09
-8.700000000000441863e-09
-8.500000000105882440e-09
-8.299999999933496209e-09
-8.199999999985792981e-09
-8.100000000038513269e-09
-7.800000000057760730e-09
-7.600000000024287902e-09
-7.399999999851901672e-09
-7.300000000043111847e-09
-7.100000000010062536e-09
-6.800000000028886480e-09
-6.700000000081606768e-09
-6.399999999961940826e-09
-6.399999999961940826e-09
-5.999999999894995172e-09
-6.000000000172398462e-09
-5.699999999913819116e-09
-5.500000000019259692e-09
-5.399999999933490093e-09
-5.200000000038507153e-09
-5.000000000005034326e-09
-4.799999999971561499e-09
-4.800000000110474902e-09
-4.499999999851895556e-09
-3.900000000028880365e-09
-3.999999999976160077e-09
-5.000000000005034326e-09
-4.000000000115073480e-09
-3.999999999976160077e-09
-3.999999999976160077e-09
-1.999999999918411578e-09
-5.000000000005034326e-09
-3.000000000086199231e-09
-2.000000000057324982e-09
-3.999999999976160077e-09
-2.999999999947709344e-09
-3.000000000086199231e-09
-2.999999999947709344e-09
-3.000000000086199231e-09
-1.999999999779921692e-09
-3.000000000086622747e-09
-2.999999999947709344e-09
-3.000000000086622747e-09
-1.999999999918835095e-09
-2.000000000057748498e-09
-2.999999999947709344e-09
-2.000000000057748498e-09
-1.999999999918835095e-09
-3.000000000086199231e-09
-2.999999999947709344e-09
-2.000000000057324982e-09
-2.999999999947709344e-09
-2.000000000057324982e-09
-2.000000000057324982e-09
-1.999999999918835095e-09
-2.999999999947285828e-09
-3.000000000086199231e-09
-1.999999999918835095e-09
-3.000000000086199231e-09
-2.999999999947285828e-09
-2.999999999947285828e-09
-2.000000000057324982e-09
-2.999999999947285828e-09
-4.000000000115073480e-09
-2.999999999947285828e-09
-2.000000000057324982e-09
-3.999999999976160077e-09
-2.999999999947285828e-09
-3.999999999976160077e-09
-3.999999999976160077e-09
-3.000000000086199231e-09
-2.999999999947285828e-09
-3.999999999976160077e-09
-5.000000000005034326e-09
-3.999999999976160077e-09
-3.999999999976160077e-09
-4.000000000115073480e-09
-3.999999999976160077e-09
-6.000000000033908575e-09
-3.999999999976160077e-09
-5.000000000005034326e-09
-3.999999999976160077e-09
-6.000000000033908575e-09
-5.000000000005034326e-09
-5.000000000005034326e-09
-5.999999999894995172e-09
-5.000000000005034326e-09
-6.000000000033908575e-09
-5.000000000005034326e-09
-6.000000000033908575e-09
-5.999999999894995172e-09
-6.000000000033908575e-09
-6.000000000033908575e-09
-6.999999999923869421e-09
-5.000000000005034326e-09
-7.000000000062782824e-09
-6.000000000172821978e-09
-6.999999999784956017e-09
-6.000000000172821978e-09
-7.999999999813830267e-09
-6.000000000172821978e-09
-5.999999999894995172e-09
-7.999999999952320153e-09
-5.999999999894995172e-09
-8.000000000229723444e-09
-5.999999999894995172e-09
-7.000000000201272711e-09
-7.999999999674916863e-09
-7.000000000201272711e-09
-6.000000000172821978e-09
-6.999999999646042614e-09
-7.000000000201272711e-09
-6.999999999923445904e-09
-7.999999999952743670e-09
-6.999999999923445904e-09
-7.000000000201272711e-09
-7.000000000201272711e-09
-6.999999999646042614e-09
-7.000000000201272711e-09
-6.999999999923445904e-09
-6.999999999923869421e-09
-7.000000000201272711e-09
-5.999999999894995172e-09
-6.999999999923869421e-09
-6.999999999923869421e-09
-6.000000000172398462e-09
-6.999999999923869421e-09
-5.999999999894995172e-09
-6.000000000172398462e-09
-6.999999999923869421e-09
-5.999999999894995172e-09
-7.000000000201272711e-09
-4.999999999866120922e-09
-7.000000000201272711e-09
-4.999999999866120922e-09
-6.999999999923869421e-09
-5.000000000143524213e-09
-6.000000000172398462e-09
-4.999999999588717632e-09
-6.000000000172398462e-09
-5.000000000143524213e-09
-3.999999999837670190e-09
-6.000000000172398462e-09
-3.999999999837246673e-09
-5.999999999894995172e-09
-4.000000000115073480e-09
-5.000000000143947729e-09
-3.999999999837670190e-09
-5.000000000143947729e-09
-5.000000000143947729e-09
-3.999999999559843383e-09
-4.000000000115073480e-09
-4.000000000115073480e-09
-3.999999999837670190e-09
-4.000000000115073480e-09
-3.999999999837670190e-09
-3.000000000086199231e-09
-4.000000000115073480e-09
-3.999999999837670190e-09
-3.000000000086199231e-09
-3.000000000086199231e-09
-3.999999999837670190e-09
-3.000000000086199231e-09
-3.000000000086199231e-09
-2.999999999808795941e-09
-2.000000000057324982e-09
-3.000000000086199231e-09
-2.999999999808795941e-09
-3.000000000363602521e-09
-1.999999999779921692e-09
-3.000000000086199231e-09
-2.000000000057324982e-09
-1.999999999779921692e-09
-2.000000000057324982e-09
-2.000000000057324982e-09
-1.999999999779921692e-09
-2.000000000335151788e-09
-2.000000000057324982e-09
-9.999999997510474424e-10
-2.000000000057324982e-09
-1.999999999779921692e-09
-2.774032902257833610e-19
-2.000000000057324982e-09
-9.999999997510474424e-10
-1.000000000028874249e-09
-1.000000000028450733e-09
-1.000000000028874249e-09
0.000000000000000000e+00
-1.000000000028450733e-09
-1.000000000028874249e-09
0.000000000000000000e+00
-1.000000000028874249e-09
2.774032902257833610e-19
-2.774032902257833610e-19
-2.000000000057324982e-09
2.774032902257833610e-19
0.000000000000000000e+00
9.999999997514709589e-10
-1.000000000028874249e-09
2.774032902257833610e-19
-2.774032902257833610e-19
-1.000000000028874249e-09
2.774032902257833610e-19
-2.774032902257833610e-19
0.000000000000000000e+00
1.000000000306277539e-09
-1.000000000306277539e-09
0.000000000000000000e+00
2.774032902257833610e-19
0.000000000000000000e+00
9.999999997514709589e-10
-9.999999997514709589e-10
0.000000000000000000e+00
-2.774032902257833610e-19
0.000000000000000000e+00
1.000000000306277539e-09
0.000000000000000000e+00
