2.774032902257833610e-19
1.000000000028874249e-09
-1.000000000306277539e-09
2.774032902257833610e-19
0.000000000000000000e+00
0.000000000000000000e+00
9.999999997514709589e-10
2.774032902257833610e-19
-1.000000000028874249e-09
-2.774032902257833610e-19
2.774032902257833610e-19
1.000000000028874249e-09
-2.774032902257833610e-19
2.774032902257833610e-19
0.000000000000000000e+00
-2.774032902257833610e-19
0.000000000000000000e+00
1.000000000306277539e-09
0.000000000000000000e+00
-2.774032902257833610e-19
0.000000000000000000e+00
1.000000000306277539e-09
-2.774032902257833610e-19
0.000000000000000000e+00
1.000000000028450733e-09
2.774032902257833610e-19
-2.778268066994105112e-19
0.000000000000000000e+00
1.000000000028450733e-09
1.000000000306277539e-09
-1.000000000306277539e-09
1.000000000028450733e-09
1.000000000028450733e-09
0.000000000000000000e+00
1.000000000028874249e-09
0.000000000000000000e+00
1.000000000028450733e-09
0.000000000000000000e+00
1.999999999779921692e-09
0.000000000000000000e+00
2.778268066994105112e-19
1.000000000028874249e-09
1.000000000028450733e-09
9.999999997510474424e-10
0.000000000000000000e+00
1.000000000028874249e-09
1.000000000028874249e-09
1.000000000028874249e-09
0.000000000000000000e+00
0.000000000000000000e+00
1.000000000028874249e-09
1.000000000028874249e-09
1.000000000028874249e-09
1.000000000028874249e-09
0.000000000000000000e+00
9.999999997510474424e-10
1.000000000028874249e-09
1.000000000028874249e-09
1.000000000028874249e-09
0.000000000000000000e+00
1.000000000028874249e-09
1.000000000028874249e-09
1.000000000028874249e-09
0.000000000000000000e+00
1.000000000028874249e-09
9.999999997514709589e-10
1.000000000028874249e-09
0.000000000000000000e+00
2.000000000057748498e-09
1.000000000028874249e-09
0.000000000000000000e+00
0.000000000000000000e+00
2.000000000057748498e-09
0.000000000000000000e+00
1.000000000028874249e-09
1.000000000028874249e-09
-2.778268066994105112e-19
1.000000000028874249e-09
1.000000000028874249e-09
1.000000000028874249e-09
1.000000000028874249e-09
1.000000000028874249e-09
2.778268066994105112e-19
1.000000000028874249e-09
9.999999997510474424e-10
0.000000000000000000e+00
1.000000000028874249e-09
0.000000000000000000e+00
1.000000000028450733e-09
1.000000000028874249e-09
0.000000000000000000e+00
9.999999997510474424e-10
0.000000000000000000e+00
2.000000000057324982e-09
0.000000000000000000e+00
1.000000000306277539e-09
0.000000000000000000e+00
9.999999997510474424e-10
1.000000000028450733e-09
-1.000000000028450733e-09
1.000000000028450733e-09
1.000000000028450733e-09
0.000000000000000000e+00
1.000000000028450733e-09
0.000000000000000000e+00
1.000000000028450733e-09
1.000000000028450733e-09
-1.000000000306277539e-09
1.000000000306277539e-09
0.000000000000000000e+00
1.000000000028450733e-09
9.999999997510474424e-10
-1.000000000028450733e-09
1.000000000028450733e-09
1.000000000306277539e-09
0.000000000000000000e+00
9.999999998899608458e-10
-1.000000000028450733e-09
9.999999998899608458e-10
1.000000000167364136e-09
-1.000000000167364136e-09
1.000000000028450733e-09
1.000000000167364136e-09
-1.389134033497052556e-19
1.000000000028450733e-09
0.000000000000000000e+00
0.000000000000000000e+00
0.000000000000000000e+00
9.999999998899608458e-10
1.389134033497052556e-19
1.000000000028450733e-09
9.999999998899608458e-10
0.000000000000000000e+00
0.000000000000000000e+00
1.000000000167364136e-09
-1.389134033497052556e-19
1.000000000028874249e-09
0.000000000000000000e+00
1.000000000028874249e-09
-1.389134033497052556e-19
1.389134033497052556e-19
0.000000000000000000e+00
1.000000000028874249e-09
9.999999998899608458e-10
-1.000000000028874249e-09
1.000000000028874249e-09
0.000000000000000000e+00
0.000000000000000000e+00
1.000000000028874249e-09
0.000000000000000000e+00
0.000000000000000000e+00
0.000000000000000000e+00
0.000000000000000000e+00
0.000000000000000000e+00
1.389134033497052556e-19
0.000000000000000000e+00
9.999999998899608458e-10
-1.389134033497052556e-19
1.389134033497052556e-19
0.000000000000000000e+00
0.000000000000000000e+00
0.000000000000000000e+00
1.000000000028874249e-09
-1.000000000028874249e-09
0.000000000000000000e+00
1.000000000028874249e-09
-1.000000000028874249e-09
0.000000000000000000e+00
-1.389134033497052556e-19
1.389134033497052556e-19
0.000000000000000000e+00
0.000000000000000000e+00
0.000000000000000000e+00
0.000000000000000000e+00
9.999999998899608458e-10
1.389134033497052556e-19
0.000000000000000000e+00
-1.000000000028874249e-09
9.999999998899608458e-10
-9.999999998899608458e-10
1.000000000028874249e-09
-1.000000000028874249e-09
9.999999998899608458e-10
-9.999999998899608458e-10
0.000000000000000000e+00
9.999999998899608458e-10
-9.999999998899608458e-10
0.000000000000000000e+00
0.000000000000000000e+00
0.000000000000000000e+00
0.000000000000000000e+00
-9.999999998899608458e-10
-1.389134033497052556e-19
5.000000000142253663e-10
-1.999999998945594239e-10
-1.000000000861931153e-10
-2.000000000334728272e-10
-1.000000000861931153e-10
-1.999999998945594239e-10
-9.999999994727971193e-11
-2.000000000334728272e-10
-2.000000000334728272e-10
-1.999999998945594239e-10
-1.000000000861931153e-10
-1.000000000861931153e-10
-1.999999998945594239e-10
-2.000000000334728272e-10
-2.999999999807525391e-10
-9.999999994727971193e-11
-2.000000000334728272e-10
-1.000000000861931153e-10
-2.000000000334728272e-10
-1.999999998945594239e-10
-9.999999994727971193e-11
-2.000000000334728272e-10
-2.000000000334728272e-10
-9.999999994727971193e-11
-2.000000000334728272e-10
-2.000000000334728272e-10
-9.999999994727971193e-11
-2.000000000334728272e-10
-1.000000000861931153e-10
-1.999999998945594239e-10
-1.999999998949829403e-10
-1.000000002251065186e-10
-9.999999994727971193e-11
-9.999999994727971193e-11
-1.999999998949829403e-10
-1.000000000861931153e-10
-1.000000000861931153e-10
-9.999999994770322840e-11
-1.999999998945594239e-10
-1.000000000857695988e-10
-9.999999994727971193e-11
-1.000000000861931153e-10
-9.999999994770322840e-11
-9.999999994770322840e-11
-1.000000000861931153e-10
-2.000000000338963437e-10
-9.999999994727971193e-11
0.000000000000000000e+00
-1.000000000861931153e-10
-9.999999994727971193e-11
-1.000000000861931153e-10
1.384898868760781054e-19
-9.999999994727971193e-11
-2.000000000334728272e-10
0.000000000000000000e+00
-1.000000000861931153e-10
0.000000000000000000e+00
-1.000000000861931153e-10
1.389134033497052556e-19
-1.000000000861931153e-10
1.000000000861931153e-10
-1.389134033497052556e-19
-9.999999994727971193e-11
1.000000000861931153e-10
0.000000000000000000e+00
0.000000000000000000e+00
0.000000000000000000e+00
9.999999994727971193e-11
1.389134033497052556e-19
-1.389134033497052556e-19
2.000000000334728272e-10
1.000000000861931153e-10
1.999999998945594239e-10
1.000000000861931153e-10
1.999999998945594239e-10
2.000000000334728272e-10
1.999999998945594239e-10
2.000000001723862306e-10
2.999999999807525391e-10
2.999999998422626523e-10
3.000000001196659425e-10
2.999999999807525391e-10
4.000000000669456544e-10
3.999999999284557675e-10
4.000000000669456544e-10
4.999999998753119630e-10
4.000000000669456544e-10
5.000000000146488828e-10
5.000000000142253663e-10
5.000000000142253663e-10
4.999999998757354795e-10
7.000000000476981935e-10
5.000000000142253663e-10
6.000000001004184816e-10
5.000000000142253663e-10
6.999999997702949033e-10
5.000000001531387697e-10
6.999999999087847902e-10
7.000000000476981935e-10
5.000000000142253663e-10
7.000000000476981935e-10
7.000000000476981935e-10
4.999999998757354795e-10
7.000000000476981935e-10
5.999999999615050783e-10
7.000000000476981935e-10
5.000000000142253663e-10
7.000000000476981935e-10
5.999999999615050783e-10
5.999999999615050783e-10
7.000000000476981935e-10
5.999999999615050783e-10
5.999999999619285947e-10
5.999999999615050783e-10
7.000000000476981935e-10
6.000000000309617799e-10
5.000000000142253663e-10
5.999999999615050783e-10
7.000000000476981935e-10
4.999999999447686647e-10
7.000000000476981935e-10
4.999999999447686647e-10
5.999999999615050783e-10
6.000000001004184816e-10
5.999999999615050783e-10
5.999999999615050783e-10
6.000000000309617799e-10
5.000000000142253663e-10
6.000000000309617799e-10
4.999999999447686647e-10
5.000000000142253663e-10
6.000000000309617799e-10
5.999999999615050783e-10
3.999999999974889527e-10
5.000000000142253663e-10
5.000000000142253663e-10
3.999999999974889527e-10
5.000000000142253663e-10
2.999999999112958375e-10
4.000000000669456544e-10
3.999999999979124692e-10
2.000000000338963437e-10
3.999999999979124692e-10
1.999999999644396420e-10
2.000000000338963437e-10
2.999999999117193539e-10
2.000000000334728272e-10
1.000000000167364136e-10
9.999999994727971193e-11
2.000000001029295289e-10
-6.945670167485262780e-20
0.000000000000000000e+00
1.000000000167364136e-10
-1.000000000167364136e-10
0.000000000000000000e+00
0.000000000000000000e+00
-9.999999994727971193e-11
-1.000000000167364136e-10
-1.000000000167364136e-10
-1.000000000167364136e-10
-9.999999994727971193e-11
-1.000000000167364136e-10
-2.000000000334728272e-10
-9.999999994727971193e-11
-1.000000000861931153e-10
-9.999999994727971193e-11
-1.000000000167364136e-10
-1.999999999640161255e-10
-1.000000000861931153e-10
-9.999999994727971193e-11
0.000000000000000000e+00
-9.999999994727971193e-11
0.000000000000000000e+00
-1.000000000167364136e-10
0.000000000000000000e+00
-6.903318520122547763e-20
6.945670167485262780e-20
0.000000000000000000e+00
0.000000000000000000e+00
9.999999994727971193e-11
0.000000000000000000e+00
1.000000000167364136e-10
1.000000000167364136e-10
1.000000000167364136e-10
9.999999994727971193e-11
1.000000000167364136e-10
1.000000000167364136e-10
2.000000000334728272e-10
1.000000000167364136e-10
9.999999994727971193e-11
1.999999999640161255e-10
2.000000000334728272e-10
1.999999999640161255e-10
2.000000000334728272e-10
1.000000000167364136e-10
2.999999999807525391e-10
2.000000000334728272e-10
1.000000000167364136e-10
1.999999999640161255e-10
2.000000000334728272e-10
1.999999999640161255e-10
1.999999999640161255e-10
2.000000000334728272e-10
1.999999999640161255e-10
2.000000000334728272e-10
1.999999999640161255e-10
1.000000000167364136e-10
1.999999999640161255e-10
2.000000000334728272e-10
1.000000000167364136e-10
2.000000000334728272e-10
9.999999998200806276e-11
1.999999999987444764e-10
1.000000000167364136e-10
9.999999998200806276e-11
9.999999998200806276e-11
1.000000000167364136e-10
0.000000000000000000e+00
0.000000000000000000e+00
9.999999998200806276e-11
1.000000000167364136e-10
0.000000000000000000e+00
-9.999999998200806276e-11
-3.472835083742631390e-20
-9.999999998200806276e-11
-9.999999998200806276e-11
-3.472835083742631390e-20
-9.999999998200806276e-11
-1.000000000167364136e-10
-9.999999998200806276e-11
-1.000000000167364136e-10
-1.000000000167364136e-10
-9.999999994727971193e-11
-2.000000000334728272e-10
-1.000000000167364136e-10
-1.999999999991679928e-10
-9.999999998243157924e-11
-1.999999999991679928e-10
-1.999999999991679928e-10
-1.000000000167364136e-10
-9.999999998200806276e-11
-1.000000000167364136e-10
-1.000000000167364136e-10
-9.999999998243157924e-11
3.430483436379916373e-20
-2.000000000338963437e-10
3.430483436379916373e-20
-1.000000000167364136e-10
0.000000000000000000e+00
0.000000000000000000e+00
-3.472835083742631390e-20
3.472835083742631390e-20
9.999999998200806276e-11
1.000000000167364136e-10
9.999999998200806276e-11
1.000000000167364136e-10
1.999999999987444764e-10
9.999999998200806276e-11
1.000000000167364136e-10
1.999999999987444764e-10
2.000000000161086518e-10
2.999999999807525391e-10
3.000000000154808900e-10
2.999999999807525391e-10
3.000000000154808900e-10
1.999999999813803009e-10
3.000000000154808900e-10
3.999999999974889527e-10
3.999999999801247773e-10
3.000000000154808900e-10
3.999999999974889527e-10
4.000000000148531281e-10
2.999999999807525391e-10
5.000000000142253663e-10
4.999999999968611909e-10
2.999999999981167145e-10
4.999999999968611909e-10
4.099999999926827920e-10
4.200000000217579492e-10
4.099999999922592756e-10
4.099999999922592756e-10
4.100000000096234510e-10
4.099999999922592756e-10
3.799999999994779776e-10
3.799999999994779776e-10
3.799999999994779776e-10
3.500000000066966796e-10
3.299999999997918585e-10
2.999999999981167145e-10
2.799999999916354099e-10
2.300000000004196203e-10
1.999999999987444764e-10
2.000000000072148058e-10
1.600000000022990096e-10
1.399999999958177050e-10
9.000000000036675061e-11
5.999999999911512314e-11
2.000000000266965636e-11
-1.999999999801097515e-11
-5.000000000392128383e-11
-8.999999999613158587e-11
-1.300000000031649645e-10
-1.600000000001814272e-10
-1.899999999997389888e-10
-2.299999999991490709e-10
-2.500000000009716943e-10
-2.809999999994980684e-10
-3.150550000003184690e-10
-3.509449999998543867e-10
-3.790000000005091651e-10
-3.999999999996065351e-10
-4.140000000004165034e-10
-4.399999999981695842e-10
-4.800000000035088970e-10
-5.000000000015198721e-10
-4.999999999926260262e-10
-5.200000000037660120e-10
-5.299999999985363348e-10
-5.500000000007824747e-10
-5.699999999992169664e-10
-5.600000000044466435e-10
-5.700000000034521311e-10
-5.799999999893286080e-10
-5.900000000014631063e-10
-6.099999999998975979e-10
-5.900000000018866227e-10
-5.800000000071162999e-10
-5.899999999929927768e-10
-5.700000000034521311e-10
-5.699999999945582852e-10
-5.500000000054411559e-10
-5.499999999965473100e-10
-5.400000000022005036e-10
-5.299999999985363348e-10
-5.100000000089956892e-10
-4.900000000020908681e-10
-4.600000000008392406e-10
-4.499999999887047423e-10
-4.299999999991640967e-10
-3.999999999974889527e-10
-2.999999999981167145e-10
-4.000000000148531281e-10
-1.999999999987444764e-10
-2.999999999807525391e-10
-1.999999999987444764e-10
-2.000000000161086518e-10
-9.999999999937223818e-11
-1.999999999987444764e-10
0.000000000000000000e+00
-9.999999998200806276e-11
9.999999998200806276e-11
0.000000000000000000e+00
9.999999999937223818e-11
1.000000000167364136e-10
2.999999999981167145e-10
2.999999999807525391e-10
3.000000000154808900e-10
3.000000000154808900e-10
2.999999999807525391e-10
3.999999999974889527e-10
4.999999999794970155e-10
4.000000000322173036e-10
5.999999999962334291e-10
4.999999999794970155e-10
5.999999999962334291e-10
6.000000000309617799e-10
6.999999999786650083e-10
5.999999999962334291e-10
7.000000000129698427e-10
7.000000000133933592e-10
7.999999999954014219e-10
6.999999999786650083e-10
7.999999999954014219e-10
8.000000000301297728e-10
7.999999999606730711e-10
7.000000000133933592e-10
7.999999999954014219e-10
8.000000000301297728e-10
8.999999999774094847e-10
7.999999999954014219e-10
8.000000000301297728e-10
7.999999999954014219e-10
7.999999999954014219e-10
7.999999999954014219e-10
7.999999999954014219e-10
7.000000000133933592e-10
8.999999999774094847e-10
7.000000000133933592e-10
8.000000000297062563e-10
6.999999999786650083e-10
7.000000000129698427e-10
5.999999999962334291e-10
6.999999999782414919e-10
5.999999999962334291e-10
7.000000000129698427e-10
4.999999999794970155e-10
6.000000000309617799e-10
5.999999999615050783e-10
4.000000000322173036e-10
4.999999999794970155e-10
5.000000000142253663e-10
3.999999999974889527e-10
2.999999999807525391e-10
4.000000000322173036e-10
2.999999999807525391e-10
2.000000000334728272e-10
2.999999999807525391e-10
9.999999994770322840e-11
2.000000000334728272e-10
0.000000000000000000e+00
0.000000000000000000e+00
1.000000000167364136e-10
-1.999999999644396420e-10
-1.000000000167364136e-10
-2.000000000338963437e-10
-2.999999999811760556e-10
-3.999999999979124692e-10
-3.999999999979124692e-10
-5.000000000146488828e-10
-6.000000000313852964e-10
-5.000000000146488828e-10
-7.999999999954014219e-10
-6.999999999786650083e-10
-9.000000000121378355e-10
-9.000000000121378355e-10
-9.999999999594175475e-10
-1.000000000028874249e-09
-1.099999999976153961e-09
-1.199999999992890375e-09
-1.200000000062347076e-09
-1.299999999940170087e-09
-1.300000000009626788e-09
-1.399999999956906500e-09
-1.400000000095819904e-09
-1.499999999974066430e-09
-1.499999999904609729e-09
-1.700000000076995959e-09
-1.499999999973642914e-09
-1.700000000076572443e-09
-1.699999999937659039e-09
-1.599999999990379327e-09
-1.800000000023852155e-09
-1.799999999954395453e-09
-1.800000000023852155e-09
-1.800000000023852155e-09
-1.999999999987868280e-09
-1.799999999954395453e-09
-2.000000000057748498e-09
-1.899999999971555383e-09
-2.000000000057748498e-09
-1.999999999988291797e-09
-1.999999999918835095e-09
-2.100000000074484912e-09
-2.100000000005028210e-09
-1.999999999918835095e-09
-2.100000000004604694e-09
-2.100000000004604694e-09
-2.100000000004604694e-09
-2.000000000057324982e-09
-2.199999999951884406e-09
-2.000000000057324982e-09
-2.099999999935571509e-09
-2.100000000005028210e-09
-1.999999999988291797e-09
-2.000000000057748498e-09
-1.999999999988291797e-09
-1.900000000041012085e-09
-1.899999999971555383e-09
-1.799999999954818969e-09
-1.700000000007539257e-09
-1.800000000024275671e-09
-1.599999999990379327e-09
-1.599999999990379327e-09
-1.499999999973642914e-09
-1.400000000026363202e-09
-1.300000000009626788e-09
-1.300000000009626788e-09
-9.999999999594175475e-10
-1.100000000045610663e-09
-9.000000000121378355e-10
-6.999999999786650083e-10
-7.000000000481217100e-10
-5.999999999619285947e-10
-5.000000000146488828e-10
-2.999999999117193539e-10
-1.000000000861931153e-10
-1.000000000167364136e-10
1.000000000167364136e-10
1.000000000861931153e-10
2.999999999807525391e-10
5.000000000146488828e-10
4.999999999451921811e-10
6.999999999786650083e-10
7.999999999954014219e-10
7.999999999954014219e-10
1.000000000028874249e-09
1.199999999992890375e-09
1.200000000062347076e-09
1.399999999957330017e-09
1.400000000026363202e-09
1.499999999974066430e-09
1.599999999990379327e-09
1.699999999937659039e-09
1.800000000023852155e-09
1.899999999971131867e-09
2.000000000057324982e-09
2.100000000005028210e-09
2.100000000004604694e-09
2.300000000038501037e-09
2.199999999952307922e-09
2.400000000124694153e-09
2.499999999794147058e-09
2.400000000124694153e-09
2.599999999880340173e-09
2.700000000105446692e-09
2.600000000019253577e-09
2.799999999914236517e-09
2.700000000105446692e-09
2.900000000000429632e-09
2.899999999861516229e-09
2.900000000000006116e-09
2.900000000000006116e-09
3.100000000033478943e-09
2.900000000000006116e-09
3.100000000033478943e-09
3.000000000086199231e-09
3.199999999842268768e-09
3.000000000086199231e-09
3.100000000033478943e-09
3.099999999894989056e-09
3.200000000120095575e-09
3.199999999981182171e-09
2.999999999947709344e-09
3.100000000033902459e-09
3.099999999894989056e-09
3.000000000086622747e-09
3.000000000086199231e-09
2.999999999808795941e-09
2.900000000138919519e-09
2.999999999947285828e-09
2.800000000052726404e-09
2.799999999913813000e-09
2.800000000052726404e-09
2.800000000052726404e-09
2.600000000019253577e-09
2.600000000019253577e-09
2.499999999933060461e-09
2.499999999933060461e-09
2.400000000124694153e-09
2.300000000038501037e-09
2.299999999899587634e-09
2.200000000091221325e-09
2.099999999866114807e-09
2.100000000005028210e-09
2.000000000057748498e-09
1.899999999971131867e-09
1.800000000024275671e-09
1.799999999885362268e-09
1.700000000076995959e-09
1.599999999990379327e-09
1.599999999990379327e-09
1.399999999956906500e-09
1.500000000043099615e-09
1.300000000009626788e-09
1.300000000009626788e-09
1.099999999976153961e-09
1.200000000062347076e-09
9.999999998899608458e-10
9.000000000815945372e-10
9.000000000815945372e-10
7.999999998564880186e-10
7.000000000481217100e-10
7.000000000481217100e-10
5.999999999619285947e-10
5.000000000146488828e-10
4.000000000673691709e-10
2.999999998422626523e-10
2.999999999811760556e-10
1.000000000861931153e-10
1.000000000861931153e-10
0.000000000000000000e+00
-1.000000000861931153e-10
-9.999999994770322840e-11
-3.000000001196659425e-10
-3.999999999284557675e-10
-4.000000000669456544e-10
-5.000000000146488828e-10
-6.999999999092083067e-10
-7.999999999954014219e-10
-6.999999999092083067e-10
-1.000000000028874249e-09
-1.099999999976153961e-09
-1.100000000115067364e-09
-1.199999999923433673e-09
-1.300000000009626788e-09
-1.599999999990379327e-09
-1.500000000043099615e-09
-1.700000000076572443e-09
-1.699999999937659039e-09
-1.900000000110045270e-09
-2.099999999866114807e-09
-2.100000000143518097e-09
-2.199999999952307922e-09
-2.299999999899587634e-09
-2.500000000071973865e-09
-2.599999999880340173e-09
-2.700000000105446692e-09
-2.799999999913813000e-09
-2.900000000138919519e-09
-3.099999999894989056e-09
-3.200000000119672058e-09
-3.299999999789548480e-09
-3.400000000014654998e-09
-3.700000000134320941e-09
-3.599999999909214422e-09
-3.900000000028880365e-09
-2.999999999947285828e-09
-5.000000000005034326e-09
-4.000000000115073480e-09
-5.000000000005034326e-09
-3.999999999976160077e-09
-3.999999999976160077e-09
-5.999999999894995172e-09
-4.000000000115073480e-09
-5.000000000005034326e-09
-5.000000000005034326e-09
-5.000000000005034326e-09
-6.000000000033908575e-09
-5.000000000005034326e-09
-5.000000000005034326e-09
-4.999999999866120922e-09
-6.000000000033908575e-09
-6.000000000033908575e-09
-7.000000000062782824e-09
-4.999999999866120922e-09
-6.000000000033908575e-09
-6.000000000033908575e-09
-6.000000000033908575e-09
-6.999999999923869421e-09
-7.000000000062359308e-09
-5.999999999894995172e-09
-7.000000000062359308e-09
-6.000000000033908575e-09
-7.000000000062359308e-09
-6.000000000033485058e-09
-6.999999999923869421e-09
-6.999999999923445904e-09
-8.000000000091233557e-09
-5.999999999894995172e-09
-7.000000000062359308e-09
-7.999999999952320153e-09
-7.000000000062359308e-09
-7.000000000062359308e-09
-6.999999999923445904e-09
-7.999999999952320153e-09
-7.999999999952320153e-09
-7.000000000062359308e-09
-8.000000000091233557e-09
-6.999999999923445904e-09
-7.999999999952320153e-09
-7.999999999952320153e-09
-7.000000000201272711e-09
-7.999999999952320153e-09
-7.999999999952320153e-09
-7.999999999952320153e-09
-7.999999999952320153e-09
-8.000000000091233557e-09
-8.000000000091233557e-09
-7.999999999952320153e-09
-8.999999999981194403e-09
-7.000000000062359308e-09
-7.999999999952320153e-09
-7.999999999952320153e-09
-8.999999999981194403e-09
-8.000000000091233557e-09
-7.999999999952320153e-09
-8.999999999981194403e-09
-6.999999999923869421e-09
-9.000000000120107806e-09
-7.999999999952320153e-09
-8.999999999981194403e-09
-6.999999999923869421e-09
-9.000000000120107806e-09
-7.999999999952320153e-09
-7.999999999952743670e-09
-7.999999999952320153e-09
-9.000000000120107806e-09
-7.000000000062782824e-09
-8.999999999842280999e-09
-8.000000000230146960e-09
-7.999999999813830267e-09
-8.000000000091233557e-09
-6.999999999784956017e-09
-9.000000000258597693e-09
-6.999999999923445904e-09
-8.999999999981194403e-09
-6.999999999923445904e-09
-8.000000000230146960e-09
-7.999999999674916863e-09
-8.000000000230146960e-09
-7.000000000201272711e-09
-7.999999999674916863e-09
-7.000000000201272711e-09
-6.999999999923445904e-09
-7.999999999952743670e-09
-6.999999999923445904e-09
-7.000000000201272711e-09
-6.999999999923869421e-09
-5.999999999894995172e-09
-6.000000000172398462e-09
-5.999999999894995172e-09
-5.000000000143947729e-09
-4.000000000115073480e-09
-3.999999999560266900e-09
-4.000000000115073480e-09
-2.000000000057748498e-09
-2.000000000057324982e-09
0.000000000000000000e+00
1.000000000306277539e-09
9.999999997510474424e-10
2.999999999808795941e-09
5.000000000421351019e-09
4.999999999866120922e-09
8.999999999981194403e-09
8.999999999703791112e-09
1.200000000034522044e-08
1.199999999978999034e-08
1.599999999990506382e-08
1.699999999993393807e-08
2.000000000029754059e-08
2.100000000004901155e-08
2.299999999982893324e-08
2.599999999991470896e-08
2.599999999991513247e-08
3.000000000030760925e-08
3.000000000003020595e-08
3.199999999980970413e-08
3.300000000011598167e-08
3.499999999989590336e-08
3.499999999989590336e-08
3.599999999992477761e-08
3.700000000023147867e-08
3.800000000025992940e-08
3.699999999995365186e-08
3.799999999998252611e-08
3.599999999992477761e-08
3.699999999995365186e-08
3.599999999992477761e-08
3.500000000017373017e-08
3.399999999986745263e-08
3.300000000011640519e-08
3.199999999981012765e-08
2.900000000000133171e-08
2.799999999997245746e-08
2.700000000022141001e-08
2.499999999988625823e-08
2.400000000013521078e-08
2.100000000004901155e-08
2.000000000002013730e-08
1.799999999968498551e-08
1.599999999990506382e-08
1.400000000012514213e-08
1.400000000012514213e-08
1.100000000003894290e-08
1.000000000001006865e-08
8.999999999981617919e-09
6.999999999923869421e-09
5.999999999894995172e-09
5.999999999894995172e-09
4.000000000115073480e-09
4.000000000115073480e-09
3.000000000086622747e-09
2.999999999808795941e-09
1.000000000028874249e-09
1.000000000028874249e-09
2.000000000057324982e-09
1.000000000028874249e-09
9.999999997510474424e-10
2.774032902257833610e-19
0.000000000000000000e+00
-2.774032902257833610e-19
1.000000000028450733e-09
2.774032902257833610e-19
0.000000000000000000e+00
-2.774032902257833610e-19
-1.000000000028450733e-09
2.774032902257833610e-19
0.000000000000000000e+00
9.999999997514709589e-10
2.774032902257833610e-19
0.000000000000000000e+00
-2.774032902257833610e-19
2.774032902257833610e-19
0.000000000000000000e+00
-2.774032902257833610e-19
0.000000000000000000e+00
2.774032902257833610e-19
-2.774032902257833610e-19
0.000000000000000000e+00
2.774032902257833610e-19
0.000000000000000000e+00
9.999999997514709589e-10
-9.999999997514709589e-10
0.000000000000000000e+00
-2.774032902257833610e-19
0.000000000000000000e+00
1.000000000306277539e-09
0.000000000000000000e+00
