0.000000000000000000e+00
1.000000000028874249e-09
0.000000000000000000e+00
0.000000000000000000e+00
-1.000000000028874249e-09
2.774032902257833610e-19
9.999999997514709589e-10
0.000000000000000000e+00
-9.999999997514709589e-10
-2.774032902257833610e-19
0.000000000000000000e+00
1.000000000306277539e-09
-2.774032902257833610e-19
-1.000000000028874249e-09
2.774032902257833610e-19
-2.774032902257833610e-19
0.000000000000000000e+00
0.000000000000000000e+00
2.774032902257833610e-19
-2.774032902257833610e-19
0.000000000000000000e+00
2.774032902257833610e-19
-2.774032902257833610e-19
0.000000000000000000e+00
0.000000000000000000e+00
2.774032902257833610e-19
-1.000000000306277539e-09
1.000000000028450733e-09
2.774032902257833610e-19
0.000000000000000000e+00
-1.000000000306277539e-09
1.000000000028450733e-09
2.774032902257833610e-19
0.000000000000000000e+00
-2.774032902257833610e-19
0.000000000000000000e+00
1.000000000028450733e-09
-9.999999997510474424e-10
9.999999997510474424e-10
0.000000000000000000e+00
0.000000000000000000e+00
0.000000000000000000e+00
1.000000000306277539e-09
-2.778268066994105112e-19
0.000000000000000000e+00
0.000000000000000000e+00
0.000000000000000000e+00
1.000000000028874249e-09
0.000000000000000000e+00
-1.000000000028874249e-09
1.000000000028874249e-09
1.000000000028874249e-09
-1.000000000028874249e-09
1.000000000028874249e-09
0.000000000000000000e+00
0.000000000000000000e+00
0.000000000000000000e+00
1.000000000028874249e-09
0.000000000000000000e+00
0.000000000000000000e+00
0.000000000000000000e+00
0.000000000000000000e+00
1.000000000028874249e-09
0.000000000000000000e+00
0.000000000000000000e+00
9.999999997514709589e-10
0.000000000000000000e+00
0.000000000000000000e+00
0.000000000000000000e+00
1.000000000028874249e-09
0.000000000000000000e+00
0.000000000000000000e+00
1.000000000028874249e-09
-1.000000000028874249e-09
0.000000000000000000e+00
1.000000000028874249e-09
0.000000000000000000e+00
0.000000000000000000e+00
0.000000000000000000e+00
0.000000000000000000e+00
1.000000000028874249e-09
0.000000000000000000e+00
-9.999999997510474424e-10
1.000000000028874249e-09
0.000000000000000000e+00
0.000000000000000000e+00
0.000000000000000000e+00
-2.778268066994105112e-19
0.000000000000000000e+00
0.000000000000000000e+00
0.000000000000000000e+00
0.000000000000000000e+00
0.000000000000000000e+00
1.000000000028874249e-09
-1.000000000028874249e-09
2.778268066994105112e-19
0.000000000000000000e+00
-2.778268066994105112e-19
0.000000000000000000e+00
-1.000000000028450733e-09
1.000000000028450733e-09
0.000000000000000000e+00
2.778268066994105112e-19
0.000000000000000000e+00
-1.000000000306277539e-09
1.000000000028450733e-09
0.000000000000000000e+00
-1.000000000028450733e-09
1.000000000306277539e-09
-1.000000000028450733e-09
0.000000000000000000e+00
9.999999997510474424e-10
-1.000000000028450733e-09
1.000000000028450733e-09
2.778268066994105112e-19
-1.000000000028450733e-09
9.999999998899608458e-10
-1.000000000028450733e-09
-1.389134033497052556e-19
1.000000000167364136e-09
-1.000000000028450733e-09
-1.389134033497052556e-19
1.389134033497052556e-19
1.000000000028450733e-09
-1.389134033497052556e-19
0.000000000000000000e+00
-9.999999998899608458e-10
0.000000000000000000e+00
-1.389134033497052556e-19
1.389134033497052556e-19
0.000000000000000000e+00
1.000000000028874249e-09
-1.000000000028874249e-09
-1.389134033497052556e-19
1.389134033497052556e-19
-1.000000000028874249e-09
1.000000000028874249e-09
0.000000000000000000e+00
0.000000000000000000e+00
-1.000000000028874249e-09
1.000000000028874249e-09
-1.000000000028874249e-09
0.000000000000000000e+00
1.000000000028874249e-09
-1.000000000028874249e-09
0.000000000000000000e+00
0.000000000000000000e+00
0.000000000000000000e+00
0.000000000000000000e+00
-1.000000000028874249e-09
0.000000000000000000e+00
0.000000000000000000e+00
0.000000000000000000e+00
-1.000000000028874249e-09
1.389134033497052556e-19
0.000000000000000000e+00
-1.389134033497052556e-19
-1.000000000028874249e-09
1.000000000028874249e-09
-1.000000000028874249e-09
0.000000000000000000e+00
0.000000000000000000e+00
1.389134033497052556e-19
-1.000000000028874249e-09
0.000000000000000000e+00
0.000000000000000000e+00
-1.000000000028874249e-09
0.000000000000000000e+00
0.000000000000000000e+00
0.000000000000000000e+00
0.000000000000000000e+00
0.000000000000000000e+00
0.000000000000000000e+00
-9.999999998899608458e-10
9.999999998899608458e-10
0.000000000000000000e+00
-1.000000000028874249e-09
1.389134033497052556e-19
-1.389134033497052556e-19
0.000000000000000000e+00
0.000000000000000000e+00
1.389134033497052556e-19
-1.389134033497052556e-19
-1.000000000028874249e-09
1.000000000167787652e-09
-1.389134033497052556e-19
-1.000000000028874249e-09
1.389134033497052556e-19
1.000000000028874249e-09
-1.389134033497052556e-19
1.389134033497052556e-19
-1.000000000028874249e-09
-1.389134033497052556e-19
5.000000000142253663e-10
1.389134033497052556e-19
9.999999994727971193e-11
-1.000000000861931153e-10
1.000000000861931153e-10
0.000000000000000000e+00
0.000000000000000000e+00
9.999999994727971193e-11
-1.000000000861931153e-10
1.389134033497052556e-19
0.000000000000000000e+00
-1.389134033497052556e-19
1.389134033497052556e-19
-9.999999994727971193e-11
-1.000000000861931153e-10
-9.999999994727971193e-11
-1.000000000861931153e-10
-9.999999994727971193e-11
-1.000000000861931153e-10
-2.000000000334728272e-10
-1.999999998945594239e-10
-2.000000000334728272e-10
-1.999999998945594239e-10
-3.000000001196659425e-10
-2.999999998422626523e-10
-3.000000001196659425e-10
-2.999999999807525391e-10
-4.000000000669456544e-10
-2.999999999807525391e-10
-4.999999998757354795e-10
-4.000000000669456544e-10
-4.000000000673691709e-10
-5.000000000146488828e-10
-3.999999999284557675e-10
-5.999999999619285947e-10
-5.000000000146488828e-10
-5.000000000146488828e-10
-6.000000001008419981e-10
-5.999999998230151914e-10
-5.000000001531387697e-10
-5.999999999619285947e-10
-5.999999999619285947e-10
-5.000000000146488828e-10
-5.999999999619285947e-10
-5.999999999619285947e-10
-6.000000001008419981e-10
-5.999999999615050783e-10
-5.000000000142253663e-10
-6.000000001004184816e-10
-5.999999999615050783e-10
-4.000000000669456544e-10
-4.999999998757354795e-10
-5.000000000142253663e-10
-5.999999999615050783e-10
-2.999999999807525391e-10
-5.000000001531387697e-10
-3.999999999280322511e-10
-4.000000000669456544e-10
-2.999999998418391358e-10
-2.999999999807525391e-10
-2.000000000334728272e-10
-3.000000001196659425e-10
-1.999999998945594239e-10
-2.000000000334728272e-10
-2.000000000334728272e-10
-9.999999994727971193e-11
-9.999999994727971193e-11
-1.000000000861931153e-10
-9.999999994727971193e-11
-1.000000000861931153e-10
0.000000000000000000e+00
1.389134033497052556e-19
9.999999994727971193e-11
0.000000000000000000e+00
0.000000000000000000e+00
9.999999994727971193e-11
9.999999994727971193e-11
1.000000000861931153e-10
0.000000000000000000e+00
1.999999998949829403e-10
2.000000000334728272e-10
0.000000000000000000e+00
2.000000000334728272e-10
9.999999994770322840e-11
2.000000000334728272e-10
2.000000000334728272e-10
2.000000000334728272e-10
1.999999998949829403e-10
1.000000000861931153e-10
2.000000000334728272e-10
1.999999998949829403e-10
2.000000000334728272e-10
2.000000000334728272e-10
2.000000000334728272e-10
2.000000000334728272e-10
1.999999998949829403e-10
2.000000000334728272e-10
2.000000000334728272e-10
2.999999999807525391e-10
1.000000000861931153e-10
2.999999999807525391e-10
2.000000000334728272e-10
1.999999998949829403e-10
2.000000000334728272e-10
2.999999999807525391e-10
2.000000000334728272e-10
9.999999994727971193e-11
3.000000001196659425e-10
1.999999998945594239e-10
2.999999999807525391e-10
2.000000000334728272e-10
2.000000000334728272e-10
2.999999998422626523e-10
2.000000000334728272e-10
2.000000000334728272e-10
3.000000000502092408e-10
9.999999994727971193e-11
2.000000000334728272e-10
2.999999999807525391e-10
2.000000000334728272e-10
1.999999999640161255e-10
2.000000000334728272e-10
1.999999999640161255e-10
2.000000000334728272e-10
1.000000000167364136e-10
2.999999999807525391e-10
1.000000000167364136e-10
9.999999994727971193e-11
2.000000000334728272e-10
1.999999999640161255e-10
1.000000000167364136e-10
2.000000000334728272e-10
1.000000000167364136e-10
9.999999994727971193e-11
0.000000000000000000e+00
2.000000000334728272e-10
0.000000000000000000e+00
1.000000000167364136e-10
-6.945670167485262780e-20
0.000000000000000000e+00
1.000000000167364136e-10
-9.999999994727971193e-11
1.000000000167364136e-10
-1.000000000861931153e-10
6.945670167485262780e-20
-6.945670167485262780e-20
-1.000000000171599301e-10
-9.999999994770322840e-11
-1.000000000167364136e-10
-9.999999994727971193e-11
-2.000000000334728272e-10
-1.000000000167364136e-10
-1.999999999640161255e-10
-2.999999999807525391e-10
-1.000000000861931153e-10
-2.999999999807525391e-10
-1.999999999640161255e-10
-3.999999999974889527e-10
-2.000000000334728272e-10
-3.999999999974889527e-10
-1.999999999640161255e-10
-3.999999999974889527e-10
-5.000000000142253663e-10
-2.999999999807525391e-10
-4.000000000669456544e-10
-4.999999999451921811e-10
-5.000000000146488828e-10
-5.000000000146488828e-10
-5.000000000146488828e-10
-5.999999999619285947e-10
-5.000000000146488828e-10
-5.999999999619285947e-10
-6.000000000313852964e-10
-6.999999999786650083e-10
-6.000000000313852964e-10
-7.000000000476981935e-10
-6.999999999782414919e-10
-6.999999999087847902e-10
-8.000000000644346071e-10
-6.999999999782414919e-10
-8.000000000644346071e-10
-7.999999999259447203e-10
-9.000000000117143191e-10
-7.999999999949779055e-10
-7.999999999954014219e-10
-9.000000000815945372e-10
-8.999999999426811339e-10
-9.000000000121378355e-10
-8.999999999426811339e-10
-1.000000000028874249e-09
-9.000000000121378355e-10
-1.000000000028874249e-09
-9.000000000121378355e-10
-9.999999999594175475e-10
-1.000000000028874249e-09
-9.000000000121378355e-10
-9.999999999594175475e-10
-9.999999999594175475e-10
-1.100000000045610663e-09
-9.000000000121378355e-10
-1.099999999976153961e-09
-9.000000000121378355e-10
-9.999999999594175475e-10
-1.000000000028874249e-09
-1.000000000028874249e-09
-9.000000000121378355e-10
-9.999999999594175475e-10
-9.000000000121378355e-10
-7.999999999954014219e-10
-9.999999999594175475e-10
-9.000000000121378355e-10
-8.000000000301297728e-10
-8.999999999774094847e-10
-7.000000000133933592e-10
-7.999999999954014219e-10
-8.000000000301297728e-10
-6.999999999786650083e-10
-7.000000000133933592e-10
-5.999999999966569456e-10
-5.999999999966569456e-10
-4.999999999794970155e-10
-5.999999999962334291e-10
-5.000000000142253663e-10
-3.999999999974889527e-10
-3.999999999974889527e-10
-3.999999999974889527e-10
-2.000000000334728272e-10
-1.999999999640161255e-10
-3.000000000154808900e-10
-1.000000000167364136e-10
-9.999999998200806276e-11
9.999999998200806276e-11
3.472835083742631390e-20
-3.430483436379916373e-20
1.999999999991679928e-10
1.999999999987444764e-10
3.000000000154808900e-10
4.000000000322173036e-10
2.999999999807525391e-10
4.999999999799205320e-10
5.000000000142253663e-10
5.999999999966569456e-10
6.999999999782414919e-10
7.000000000129698427e-10
8.000000000297062563e-10
7.999999999949779055e-10
9.000000000117143191e-10
9.999999999594175475e-10
1.100000000045610663e-09
9.999999999594175475e-10
1.199999999992890375e-09
1.200000000027618725e-09
1.299999999974898437e-09
1.400000000026363202e-09
1.399999999991634851e-09
1.399999999991634851e-09
1.600000000025107678e-09
1.499999999973642914e-09
1.700000000007539257e-09
1.699999999989751566e-09
1.700000000007115741e-09
1.899999999988919558e-09
1.800000000006487979e-09
1.900000000005860217e-09
1.900000000005860217e-09
1.999999999988291797e-09
2.000000000005232456e-09
2.100000000004604694e-09
2.099999999987240518e-09
2.100000000004604694e-09
2.200000000003976932e-09
2.200000000003976932e-09
2.099999999987240518e-09
2.300000000003349170e-09
2.300000000003349170e-09
2.300000000003349170e-09
2.299999999985984995e-09
2.300000000003772687e-09
2.340000000017158812e-09
2.339999999982430461e-09
2.350000000011929135e-09
2.369999999984105605e-09
2.370000000018833956e-09
2.369999999992999451e-09
2.369999999992999451e-09
2.380000000004710433e-09
2.379999999996240104e-09
2.360000000006699458e-09
2.369999999992999451e-09
2.359999999998229128e-09
2.339999999999794637e-09
2.329999999996553985e-09
2.330000000005024314e-09
2.309999999998119493e-09
2.290000000000532034e-09
2.260000000003092055e-09
2.249999999995616238e-09
2.220000000002411424e-09
2.200000000004400448e-09
2.159999999995249487e-09
2.140000000005708842e-09
2.089999999997128877e-09
2.069999999999117902e-09
2.030000000000554852e-09
1.973999999999856078e-09
1.941000000000427464e-09
1.891999999999286641e-09
1.841479999999831807e-09
1.787520000000180373e-09
1.733999999999160421e-09
1.677999999999732196e-09
1.612000000000874967e-09
1.560000000000710124e-09
1.489999999996236766e-09
1.420000000002774837e-09
1.370000000003088718e-09
1.279999999998486802e-09
1.219999999999795196e-09
1.139999999998433933e-09
1.050000000006961028e-09
9.899999999904817295e-10
9.000000000032439896e-10
8.200000000023062430e-10
7.299999999977043277e-10
6.400000000015727418e-10
5.600000000002114788e-10
4.599999999919453947e-10
3.600000000103608484e-10
2.699999999968650871e-10
1.800000000007335012e-10
7.999999999246741708e-11
-2.999999999278129799e-11
-1.200000000062770593e-10
-2.300000000004196203e-10
-3.399999999945621813e-10
-4.400000000112985949e-10
-5.600000000002114788e-10
-6.699999999943540398e-10
-7.699999999933027615e-10
-8.999999999947736601e-10
-1.000000000011510074e-09
-1.199999999992890375e-09
-1.200000000010254550e-09
-1.399999999974270676e-09
-1.400000000008999026e-09
-1.700000000007115741e-09
-1.700000000007115741e-09
-1.900000000006283734e-09
-1.999999999988291797e-09
-2.199999999987036273e-09
-2.200000000004400448e-09
-2.500000000002517163e-09
-2.500000000002517163e-09
-2.700000000001261639e-09
-2.700000000001261639e-09
-2.900000000000429632e-09
-3.099999999981809933e-09
-3.200000000015910522e-09
-3.400000000014654998e-09
-3.499999999961934710e-09
-3.600000000048127826e-09
-3.799999999977415600e-09
-3.899999999994575530e-09
-4.000000000011311944e-09
-4.200000000010056420e-09
-4.299999999957336132e-09
-4.400000000043105731e-09
-4.599999999972817022e-09
-4.699999999989553436e-09
-4.800000000005866333e-09
-5.000000000005034326e-09
-5.100000000021770739e-09
-5.200000000003778802e-09
-5.399999999967794928e-09
-5.500000000019259692e-09
-5.600000000001267755e-09
-5.800000000000012231e-09
-5.799999999965283880e-09
-6.000000000033908575e-09
-6.100000000015916638e-09
-6.199999999963196350e-09
-6.500000000013405590e-09
-6.399999999996669177e-09
-6.599999999995413653e-09
-6.700000000012150067e-09
-6.899999999976166192e-09
-6.900000000010894543e-09
-7.100000000010062536e-09
-7.099999999975334185e-09
-7.300000000008807012e-09
-7.400000000025543426e-09
-7.499999999972823138e-09
-7.600000000024287902e-09
-7.799999999988304028e-09
-7.799999999988304028e-09
-8.000000000021776855e-09
-7.999999999987472021e-09
-8.100000000004208434e-09
-8.400000000019689324e-09
-8.399999999984960973e-09
-8.500000000001697387e-09
-8.500000000001697387e-09
-8.799999999982449926e-09
-8.899999999999186340e-09
-8.900000000033914691e-09
-9.099999999998354333e-09
-9.199999999945634045e-09
-9.300000000100860345e-09
-9.399999999979106872e-09
-9.599999999943122997e-09
-9.700000000029316113e-09
-9.699999999959859411e-09
-1.000000000001006865e-08
-1.000000000001006865e-08
-1.019999999997450829e-08
-1.029999999999124471e-08
-1.040000000000798112e-08
-1.060000000004145395e-08
-1.069999999998873366e-08
-1.080000000000547007e-08
-1.090000000002220649e-08
-1.109999999998622261e-08
-1.109999999998622261e-08
-1.140000000003643185e-08
-1.139999999996697515e-08
-1.160000000000044798e-08
-1.160000000000044798e-08
-1.179999999996446410e-08
-1.180000000003392081e-08
-1.170000000001718439e-08
-1.189999999998120052e-08
-1.170000000001718439e-08
-1.169999999994772769e-08
-1.140000000003643185e-08
-1.130000000001969544e-08
-1.089999999995274979e-08
-1.070000000005819036e-08
-1.009999999995734836e-08
-9.600000000082036401e-09
-8.999999999911737701e-09
-8.099999999969480083e-09
-7.400000000060271777e-09
-6.399999999961940826e-09
-5.200000000038507153e-09
-4.099999999992896490e-09
-2.800000000052726404e-09
-1.299999999940170087e-09
1.999999999640161255e-10
1.800000000023852155e-09
3.499999999961511194e-09
5.200000000038507153e-09
7.100000000009639020e-09
8.899999999964457989e-09
1.059999999997157373e-08
1.250000000008204252e-08
1.410000000000296514e-08
1.599999999997452052e-08
1.750000000001762014e-08
1.899999999999126305e-08
2.040000000001762626e-08
2.179999999997453276e-08
2.270000000005570378e-08
2.379999999996240104e-08
2.459999999995780246e-08
2.510000000004148453e-08
2.540000000002266058e-08
2.549999999990048359e-08
2.540000000002266058e-08
2.520000000005822094e-08
2.460000000002725916e-08
2.379999999996282455e-08
2.300000000003687983e-08
2.179999999997453276e-08
2.059999999998164238e-08
1.930000000004147229e-08
1.759999999996489985e-08
1.599999999997409701e-08
1.440000000005317438e-08
1.259999999995986553e-08
1.080000000000504656e-08
8.999999999981194403e-09
7.199999999956918731e-09
5.300000000055243567e-09
3.499999999961511194e-09
1.900000000040588568e-09
2.999999999811760556e-10
-1.400000000026363202e-09
-2.799999999983269702e-09
-4.299999999956912616e-09
-5.400000000002523279e-09
-6.499999999978677240e-09
-7.700000000041024316e-09
-8.400000000019689324e-09
-9.200000000014667230e-09
-1.000000000001006865e-08
-1.059999999997199725e-08
-1.090000000002220649e-08
-1.139999999989751845e-08
-1.170000000008664109e-08
-1.199999999992848023e-08
-1.209999999994521664e-08
-1.230000000004814617e-08
-1.230000000004856969e-08
-1.230000000004856969e-08
-1.230000000004856969e-08
-1.219999999982346317e-08
-1.220000000010086646e-08
-1.199999999992890375e-08
-1.199999999992848023e-08
-1.180000000003392081e-08
-1.160000000000044798e-08
-1.140000000010588856e-08
-1.139999999996697515e-08
-1.120000000007241573e-08
-1.099999999990002950e-08
-1.090000000009166319e-08
-1.059999999997157373e-08
-1.059999999997199725e-08
-1.029999999999082119e-08
-1.020000000004354148e-08
-1.009999999995734836e-08
-9.900000000062788940e-09
-9.700000000029316113e-09
-9.599999999943122997e-09
-9.299999999962370458e-09
-9.299999999962370458e-09
-9.000000000119684289e-09
-8.999999999981194403e-09
-8.799999999947721575e-09
-8.600000000052738635e-09
-8.399999999880352404e-09
-8.199999999985792981e-09
-8.200000000124706384e-09
-7.900000000005040441e-09
-7.800000000057760730e-09
-7.699999999832654211e-09
-7.499999999938094787e-09
-7.400000000129728478e-09
-7.199999999957342248e-09
-7.000000000062359308e-09
-7.000000000062359308e-09
-6.699999999942693365e-09
-6.599999999995413653e-09
-6.499999999909220538e-09
-6.400000000100854229e-09
-6.299999999875747711e-09
-6.000000000033908575e-09
-5.900000000086205347e-09
-5.899999999947715460e-09
-5.800000000000012231e-09
-5.500000000019259692e-09
-5.399999999933066577e-09
-5.300000000124700268e-09
-5.199999999899593750e-09
-5.200000000038507153e-09
-4.900000000057754614e-09
-4.899999999918841211e-09
-4.800000000110051385e-09
-4.599999999937665155e-09
-4.499999999990385443e-09
-4.400000000043105731e-09
-4.299999999956912616e-09
-4.200000000009632904e-09
-4.099999999923439789e-09
-4.000000000115073480e-09
-3.899999999889966961e-09
-3.700000000133897424e-09
-3.699999999995407538e-09
-3.699999999856494134e-09
-3.400000000014231482e-09
-3.500000000100424597e-09
-3.299999999928038367e-09
-3.199999999980758655e-09
-3.100000000172392346e-09
-2.999999999947285828e-09
-2.899999999861092712e-09
-2.900000000138919519e-09
-2.799999999913813000e-09
-2.600000000019253577e-09
-2.600000000019253577e-09
-2.499999999933483978e-09
-2.399999999985780749e-09
-2.199999999952307922e-09
-2.300000000176990924e-09
-2.099999999866114807e-09
-2.000000000057324982e-09
-1.900000000110468786e-09
-1.899999999971555383e-09
-1.799999999885362268e-09
-1.500000000043099615e-09
-1.699999999938082556e-09
-1.399999999956906500e-09
-1.400000000095819904e-09
-1.300000000009626788e-09
-1.099999999976153961e-09
-1.199999999923433673e-09
-1.000000000167364136e-09
-8.999999999426811339e-10
-7.999999999949779055e-10
-7.000000000476981935e-10
-6.999999999092083067e-10
-5.000000001531387697e-10
-4.999999998757354795e-10
-2.999999999807525391e-10
-2.999999999807525391e-10
-2.000000000334728272e-10
-1.000000000861931153e-10
1.389134033497052556e-19
9.999999994727971193e-11
2.000000000334728272e-10
1.999999998949829403e-10
4.000000000669456544e-10
5.000000000142253663e-10
3.999999999280322511e-10
7.000000000481217100e-10
1.199999999923433673e-09
1.000000000167787652e-09
0.000000000000000000e+00
9.999999998899608458e-10
1.000000000028874249e-09
0.000000000000000000e+00
2.000000000057748498e-09
1.000000000028874249e-09
9.999999998899608458e-10
1.999999999918835095e-09
1.000000000028874249e-09
1.000000000028874249e-09
1.999999999918835095e-09
1.000000000028874249e-09
2.000000000057324982e-09
2.000000000057748498e-09
1.000000000028450733e-09
1.999999999918411578e-09
1.000000000028450733e-09
2.000000000057324982e-09
1.999999999918411578e-09
2.000000000057324982e-09
1.999999999918411578e-09
2.000000000057324982e-09
1.000000000028874249e-09
2.000000000057324982e-09
1.999999999918835095e-09
2.000000000057324982e-09
1.999999999918835095e-09
2.999999999947709344e-09
2.000000000057324982e-09
1.000000000028874249e-09
1.999999999918835095e-09
3.000000000086199231e-09
9.999999998899608458e-10
2.000000000057748498e-09
2.000000000057748498e-09
1.999999999918835095e-09
2.000000000057748498e-09
2.000000000057324982e-09
2.000000000057748498e-09
1.999999999779921692e-09
2.000000000057324982e-09
2.000000000057748498e-09
2.000000000057324982e-09
1.000000000028874249e-09
2.999999999808795941e-09
1.000000000028874249e-09
2.000000000057324982e-09
2.000000000057324982e-09
1.000000000028874249e-09
1.999999999918835095e-09
1.999999999918411578e-09
2.000000000057324982e-09
1.000000000028450733e-09
1.000000000028874249e-09
1.999999999918835095e-09
2.000000000057324982e-09
1.000000000028450733e-09
1.999999999918835095e-09
2.000000000057324982e-09
0.000000000000000000e+00
2.000000000057324982e-09
9.999999998899608458e-10
2.000000000057324982e-09
1.000000000028450733e-09
1.000000000028874249e-09
9.999999998899608458e-10
2.000000000057324982e-09
0.000000000000000000e+00
2.000000000057324982e-09
0.000000000000000000e+00
1.999999999779921692e-09
1.389134033497052556e-19
1.999999999918411578e-09
1.389134033497052556e-19
1.999999999918411578e-09
1.000000000028874249e-09
0.000000000000000000e+00
1.000000000028874249e-09
0.000000000000000000e+00
1.000000000028874249e-09
1.000000000028450733e-09
0.000000000000000000e+00
1.000000000028450733e-09
9.999999997510474424e-10
1.000000000028874249e-09
1.000000000028450733e-09
2.778268066994105112e-19
9.999999997510474424e-10
2.778268066994105112e-19
9.999999997510474424e-10
0.000000000000000000e+00
1.000000000028874249e-09
1.000000000028874249e-09
0.000000000000000000e+00
0.000000000000000000e+00
9.999999997510474424e-10
1.000000000306277539e-09
-2.778268066994105112e-19
1.000000000306277539e-09
0.000000000000000000e+00
9.999999997510474424e-10
2.774032902257833610e-19
9.999999997510474424e-10
0.000000000000000000e+00
2.774032902257833610e-19
9.999999997510474424e-10
1.000000000028874249e-09
0.000000000000000000e+00
1.000000000028874249e-09
-1.000000000028874249e-09
1.000000000028874249e-09
9.999999997514709589e-10
2.774032902257833610e-19
1.000000000028874249e-09
0.000000000000000000e+00
9.999999997510474424e-10
0.000000000000000000e+00
1.000000000306277539e-09
0.000000000000000000e+00
1.000000000028450733e-09
9.999999997510474424e-10
0.000000000000000000e+00
1.000000000028450733e-09
0.000000000000000000e+00
2.778268066994105112e-19
1.999999999779921692e-09
0.000000000000000000e+00
1.000000000028874249e-09
-1.000000000028874249e-09
1.000000000028874249e-09
1.000000000028874249e-09
0.000000000000000000e+00
1.000000000028874249e-09
0.000000000000000000e+00
1.000000000028874249e-09
1.000000000028874249e-09
0.000000000000000000e+00
1.000000000028874249e-09
0.000000000000000000e+00
1.000000000028874249e-09
1.000000000028874249e-09
0.000000000000000000e+00
9.999999997514709589e-10
0.000000000000000000e+00
0.000000000000000000e+00
1.000000000028874249e-09
0.000000000000000000e+00
1.000000000028874249e-09
1.000000000028874249e-09
-1.000000000028874249e-09
9.999999997510474424e-10
2.778268066994105112e-19
1.000000000028874249e-09
0.000000000000000000e+00
0.000000000000000000e+00
9.999999997510474424e-10
0.000000000000000000e+00
2.778268066994105112e-19
1.000000000028450733e-09
0.000000000000000000e+00
9.999999997510474424e-10
0.000000000000000000e+00
2.778268066994105112e-19
-2.774032902257833610e-19
1.000000000028450733e-09
0.000000000000000000e+00
2.774032902257833610e-19
9.999999997510474424e-10
-1.000000000028450733e-09
0.000000000000000000e+00
2.774032902257833610e-19
9.999999997514709589e-10
0.000000000000000000e+00
2.774032902257833610e-19
-2.774032902257833610e-19
0.000000000000000000e+00
2.774032902257833610e-19
-2.774032902257833610e-19
0.000000000000000000e+00
1.000000000028874249e-09
0.000000000000000000e+00
0.000000000000000000e+00
0.000000000000000000e+00
-9.999999997514709589e-10
9.999999997514709589e-10
0.000000000000000000e+00
2.774032902257833610e-19
-2.774032902257833610e-19
-1.000000000028874249e-09
1.000000000028874249e-09
0.000000000000000000e+00
