0.000000000000000000e+00
1.000000000306277539e-09
-2.774032902257833610e-19
0.000000000000000000e+00
-9.999999997514709589e-10
0.000000000000000000e+00
9.999999997514709589e-10
0.000000000000000000e+00
2.774032902257833610e-19
-2.774032902257833610e-19
0.000000000000000000e+00
2.774032902257833610e-19
-2.774032902257833610e-19
0.000000000000000000e+00
2.774032902257833610e-19
-2.774032902257833610e-19
0.000000000000000000e+00
0.000000000000000000e+00
2.774032902257833610e-19
-2.774032902257833610e-19
0.000000000000000000e+00
2.774032902257833610e-19
-2.774032902257833610e-19
0.000000000000000000e+00
0.000000000000000000e+00
2.774032902257833610e-19
-1.000000000306277539e-09
0.000000000000000000e+00
1.000000000306277539e-09
0.000000000000000000e+00
-1.000000000306277539e-09
0.000000000000000000e+00
1.000000000306277539e-09
-1.000000000028450733e-09
-2.774032902257833610e-19
0.000000000000000000e+00
2.774032902257833610e-19
0.000000000000000000e+00
9.999999997510474424e-10
-1.000000000028450733e-09
2.778268066994105112e-19
0.000000000000000000e+00
1.000000000028450733e-09
-2.778268066994105112e-19
0.000000000000000000e+00
0.000000000000000000e+00
2.778268066994105112e-19
0.000000000000000000e+00
-2.778268066994105112e-19
-1.000000000028874249e-09
0.000000000000000000e+00
1.000000000028874249e-09
-9.999999997510474424e-10
0.000000000000000000e+00
0.000000000000000000e+00
-2.778268066994105112e-19
0.000000000000000000e+00
1.000000000028874249e-09
-1.000000000028874249e-09
2.774032902257833610e-19
0.000000000000000000e+00
0.000000000000000000e+00
-1.000000000028874249e-09
0.000000000000000000e+00
0.000000000000000000e+00
-2.774032902257833610e-19
0.000000000000000000e+00
0.000000000000000000e+00
0.000000000000000000e+00
0.000000000000000000e+00
-1.000000000028874249e-09
0.000000000000000000e+00
0.000000000000000000e+00
-9.999999997514709589e-10
0.000000000000000000e+00
-1.000000000028874249e-09
0.000000000000000000e+00
-1.000000000028874249e-09
0.000000000000000000e+00
0.000000000000000000e+00
-1.000000000028874249e-09
0.000000000000000000e+00
-9.999999997510474424e-10
0.000000000000000000e+00
0.000000000000000000e+00
-1.000000000028874249e-09
0.000000000000000000e+00
-1.000000000028874249e-09
-1.000000000028874249e-09
0.000000000000000000e+00
-1.000000000028874249e-09
-2.778268066994105112e-19
-1.000000000028874249e-09
0.000000000000000000e+00
0.000000000000000000e+00
-9.999999997510474424e-10
-1.000000000028874249e-09
0.000000000000000000e+00
-1.000000000028874249e-09
-1.000000000028450733e-09
-1.000000000028874249e-09
0.000000000000000000e+00
-9.999999997510474424e-10
0.000000000000000000e+00
-1.000000000306277539e-09
-1.000000000028874249e-09
0.000000000000000000e+00
-1.000000000028450733e-09
-9.999999997510474424e-10
-1.000000000028450733e-09
-1.000000000028874249e-09
0.000000000000000000e+00
-1.000000000028450733e-09
-1.000000000028874249e-09
2.778268066994105112e-19
-1.000000000028450733e-09
-1.000000000167787652e-09
-1.000000000028450733e-09
0.000000000000000000e+00
-1.000000000028874249e-09
-1.000000000028450733e-09
0.000000000000000000e+00
-9.999999998899608458e-10
0.000000000000000000e+00
-1.389134033497052556e-19
-1.000000000028874249e-09
-9.999999998899608458e-10
0.000000000000000000e+00
-1.000000000028874249e-09
1.389134033497052556e-19
-1.389134033497052556e-19
0.000000000000000000e+00
0.000000000000000000e+00
0.000000000000000000e+00
-9.999999998899608458e-10
0.000000000000000000e+00
9.999999998899608458e-10
0.000000000000000000e+00
0.000000000000000000e+00
0.000000000000000000e+00
1.000000000028874249e-09
-1.000000000028874249e-09
1.000000000028874249e-09
1.000000000028874249e-09
0.000000000000000000e+00
0.000000000000000000e+00
9.999999998899608458e-10
0.000000000000000000e+00
1.000000000028874249e-09
0.000000000000000000e+00
1.000000000028874249e-09
0.000000000000000000e+00
1.000000000028874249e-09
-1.389134033497052556e-19
1.389134033497052556e-19
1.000000000028874249e-09
9.999999998899608458e-10
0.000000000000000000e+00
1.000000000028874249e-09
0.000000000000000000e+00
0.000000000000000000e+00
1.000000000028874249e-09
1.000000000028874249e-09
0.000000000000000000e+00
0.000000000000000000e+00
1.000000000028874249e-09
0.000000000000000000e+00
0.000000000000000000e+00
9.999999998899608458e-10
0.000000000000000000e+00
1.000000000028874249e-09
0.000000000000000000e+00
1.389134033497052556e-19
0.000000000000000000e+00
1.999999999918835095e-09
0.000000000000000000e+00
0.000000000000000000e+00
0.000000000000000000e+00
9.999999998899608458e-10
0.000000000000000000e+00
1.000000000167787652e-09
-1.000000000028874249e-09
9.999999998899608458e-10
0.000000000000000000e+00
1.389134033497052556e-19
9.999999998899608458e-10
0.000000000000000000e+00
0.000000000000000000e+00
1.000000000167787652e-09
-1.389134033497052556e-19
0.000000000000000000e+00
0.000000000000000000e+00
0.000000000000000000e+00
5.999999999619285947e-10
2.000000000334728272e-10
2.000000000334728272e-10
9.999999994727971193e-11
2.000000000334728272e-10
9.999999994727971193e-11
1.000000000861931153e-10
9.999999994727971193e-11
9.999999994727971193e-11
1.389134033497052556e-19
9.999999994727971193e-11
0.000000000000000000e+00
0.000000000000000000e+00
-9.999999994727971193e-11
-1.000000000861931153e-10
0.000000000000000000e+00
-9.999999994727971193e-11
-1.000000000861931153e-10
-9.999999994727971193e-11
-2.000000000334728272e-10
-1.999999998945594239e-10
-2.000000000334728272e-10
-2.000000000334728272e-10
-2.999999999811760556e-10
-2.000000000334728272e-10
-2.999999999811760556e-10
-2.999999999807525391e-10
-3.000000001196659425e-10
-2.999999999807525391e-10
-2.999999998422626523e-10
-2.999999999807525391e-10
-3.000000001196659425e-10
-2.999999999807525391e-10
-1.999999998945594239e-10
-2.999999999807525391e-10
-2.000000000334728272e-10
-2.000000001723862306e-10
-2.000000000334728272e-10
-1.999999998945594239e-10
-1.000000000857695988e-10
-9.999999994727971193e-11
-9.999999994727971193e-11
1.000000000857695988e-10
0.000000000000000000e+00
9.999999994727971193e-11
0.000000000000000000e+00
1.999999998949829403e-10
3.000000001196659425e-10
1.999999998949829403e-10
4.000000000673691709e-10
3.999999999284557675e-10
5.000000001531387697e-10
3.999999999284557675e-10
5.000000000146488828e-10
6.999999999092083067e-10
5.999999999619285947e-10
7.000000000481217100e-10
7.000000000481217100e-10
9.000000000815945372e-10
7.999999998564880186e-10
9.000000000815945372e-10
8.999999999426811339e-10
9.000000000815945372e-10
8.999999999426811339e-10
1.000000000028874249e-09
8.999999999426811339e-10
1.100000000115067364e-09
8.999999999426811339e-10
1.000000000028874249e-09
8.999999999426811339e-10
1.000000000028874249e-09
8.999999999426811339e-10
1.000000000028450733e-09
9.000000000811710207e-10
8.999999999422576174e-10
7.999999999949779055e-10
7.999999998564880186e-10
7.000000001866115969e-10
6.999999999087847902e-10
6.999999999092083067e-10
6.000000001004184816e-10
5.000000000142253663e-10
5.000000000142253663e-10
3.999999999284557675e-10
3.000000001196659425e-10
3.999999999280322511e-10
3.000000001196659425e-10
9.999999980878982505e-11
1.000000000861931153e-10
1.000000000857695988e-10
-1.000000000857695988e-10
0.000000000000000000e+00
-2.000000000334728272e-10
-1.999999998949829403e-10
-4.000000000669456544e-10
-3.000000001196659425e-10
-4.999999998757354795e-10
-4.000000000673691709e-10
-5.000000000146488828e-10
-6.999999999092083067e-10
-5.999999999619285947e-10
-7.000000000481217100e-10
-9.000000000811710207e-10
-7.999999999954014219e-10
-7.999999999954014219e-10
-8.999999999426811339e-10
-1.099999999976153961e-09
-1.000000000028874249e-09
-9.999999998899608458e-10
-1.099999999976153961e-09
-1.100000000115067364e-09
-1.099999999976153961e-09
-1.100000000114643848e-09
-1.099999999976153961e-09
-1.200000000062347076e-09
-1.199999999854400488e-09
-1.199999999992890375e-09
-1.200000000062347076e-09
-1.099999999976153961e-09
-1.300000000009626788e-09
-1.099999999976153961e-09
-1.199999999992890375e-09
-1.200000000062347076e-09
-1.099999999906697259e-09
-1.300000000079083490e-09
-1.099999999976153961e-09
-1.099999999976153961e-09
-1.200000000062347076e-09
-1.099999999906697259e-09
-1.200000000062347076e-09
-1.099999999976153961e-09
-1.099999999976153961e-09
-1.100000000045610663e-09
-1.099999999976153961e-09
-1.200000000062347076e-09
-1.099999999906697259e-09
-1.200000000062347076e-09
-9.999999999594175475e-10
-1.200000000062347076e-09
-1.199999999992890375e-09
-9.999999999594175475e-10
-1.300000000009626788e-09
-1.099999999976153961e-09
-1.200000000061923560e-09
-1.199999999923433673e-09
-1.100000000045187146e-09
-1.199999999992890375e-09
-1.199999999992890375e-09
-1.200000000062347076e-09
-1.099999999906697259e-09
-1.200000000062347076e-09
-1.099999999976153961e-09
-1.199999999992890375e-09
-1.199999999992890375e-09
-1.000000000028874249e-09
-1.099999999976153961e-09
-1.000000000028874249e-09
-1.099999999976153961e-09
-9.000000000121378355e-10
-9.999999999594175475e-10
-7.999999999954014219e-10
-7.999999999954014219e-10
-7.999999999954014219e-10
-6.000000000313852964e-10
-6.000000000313852964e-10
-5.000000000146488828e-10
-4.999999999451921811e-10
-3.999999999974889527e-10
-2.000000000334728272e-10
-1.999999999640161255e-10
-6.945670167485262780e-20
6.945670167485262780e-20
1.999999999640161255e-10
2.000000000334728272e-10
3.999999999974889527e-10
4.999999999451921811e-10
6.000000000313852964e-10
7.000000000481217100e-10
7.999999999259447203e-10
1.000000000028874249e-09
9.999999999594175475e-10
1.200000000062347076e-09
1.299999999940170087e-09
1.400000000026363202e-09
1.599999999990379327e-09
1.700000000007115741e-09
1.800000000023852155e-09
1.899999999971131867e-09
2.000000000057324982e-09
2.100000000005028210e-09
2.199999999952307922e-09
2.300000000038501037e-09
2.499999999933060461e-09
2.600000000019253577e-09
2.600000000019253577e-09
2.699999999966533288e-09
2.800000000052726404e-09
2.900000000000006116e-09
2.999999999947285828e-09
3.100000000033478943e-09
3.000000000016742529e-09
3.199999999980758655e-09
3.299999999997495068e-09
3.199999999980758655e-09
3.400000000014231482e-09
3.400000000014231482e-09
3.399999999944774780e-09
3.400000000014231482e-09
3.599999999978247607e-09
3.400000000083688184e-09
3.599999999978247607e-09
3.499999999996239545e-09
3.499999999996239545e-09
3.600000000013399475e-09
3.499999999996663061e-09
3.499999999961934710e-09
3.400000000014654998e-09
3.499999999996663061e-09
3.400000000014654998e-09
3.399999999979926648e-09
3.400000000014654998e-09
3.300000000032646936e-09
3.199999999981182171e-09
3.199999999981182171e-09
3.000000000017166046e-09
3.099999999999174108e-09
3.099999999964445758e-09
2.900000000035157983e-09
2.899999999965701281e-09
2.800000000018421569e-09
2.800000000018421569e-09
2.699999999966533288e-09
2.600000000053981927e-09
2.499999999967788812e-09
2.499999999967788812e-09
2.400000000020085584e-09
2.300000000003349170e-09
2.200000000021341107e-09
2.100000000004604694e-09
2.099999999970299859e-09
1.900000000040588568e-09
1.999999999953563446e-09
1.700000000007115741e-09
1.800000000023852155e-09
1.700000000007115741e-09
1.399999999991634851e-09
1.500000000008371265e-09
1.299999999975321954e-09
1.300000000009626788e-09
1.099999999976153961e-09
9.999999999941458983e-10
9.000000000468661864e-10
8.999999999774094847e-10
7.000000000133933592e-10
6.999999999786650083e-10
3.999999999979124692e-10
5.000000000146488828e-10
1.999999999987444764e-10
1.000000000167364136e-10
9.999999998200806276e-11
-9.999999999937223818e-11
-1.999999999987444764e-10
-2.999999999981167145e-10
-4.000000000148531281e-10
-5.999999999792927701e-10
-7.000000000133933592e-10
-7.999999999954014219e-10
-8.999999999947736601e-10
-1.000000000011510074e-09
-1.199999999992890375e-09
-1.199999999992890375e-09
-1.400000000008999026e-09
-1.500000000008371265e-09
-1.599999999990802844e-09
-1.699999999990175082e-09
-1.800000000006911496e-09
-2.000000000005655972e-09
-2.030000000006907599e-09
-2.199999999987036273e-09
-2.309999999998543009e-09
-2.439999999999590392e-09
-2.539999999998962630e-09
-2.669999999999586495e-09
-2.800000000009527723e-09
-2.919999999998440607e-09
-3.039999999995823821e-09
-3.170000000005341532e-09
-3.309999999992265391e-09
-3.450000000005447272e-09
-3.590000000009735306e-09
-3.739999999991853004e-09
-3.870000000001370716e-09
-4.009999999997188421e-09
-4.150000000001476455e-09
-4.290000000005340973e-09
-4.429999999992688349e-09
-4.580000000004875717e-09
-4.739999999998704397e-09
-4.869999999995516614e-09
-5.010000000004039813e-09
-5.159999999998863006e-09
-5.310000000000462462e-09
-5.440000000001086328e-09
-5.569999999997475029e-09
-5.714000000000179412e-09
-5.838000000000214139e-09
-5.971000000000709057e-09
-6.107020000000300546e-09
-6.239979999999379815e-09
-6.368000000000868056e-09
-6.483999999999411404e-09
-6.608000000000293164e-09
-6.739999999999701688e-09
-6.870000000000749070e-09
-6.989999999998555800e-09
-7.099999999996933525e-09
-7.230000000001792556e-09
-7.340000000000593798e-09
-7.460000000002212176e-09
-7.579999999995783741e-09
-7.679999999999391144e-09
-7.820000000003679178e-09
-7.929999999997821739e-09
-8.050000000004098799e-09
-8.179999999996675851e-09
-8.300000000002952911e-09
-8.400000000001901632e-09
-8.539999999997719337e-09
-8.639999999997091576e-09
-8.769999999998138958e-09
-8.870000000006405042e-09
-9.010000000001799230e-09
-9.129999999999605960e-09
-9.250000000005459503e-09
-9.379999999989142710e-09
-9.490000000000649446e-09
-9.610000000006926505e-09
-9.729999999995839389e-09
-9.839999999989981950e-09
-1.000000000001006865e-08
-1.009999999999207671e-08
-1.020000000000881313e-08
-1.020000000000881313e-08
-1.049999999997220149e-08
-1.050000000000692984e-08
-1.070000000000567432e-08
-1.070000000000609784e-08
-1.080000000000547007e-08
-1.100000000000421455e-08
-1.109999999998622261e-08
-1.110000000000358679e-08
-1.130000000000233126e-08
-1.130000000000233126e-08
-1.149999999998371157e-08
-1.140000000000170350e-08
-1.160000000000044798e-08
-1.160000000000044798e-08
-1.179999999999961597e-08
-1.190000000001635239e-08
-1.189999999998162403e-08
-1.200000000003308880e-08
-1.209999999998036851e-08
-1.199999999999836045e-08
-1.210000000001509686e-08
-1.209999999998036851e-08
-1.209999999998036851e-08
-1.200000000003266528e-08
-1.179999999999961597e-08
-1.179999999996488762e-08
-1.140000000000170350e-08
-1.120000000003726386e-08
-1.080000000000504656e-08
-1.039999999997282925e-08
-9.800000000010900659e-09
-9.200000000014667230e-09
-8.599999999983281933e-09
-7.700000000006295965e-09
-6.799999999959429779e-09
-5.600000000035996106e-09
-4.600000000007121857e-09
-3.299999999997495068e-09
-1.899999999971131867e-09
-3.999999999974889527e-10
1.199999999992890375e-09
2.900000000000006116e-09
4.600000000007545373e-09
6.599999999995413653e-09
8.199999999986216497e-09
1.030000000002554954e-08
1.209999999997994499e-08
1.399999999998622873e-08
1.580000000001008088e-08
1.759999999999962820e-08
1.919999999999000753e-08
2.100000000001385969e-08
2.240000000000549454e-08
2.369999999998039297e-08
2.510000000000675618e-08
2.599999999998416566e-08
2.680000000001429543e-08
2.760000000000927334e-08
2.800000000000718581e-08
2.809999999998919387e-08
2.829999999998793835e-08
2.789999999999044939e-08
2.750000000002726528e-08
2.700000000001303991e-08
2.599999999991513247e-08
2.500000000002474811e-08
2.380000000003185774e-08
2.240000000000549454e-08
2.099999999997913133e-08
1.940000000005820871e-08
1.769999999998163627e-08
1.590000000002681730e-08
1.409999999993350844e-08
1.230000000004814617e-08
1.039999999993810090e-08
8.600000000052738635e-09
6.799999999959429779e-09
5.000000000005034326e-09
3.199999999980758655e-09
1.600000000059836029e-09
-6.945670167485262780e-20
-1.399999999956906500e-09
-2.699999999966533288e-09
-4.000000000045616778e-09
-5.000000000005034326e-09
-6.099999999981188287e-09
-7.000000000062359308e-09
-7.799999999918847326e-09
-8.400000000019265808e-09
-9.099999999997930816e-09
-9.400000000048140057e-09
-1.009999999995734836e-08
-1.019999999997408478e-08
-1.070000000005819036e-08
-1.069999999991927696e-08
-1.100000000010839960e-08
-1.109999999991676591e-08
-1.099999999996948620e-08
-1.120000000007241573e-08
-1.120000000000295903e-08
-1.119999999993350232e-08
-1.120000000007199221e-08
-1.109999999998579910e-08
-1.099999999996906268e-08
-1.109999999998622261e-08
-1.090000000002220649e-08
-1.100000000003894290e-08
-1.089999999995274979e-08
-1.069999999998873366e-08
-1.090000000002220649e-08
-1.070000000005776685e-08
-1.059999999990211703e-08
-1.070000000005776685e-08
-1.059999999997157373e-08
-1.050000000002429402e-08
-1.050000000002429402e-08
-1.039999999993810090e-08
-1.030000000006027789e-08
-1.039999999993852442e-08
-1.029999999999124471e-08
-1.020000000004354148e-08
-1.020000000004354148e-08
-1.019999999990462808e-08
-1.010000000009626177e-08
-1.009999999995734836e-08
-9.899999999993332238e-09
-1.000000000001006865e-08
-9.999999999940611950e-09
-9.800000000046052526e-09
-9.799999999976595824e-09
-9.800000000046052526e-09
-9.599999999943122997e-09
-9.600000000012579699e-09
-9.700000000029316113e-09
-9.399999999979106872e-09
-9.400000000048563573e-09
-9.399999999979106872e-09
-9.299999999962370458e-09
-9.200000000084123931e-09
-9.099999999928897631e-09
-9.100000000067387518e-09
-8.899999999895424804e-09
-8.800000000086211462e-09
-8.700000000000018347e-09
-8.599999999983281933e-09
-8.599999999983281933e-09
-8.400000000019265808e-09
-8.199999999985792981e-09
-8.199999999985792981e-09
-8.000000000021776855e-09
-7.900000000005040441e-09
-7.799999999988304028e-09
-7.600000000024287902e-09
-7.399999999990815075e-09
-7.299999999974078662e-09
-7.100000000009639020e-09
-6.899999999976166192e-09
-6.799999999959429779e-09
-6.699999999942693365e-09
-6.400000000100854229e-09
-6.200000000067381402e-09
-6.000000000033908575e-09
-5.899999999808802056e-09
-5.700000000191645923e-09
-5.399999999933490093e-09
-5.299999999846873462e-09
-5.100000000091227441e-09
-4.799999999971561499e-09
-4.500000000129298846e-09
-4.499999999990385443e-09
-4.200000000010056420e-09
-3.799999999942687249e-09
-3.799999999942687249e-09
-3.400000000153144885e-09
-3.299999999789548480e-09
-3.100000000033478943e-09
-2.800000000052726404e-09
-2.600000000019253577e-09
-2.399999999985780749e-09
-2.200000000091221325e-09
-1.999999999918835095e-09
-1.800000000024275671e-09
-1.599999999990379327e-09
-1.300000000009626788e-09
-1.300000000009626788e-09
-9.999999998899608458e-10
-9.000000000811710207e-10
-5.999999999615050783e-10
-5.000000000142253663e-10
-5.000000001531387697e-10
-1.999999998945594239e-10
-1.000000000861931153e-10
1.389134033497052556e-19
2.000000000334728272e-10
2.999999998418391358e-10
3.000000001196659425e-10
4.999999998757354795e-10
5.000000000146488828e-10
6.000000001004184816e-10
7.999999998564880186e-10
8.000000001343148253e-10
7.999999999954014219e-10
7.999999999954014219e-10
1.000000000028874249e-09
1.099999999976153961e-09
1.000000000028874249e-09
1.000000000028874249e-09
1.199999999923433673e-09
1.200000000062347076e-09
1.199999999923433673e-09
1.300000000009626788e-09
1.200000000062347076e-09
1.299999999870713385e-09
1.300000000148540192e-09
1.299999999870713385e-09
1.300000000148540192e-09
1.399999999956906500e-09
1.499999999904186212e-09
1.300000000009626788e-09
1.500000000043099615e-09
1.399999999956906500e-09
1.500000000043099615e-09
1.399999999956906500e-09
1.500000000043099615e-09
1.599999999990802844e-09
1.500000000043523132e-09
1.500000000043099615e-09
1.599999999851889441e-09
1.500000000043523132e-09
1.599999999990802844e-09
1.599999999990379327e-09
1.700000000076995959e-09
1.699999999938082556e-09
1.700000000076995959e-09
1.599999999851889441e-09
1.800000000162765558e-09
1.699999999938082556e-09
1.800000000023852155e-09
1.800000000023852155e-09
1.800000000023852155e-09
1.799999999885362268e-09
1.800000000023852155e-09
2.000000000057748498e-09
1.899999999971131867e-09
1.800000000023852155e-09
2.000000000057324982e-09
1.999999999918835095e-09
2.000000000057324982e-09
1.999999999918835095e-09
1.999999999918835095e-09
2.200000000091221325e-09
2.100000000005028210e-09
2.100000000005028210e-09
2.100000000005028210e-09
2.199999999952307922e-09
2.200000000091221325e-09
2.299999999899587634e-09
2.200000000090797809e-09
2.299999999899587634e-09
2.300000000038501037e-09
2.399999999985780749e-09
2.300000000038501037e-09
2.500000000071973865e-09
2.299999999899587634e-09
2.500000000071973865e-09
2.499999999933060461e-09
2.500000000071550348e-09
2.399999999847290862e-09
2.600000000158166980e-09
2.500000000071973865e-09
2.499999999794147058e-09
2.600000000019253577e-09
2.600000000019253577e-09
3.000000000086622747e-09
2.000000000057748498e-09
2.999999999808795941e-09
2.000000000057748498e-09
2.000000000057748498e-09
3.999999999976583593e-09
1.000000000028874249e-09
2.999999999947285828e-09
2.999999999947709344e-09
2.000000000057324982e-09
2.999999999947285828e-09
2.000000000057324982e-09
1.999999999918835095e-09
3.000000000086199231e-09
3.000000000086199231e-09
1.999999999918411578e-09
2.000000000057324982e-09
1.999999999918411578e-09
2.000000000057324982e-09
2.999999999947285828e-09
2.000000000057324982e-09
2.999999999947285828e-09
2.000000000057324982e-09
9.999999998899608458e-10
2.000000000057324982e-09
2.000000000057748498e-09
2.000000000057324982e-09
1.999999999918835095e-09
2.999999999947709344e-09
2.000000000057324982e-09
1.000000000028874249e-09
1.999999999918835095e-09
2.000000000057324982e-09
9.999999998899608458e-10
2.000000000057748498e-09
1.000000000028874249e-09
1.999999999918835095e-09
2.000000000057748498e-09
0.000000000000000000e+00
2.000000000057748498e-09
9.999999998899608458e-10
1.000000000028874249e-09
2.000000000057748498e-09
0.000000000000000000e+00
1.000000000028874249e-09
9.999999998899608458e-10
1.000000000028874249e-09
0.000000000000000000e+00
1.000000000028874249e-09
0.000000000000000000e+00
1.000000000028874249e-09
-1.389134033497052556e-19
1.000000000028874249e-09
-1.000000000028874249e-09
1.389134033497052556e-19
9.999999998899608458e-10
1.389134033497052556e-19
-1.000000000028874249e-09
0.000000000000000000e+00
0.000000000000000000e+00
-1.000000000028874249e-09
0.000000000000000000e+00
-1.000000000028874249e-09
-9.999999998899608458e-10
-1.000000000028874249e-09
0.000000000000000000e+00
-2.000000000057748498e-09
0.000000000000000000e+00
-1.999999999918835095e-09
-1.000000000028874249e-09
-2.000000000057748498e-09
0.000000000000000000e+00
-1.999999999918835095e-09
-1.000000000167787652e-09
-2.999999999808795941e-09
-1.000000000167787652e-09
-9.999999997510474424e-10
-2.000000000334728272e-09
-1.999999999779921692e-09
-2.000000000057324982e-09
-1.999999999779921692e-09
-2.000000000335151788e-09
-1.999999999779921692e-09
-2.000000000057748498e-09
-2.000000000057748498e-09
-2.000000000057324982e-09
-2.000000000057748498e-09
-1.999999999779921692e-09
-2.000000000057748498e-09
-2.999999999808372424e-09
-2.000000000335151788e-09
-3.000000000086199231e-09
-1.999999999779921692e-09
-2.000000000057324982e-09
-1.999999999779921692e-09
-3.000000000364026038e-09
-2.000000000057324982e-09
-1.999999999779921692e-09
-3.000000000086199231e-09
-1.999999999779921692e-09
-2.000000000057324982e-09
-2.000000000057324982e-09
-2.999999999808795941e-09
-2.000000000057324982e-09
-2.000000000335151788e-09
-2.999999999808795941e-09
-3.000000000086199231e-09
-1.000000000028450733e-09
-3.000000000086199231e-09
-1.999999999779921692e-09
-3.000000000086199231e-09
-2.000000000057324982e-09
-2.000000000057324982e-09
-2.999999999808795941e-09
-2.000000000057324982e-09
-3.000000000086199231e-09
-1.000000000028874249e-09
-3.000000000086199231e-09
-1.999999999779921692e-09
-2.000000000057324982e-09
-1.999999999780345208e-09
-2.000000000057748498e-09
-3.000000000086622747e-09
-2.000000000057748498e-09
-2.000000000057748498e-09
-1.999999999779921692e-09
-2.000000000057748498e-09
-3.000000000086622747e-09
-9.999999997514709589e-10
-3.000000000086622747e-09
-2.000000000057748498e-09
-2.000000000057748498e-09
-2.000000000057748498e-09
-2.000000000057748498e-09
-1.999999999779921692e-09
-1.000000000028874249e-09
-2.000000000057748498e-09
-3.000000000086199231e-09
-1.000000000028874249e-09
-9.999999997510474424e-10
-2.000000000057324982e-09
-2.000000000057324982e-09
-1.000000000028874249e-09
-2.000000000057324982e-09
-2.000000000057324982e-09
-1.000000000028874249e-09
-1.000000000028450733e-09
-1.999999999779921692e-09
-1.000000000028450733e-09
-1.000000000028450733e-09
-1.999999999779921692e-09
-1.000000000306277539e-09
-1.000000000028450733e-09
-9.999999997510474424e-10
-1.000000000028450733e-09
-1.000000000028450733e-09
-2.774032902257833610e-19
-9.999999997510474424e-10
-1.000000000028450733e-09
0.000000000000000000e+00
-1.999999999779921692e-09
-2.774032902257833610e-19
0.000000000000000000e+00
-9.999999997510474424e-10
-2.774032902257833610e-19
-1.000000000028874249e-09
0.000000000000000000e+00
2.774032902257833610e-19
-2.774032902257833610e-19
-1.000000000028450733e-09
-9.999999997514709589e-10
0.000000000000000000e+00
9.999999997514709589e-10
2.774032902257833610e-19
-1.000000000028874249e-09
-2.774032902257833610e-19
2.774032902257833610e-19
0.000000000000000000e+00
-2.774032902257833610e-19
-9.999999997514709589e-10
1.000000000028874249e-09
-2.774032902257833610e-19
0.000000000000000000e+00
-9.999999997514709589e-10
0.000000000000000000e+00
9.999999997514709589e-10
2.774032902257833610e-19
0.000000000000000000e+00
-1.000000000306277539e-09
2.774032902257833610e-19
1.000000000028874249e-09
0.000000000000000000e+00
