2.774032902257833610e-19
1.000000000028874249e-09
-2.774032902257833610e-19
0.000000000000000000e+00
-9.999999997514709589e-10
0.000000000000000000e+00
9.999999997514709589e-10
2.774032902257833610e-19
0.000000000000000000e+00
-2.774032902257833610e-19
2.774032902257833610e-19
1.000000000028874249e-09
-2.774032902257833610e-19
0.000000000000000000e+00
2.774032902257833610e-19
-2.774032902257833610e-19
0.000000000000000000e+00
2.774032902257833610e-19
0.000000000000000000e+00
-2.774032902257833610e-19
0.000000000000000000e+00
1.000000000306277539e-09
-2.774032902257833610e-19
0.000000000000000000e+00
2.774032902257833610e-19
1.000000000028450733e-09
-1.000000000306277539e-09
0.000000000000000000e+00
1.000000000028450733e-09
2.774032902257833610e-19
-2.778268066994105112e-19
0.000000000000000000e+00
2.774032902257833610e-19
0.000000000000000000e+00
-2.774032902257833610e-19
0.000000000000000000e+00
0.000000000000000000e+00
2.778268066994105112e-19
9.999999997510474424e-10
-1.000000000028450733e-09
0.000000000000000000e+00
-9.999999997510474424e-10
1.000000000028450733e-09
-2.778268066994105112e-19
0.000000000000000000e+00
-1.000000000028450733e-09
2.778268066994105112e-19
0.000000000000000000e+00
-2.778268066994105112e-19
-1.000000000028874249e-09
0.000000000000000000e+00
2.778268066994105112e-19
-1.000000000028874249e-09
0.000000000000000000e+00
0.000000000000000000e+00
-2.778268066994105112e-19
-1.000000000028874249e-09
1.000000000028874249e-09
-9.999999997510474424e-10
0.000000000000000000e+00
-1.000000000028874249e-09
0.000000000000000000e+00
0.000000000000000000e+00
-1.000000000028874249e-09
0.000000000000000000e+00
-2.774032902257833610e-19
2.774032902257833610e-19
-1.000000000028874249e-09
0.000000000000000000e+00
1.000000000028874249e-09
-1.000000000028874249e-09
-1.000000000028874249e-09
1.000000000028874249e-09
-1.000000000028874249e-09
0.000000000000000000e+00
0.000000000000000000e+00
0.000000000000000000e+00
0.000000000000000000e+00
0.000000000000000000e+00
0.000000000000000000e+00
0.000000000000000000e+00
0.000000000000000000e+00
2.778268066994105112e-19
0.000000000000000000e+00
9.999999997510474424e-10
-1.000000000028874249e-09
1.000000000028874249e-09
-1.000000000028874249e-09
0.000000000000000000e+00
1.000000000028874249e-09
0.000000000000000000e+00
0.000000000000000000e+00
0.000000000000000000e+00
1.000000000028874249e-09
-2.778268066994105112e-19
2.778268066994105112e-19
1.000000000028450733e-09
0.000000000000000000e+00
0.000000000000000000e+00
-1.000000000028450733e-09
9.999999997510474424e-10
0.000000000000000000e+00
1.000000000306277539e-09
0.000000000000000000e+00
-1.000000000028450733e-09
1.000000000028450733e-09
0.000000000000000000e+00
-2.774032902257833610e-19
2.778268066994105112e-19
0.000000000000000000e+00
0.000000000000000000e+00
1.000000000028450733e-09
-1.000000000306277539e-09
1.000000000028450733e-09
2.778268066994105112e-19
-1.000000000028450733e-09
1.000000000028450733e-09
-1.000000000167364136e-09
0.000000000000000000e+00
1.000000000167364136e-09
-1.000000000167364136e-09
0.000000000000000000e+00
1.389134033497052556e-19
9.999999998899608458e-10
0.000000000000000000e+00
0.000000000000000000e+00
-9.999999998899608458e-10
-1.389134033497052556e-19
0.000000000000000000e+00
1.389134033497052556e-19
0.000000000000000000e+00
9.999999998899608458e-10
0.000000000000000000e+00
0.000000000000000000e+00
-9.999999998899608458e-10
0.000000000000000000e+00
9.999999998899608458e-10
0.000000000000000000e+00
0.000000000000000000e+00
0.000000000000000000e+00
1.389134033497052556e-19
-1.389134033497052556e-19
1.000000000028874249e-09
0.000000000000000000e+00
-1.000000000028874249e-09
1.000000000028874249e-09
0.000000000000000000e+00
0.000000000000000000e+00
1.000000000028874249e-09
0.000000000000000000e+00
-1.389134033497052556e-19
0.000000000000000000e+00
0.000000000000000000e+00
0.000000000000000000e+00
1.389134033497052556e-19
0.000000000000000000e+00
9.999999998899608458e-10
-1.000000000028874249e-09
1.000000000028874249e-09
0.000000000000000000e+00
-1.000000000028874249e-09
1.000000000028874249e-09
1.389134033497052556e-19
0.000000000000000000e+00
0.000000000000000000e+00
1.000000000028874249e-09
-1.000000000028874249e-09
0.000000000000000000e+00
-1.389134033497052556e-19
0.000000000000000000e+00
0.000000000000000000e+00
1.389134033497052556e-19
0.000000000000000000e+00
0.000000000000000000e+00
9.999999998899608458e-10
0.000000000000000000e+00
0.000000000000000000e+00
-9.999999998899608458e-10
9.999999998899608458e-10
0.000000000000000000e+00
1.389134033497052556e-19
0.000000000000000000e+00
-1.389134033497052556e-19
0.000000000000000000e+00
1.389134033497052556e-19
-1.389134033497052556e-19
0.000000000000000000e+00
1.389134033497052556e-19
0.000000000000000000e+00
-1.389134033497052556e-19
1.389134033497052556e-19
0.000000000000000000e+00
-1.389134033497052556e-19
0.000000000000000000e+00
1.389134033497052556e-19
9.999999994727971193e-11
-1.000000000861931153e-10
1.000000000861931153e-10
0.000000000000000000e+00
0.000000000000000000e+00
9.999999994727971193e-11
0.000000000000000000e+00
0.000000000000000000e+00
1.389134033497052556e-19
9.999999980836630858e-11
0.000000000000000000e+00
1.000000000861931153e-10
0.000000000000000000e+00
1.000000000861931153e-10
9.999999994727971193e-11
9.999999994727971193e-11
9.999999994727971193e-11
9.999999994727971193e-11
2.000000001723862306e-10
9.999999994727971193e-11
2.000000000334728272e-10
1.999999998945594239e-10
2.000000001723862306e-10
1.999999998945594239e-10
2.000000000334728272e-10
2.999999999807525391e-10
2.999999999807525391e-10
2.000000000334728272e-10
4.000000000669456544e-10
3.999999997891188477e-10
3.000000001196659425e-10
5.000000000142253663e-10
2.999999999807525391e-10
5.000000000142253663e-10
3.999999999280322511e-10
5.000000000142253663e-10
4.000000000669456544e-10
4.999999998757354795e-10
5.000000001531387697e-10
4.000000000669456544e-10
5.999999999615050783e-10
5.000000000142253663e-10
3.999999999280322511e-10
4.000000000669456544e-10
4.999999998757354795e-10
5.000000000146488828e-10
3.999999999284557675e-10
4.000000000673691709e-10
5.000000000146488828e-10
4.000000000669456544e-10
2.999999999811760556e-10
2.000000000334728272e-10
3.999999999284557675e-10
1.999999998945594239e-10
2.000000000334728272e-10
1.000000000861931153e-10
2.000000000334728272e-10
9.999999994727971193e-11
1.000000000861931153e-10
-1.389134033497052556e-19
0.000000000000000000e+00
-9.999999994727971193e-11
-1.000000000861931153e-10
-9.999999994727971193e-11
-1.999999998945594239e-10
-2.000000000334728272e-10
-2.999999999807525391e-10
-3.000000001196659425e-10
-2.999999999807525391e-10
-2.999999999807525391e-10
-2.999999999811760556e-10
-3.999999999284557675e-10
-3.000000001196659425e-10
-3.999999999284557675e-10
-4.000000000673691709e-10
-3.999999999284557675e-10
-5.000000000146488828e-10
-3.000000001196659425e-10
-3.999999999284557675e-10
-3.999999999284557675e-10
-4.000000000669456544e-10
-2.999999999807525391e-10
-2.999999999811760556e-10
-2.000000000338963437e-10
-2.999999999811760556e-10
-2.999999999807525391e-10
-2.000000000334728272e-10
-1.999999998949829403e-10
-2.000000001719627141e-10
0.000000000000000000e+00
-9.999999994727971193e-11
0.000000000000000000e+00
-9.999999994727971193e-11
9.999999994727971193e-11
0.000000000000000000e+00
2.000000000334728272e-10
2.000000000334728272e-10
1.000000000861931153e-10
1.999999998945594239e-10
3.000000001196659425e-10
1.999999998949829403e-10
2.999999999807525391e-10
2.999999999807525391e-10
4.000000000669456544e-10
2.000000000334728272e-10
3.999999999280322511e-10
4.000000000669456544e-10
2.999999999807525391e-10
4.000000000669456544e-10
3.999999999280322511e-10
3.999999999284557675e-10
3.999999999280322511e-10
4.000000000669456544e-10
4.000000000669456544e-10
2.999999999807525391e-10
3.999999999974889527e-10
2.999999999807525391e-10
2.999999999807525391e-10
3.999999999974889527e-10
2.999999999807525391e-10
2.000000000334728272e-10
3.000000000502092408e-10
1.999999999640161255e-10
2.999999999807525391e-10
2.000000000334728272e-10
9.999999994727971193e-11
3.000000000502092408e-10
9.999999994727971193e-11
1.000000000167364136e-10
3.000000000502092408e-10
9.999999994727971193e-11
2.000000000334728272e-10
-6.945670167485262780e-20
2.000000001029295289e-10
9.999999994727971193e-11
2.000000000334728272e-10
9.999999994727971193e-11
1.999999999640161255e-10
2.000000000334728272e-10
1.000000000861931153e-10
2.999999999811760556e-10
1.999999999644396420e-10
2.000000000338963437e-10
2.999999999117193539e-10
3.000000000502092408e-10
2.999999999807525391e-10
2.999999999807525391e-10
5.000000000836820680e-10
2.999999999112958375e-10
5.000000000142253663e-10
3.999999999974889527e-10
4.000000000669456544e-10
5.999999999615050783e-10
5.999999999615050783e-10
6.000000000309617799e-10
5.000000000142253663e-10
6.999999999782414919e-10
6.000000000309617799e-10
6.999999999782414919e-10
7.000000000476981935e-10
5.999999999615050783e-10
7.999999999949779055e-10
7.999999999949779055e-10
6.999999999782414919e-10
7.000000000476981935e-10
6.999999999782414919e-10
7.999999999949779055e-10
6.999999999782414919e-10
6.999999999782414919e-10
7.000000000476981935e-10
7.999999999949779055e-10
6.000000000309617799e-10
6.999999999782414919e-10
5.999999999619285947e-10
6.000000000313852964e-10
5.000000000146488828e-10
5.000000000146488828e-10
4.999999999451921811e-10
3.999999999979124692e-10
3.999999999979124692e-10
2.000000000334728272e-10
3.000000000502092408e-10
1.999999999640161255e-10
9.999999994727971193e-11
1.000000000861931153e-10
0.000000000000000000e+00
0.000000000000000000e+00
-1.000000000167364136e-10
-2.000000000334728272e-10
-1.999999999640161255e-10
-2.000000000334728272e-10
-3.999999999979124692e-10
-3.999999999979124692e-10
-4.000000000673691709e-10
-4.999999998757354795e-10
-5.000000000146488828e-10
-6.000000000313852964e-10
-5.000000000146488828e-10
-6.000000000313852964e-10
-5.999999999619285947e-10
-6.000000000313852964e-10
-7.999999999954014219e-10
-5.999999999619285947e-10
-6.000000000313852964e-10
-6.999999999786650083e-10
-7.000000000481217100e-10
-5.999999999619285947e-10
-6.999999999786650083e-10
-6.000000000313852964e-10
-5.999999999966569456e-10
-4.999999999799205320e-10
-5.000000000146488828e-10
-5.000000000146488828e-10
-3.999999999979124692e-10
-3.999999999974889527e-10
-2.999999999807525391e-10
-2.000000000334728272e-10
-1.999999999987444764e-10
-9.999999998200806276e-11
-9.999999998200806276e-11
0.000000000000000000e+00
9.999999998200806276e-11
1.000000000167364136e-10
1.999999999987444764e-10
3.999999999631841184e-10
4.000000000326408200e-10
3.999999999979124692e-10
4.999999999799205320e-10
6.000000000313852964e-10
6.999999999786650083e-10
7.000000000133933592e-10
6.999999999786650083e-10
9.000000000121378355e-10
8.999999999769859682e-10
9.000000000117143191e-10
1.100000000010458795e-09
9.000000000117143191e-10
1.199999999958162024e-09
1.100000000045187146e-09
1.199999999992890375e-09
1.099999999975730445e-09
1.300000000009626788e-09
1.200000000027195209e-09
1.199999999992890375e-09
1.300000000009626788e-09
1.199999999958162024e-09
1.400000000026786718e-09
1.199999999992890375e-09
1.199999999992890375e-09
1.200000000027618725e-09
1.299999999974898437e-09
1.199999999992890375e-09
1.199999999992890375e-09
1.100000000010882312e-09
1.200000000027618725e-09
9.999999999941458983e-10
9.999999999941458983e-10
1.099999999993518136e-09
9.000000000121378355e-10
8.999999999774094847e-10
9.000000000121378355e-10
7.999999999954014219e-10
7.999999999954014219e-10
5.999999999962334291e-10
7.000000000129698427e-10
6.999999999956056673e-10
4.999999999968611909e-10
4.999999999968611909e-10
5.000000000142253663e-10
2.999999999981167145e-10
2.999999999807525391e-10
3.000000000154808900e-10
2.999999999981167145e-10
9.999999999937223818e-11
9.999999999937223818e-11
7.999999999289093356e-11
1.736417541871315695e-20
-5.000000000857996504e-11
-9.999999999937223818e-11
-1.500000000079522032e-10
-1.899999999866099781e-10
-2.400000000036602726e-10
-2.900000000033463917e-10
-3.299999999997918585e-10
-3.799999999994779776e-10
-4.399999999939344195e-10
-4.600000000093095701e-10
-5.100000000001018432e-10
-5.499999999965473100e-10
-6.000000000051272750e-10
-6.299999999983320895e-10
-6.799999999975946921e-10
-7.099999999988463196e-10
-7.499999999999504676e-10
-7.900000000048662638e-10
-8.299999999966530494e-10
-8.499999999993227058e-10
-8.999999999990088248e-10
-9.200000000012549647e-10
-9.699999999992470179e-10
-9.900000000014931578e-10
-1.019999999998509621e-09
-1.064999999999963545e-09
-1.088000000000386672e-09
-1.115000000000496697e-09
-1.137719999999904126e-09
-1.164280000000112120e-09
-1.192000000000716358e-09
-1.216999999998653593e-09
-1.231000000001157628e-09
-1.249999999998929241e-09
-1.280000000002721967e-09
-1.289999999997492290e-09
-1.299999999996497778e-09
-1.320000000003402599e-09
-1.350000000000419061e-09
-1.350000000000419061e-09
-1.379999999997859041e-09
-1.369999999998853553e-09
-1.380000000002094205e-09
-1.380000000002094205e-09
-1.379999999993200359e-09
-1.380000000002094205e-09
-1.380000000002094205e-09
-1.369999999998853553e-09
-1.369999999998853553e-09
-1.350000000000419061e-09
-1.340000000005648739e-09
-1.309999999995926782e-09
-1.309999999995503265e-09
-1.270000000008375161e-09
-1.240000000006276500e-09
-1.199999999992890375e-09
-1.150000000001674585e-09
-1.129999999994769764e-09
-1.080000000003977491e-09
-1.029999999995397526e-09
-9.999999999941458983e-10
-9.000000000121378355e-10
-8.999999999947736601e-10
-7.000000000133933592e-10
-6.999999999786650083e-10
-5.999999999966569456e-10
-7.000000000133933592e-10
-3.999999999974889527e-10
-3.999999999974889527e-10
-4.000000000148531281e-10
-1.999999999813803009e-10
-9.999999999937223818e-11
-1.000000000167364136e-10
0.000000000000000000e+00
1.000000000167364136e-10
2.999999999981167145e-10
2.999999999981167145e-10
3.999999999974889527e-10
5.000000000142253663e-10
5.999999999962334291e-10
5.999999999962334291e-10
7.999999999949779055e-10
7.999999999949779055e-10
9.999999999937223818e-10
9.999999999937223818e-10
9.999999999937223818e-10
1.100000000045187146e-09
1.199999999958162024e-09
1.300000000009626788e-09
1.300000000009626788e-09
1.399999999992058367e-09
1.399999999992058367e-09
1.399999999992058367e-09
1.600000000025531195e-09
1.600000000025531195e-09
1.499999999974066430e-09
1.599999999990802844e-09
1.599999999990802844e-09
1.600000000025531195e-09
1.699999999972810907e-09
1.700000000007539257e-09
1.700000000007539257e-09
1.600000000025107678e-09
1.699999999972387390e-09
1.700000000007115741e-09
1.599999999990379327e-09
1.600000000025107678e-09
1.699999999972387390e-09
1.500000000008371265e-09
1.700000000007115741e-09
1.500000000008371265e-09
1.599999999990379327e-09
1.400000000026363202e-09
1.499999999973642914e-09
1.399999999991634851e-09
1.400000000026363202e-09
1.299999999974898437e-09
1.400000000026363202e-09
1.299999999974898437e-09
1.300000000009626788e-09
1.199999999992890375e-09
1.199999999992890375e-09
1.200000000027195209e-09
9.999999999937223818e-10
1.099999999975730445e-09
1.100000000010458795e-09
1.000000000028450733e-09
1.000000000028450733e-09
8.999999999426811339e-10
9.999999999589940310e-10
8.000000000644346071e-10
7.999999999949779055e-10
9.000000000117143191e-10
7.999999999949779055e-10
6.999999999782414919e-10
7.999999999949779055e-10
6.000000000309617799e-10
6.999999999782414919e-10
5.999999999615050783e-10
6.000000000309617799e-10
5.999999999615050783e-10
6.000000000309617799e-10
4.999999999447686647e-10
6.000000000309617799e-10
3.999999999974889527e-10
5.000000000142253663e-10
5.000000000142253663e-10
5.000000000142253663e-10
5.000000000146488828e-10
5.000000000146488828e-10
5.999999998924718931e-10
5.000000000841055845e-10
4.999999999451921811e-10
6.000000000313852964e-10
5.999999999619285947e-10
6.000000000309617799e-10
6.000000000309617799e-10
5.999999999615050783e-10
7.000000000476981935e-10
6.999999999087847902e-10
8.000000000648581236e-10
9.000000000121378355e-10
7.999999999954014219e-10
7.999999999954014219e-10
1.000000000028874249e-09
8.999999999426811339e-10
9.000000000121378355e-10
1.000000000028874249e-09
9.999999999589940310e-10
1.100000000045187146e-09
9.999999999589940310e-10
1.100000000045610663e-09
1.199999999992890375e-09
1.099999999976153961e-09
1.099999999976153961e-09
1.300000000009626788e-09
1.100000000045610663e-09
1.199999999992890375e-09
1.300000000009626788e-09
1.199999999923433673e-09
1.100000000045610663e-09
1.299999999940170087e-09
1.100000000114643848e-09
1.199999999992466858e-09
1.199999999992466858e-09
1.099999999975730445e-09
1.099999999976153961e-09
9.999999999589940310e-10
1.000000000028874249e-09
1.000000000028450733e-09
1.000000000028874249e-09
7.999999999949779055e-10
7.999999999949779055e-10
7.999999999949779055e-10
5.999999999615050783e-10
8.000000000644346071e-10
4.999999999447686647e-10
5.000000000142253663e-10
5.000000000142253663e-10
3.999999999280322511e-10
3.000000000502092408e-10
2.999999999807525391e-10
1.999999999640161255e-10
6.945670167485262780e-20
9.999999994727971193e-11
6.945670167485262780e-20
-6.945670167485262780e-20
-1.999999999640161255e-10
-2.999999999807525391e-10
-3.999999999974889527e-10
-2.999999999807525391e-10
-5.000000000142253663e-10
-6.000000000309617799e-10
-6.999999999786650083e-10
-7.000000000481217100e-10
-9.000000000121378355e-10
-9.999999999594175475e-10
-1.000000000028874249e-09
-1.199999999923433673e-09
-1.300000000079083490e-09
-1.499999999973642914e-09
-1.499999999973642914e-09
-1.799999999884938751e-09
-1.800000000162765558e-09
-2.000000000057748498e-09
-2.100000000005028210e-09
-2.299999999899587634e-09
-2.500000000071550348e-09
-2.599999999880763690e-09
-2.800000000052726404e-09
-3.099999999894565539e-09
-3.200000000119672058e-09
-3.300000000067375287e-09
-3.599999999909214422e-09
-3.800000000081600653e-09
-3.999999999837670190e-09
-4.300000000096249536e-09
-4.400000000043105731e-09
-4.699999999885368383e-09
-4.900000000057331097e-09
-5.100000000091227441e-09
-5.499999999880346289e-09
-5.600000000105452807e-09
-5.899999999947715460e-09
-6.200000000067381402e-09
-6.299999999875747711e-09
-6.800000000028886480e-09
-6.800000000028886480e-09
-7.199999999957342248e-09
-7.499999999938094787e-09
-7.600000000162777789e-09
-7.899999999866127038e-09
-8.000000000091233557e-09
-8.499999999966969036e-09
-8.499999999966545520e-09
-8.900000000033914691e-09
-8.999999999981194403e-09
-9.200000000014667230e-09
-9.499999999995843285e-09
-9.600000000081612884e-09
-9.700000000029316113e-09
-1.009999999995734836e-08
-1.009999999995734836e-08
-1.029999999999082119e-08
-1.039999999993810090e-08
-1.059999999997157373e-08
-1.080000000000504656e-08
-1.080000000000504656e-08
-1.090000000009123967e-08
-1.109999999998622261e-08
-1.109999999998622261e-08
-1.119999999993350232e-08
-1.130000000001969544e-08
-1.140000000010588856e-08
-1.139999999996697515e-08
-1.159999999986153458e-08
-1.150000000019208167e-08
-1.159999999986153458e-08
-1.170000000008664109e-08
-1.169999999994772769e-08
-1.170000000008664109e-08
-1.169999999994772769e-08
-1.180000000003392081e-08
-1.169999999994772769e-08
-1.189999999998120052e-08
-1.180000000003392081e-08
-1.189999999998120052e-08
-1.189999999998120052e-08
-1.180000000003392081e-08
-1.199999999992848023e-08
-1.190000000012011392e-08
-1.210000000001467335e-08
-1.199999999992848023e-08
-1.199999999992848023e-08
-1.210000000015358675e-08
-1.199999999992848023e-08
-1.210000000001467335e-08
-1.210000000001467335e-08
-1.200000000006739363e-08
-1.199999999978999034e-08
-1.180000000003392081e-08
-1.180000000003434432e-08
-1.160000000000087150e-08
-1.130000000001969544e-08
-1.100000000003851938e-08
-1.069999999991927696e-08
-1.020000000004311796e-08
-9.700000000029316113e-09
-9.100000000067387518e-09
-8.399999999880775921e-09
-7.499999999938094787e-09
-6.700000000081606768e-09
-5.599999999966962921e-09
-4.500000000129298846e-09
-3.199999999980758655e-09
-1.800000000023852155e-09
-3.999999999280322511e-10
1.300000000009626788e-09
2.900000000000429632e-09
4.700000000024281787e-09
6.399999999961940826e-09
8.199999999985792981e-09
1.019999999990505159e-08
1.190000000012011392e-08
1.390000000003894902e-08
1.550000000002932834e-08
1.730000000005360401e-08
1.899999999985234965e-08
2.050000000003436267e-08
2.199999999993897240e-08
2.330000000008708907e-08
2.439999999992475315e-08
2.530000000014483757e-08
2.629999999989588501e-08
2.660000000001555096e-08
2.719999999997747955e-08
2.749999999995823209e-08
2.700000000008249661e-08
2.699999999994358321e-08
2.599999999991513247e-08
2.600000000005362236e-08
2.399999999999629738e-08
2.500000000016408503e-08
2.199999999993854888e-08
2.099999999991009815e-08
2.000000000002013730e-08
1.799999999996238881e-08
1.600000000004355371e-08
1.399999999998622873e-08
1.299999999995735448e-08
1.200000000006739363e-08
9.000000000120107806e-09
6.999999999923445904e-09
5.999999999894995172e-09
3.999999999976160077e-09
2.000000000196238385e-09
9.999999998899608458e-10
0.000000000000000000e+00
-2.000000000057748498e-09
-3.999999999837670190e-09
-4.000000000115073480e-09
-5.999999999894995172e-09
-7.000000000062359308e-09
-6.999999999923869421e-09
-7.000000000062359308e-09
-9.000000000120107806e-09
-7.999999999952743670e-09
-9.999999999871155248e-09
-1.000000000014898205e-08
-9.999999999871578765e-09
-1.000000000014898205e-08
-1.099999999990002950e-08
-1.000000000001006865e-08
-1.100000000003894290e-08
-1.000000000001006865e-08
-1.199999999992890375e-08
-1.000000000001006865e-08
-1.000000000001006865e-08
-1.100000000003894290e-08
-1.000000000001006865e-08
-1.099999999990002950e-08
-1.100000000003894290e-08
-9.000000000120107806e-09
-1.099999999990002950e-08
-1.000000000001006865e-08
-1.000000000001006865e-08
-1.000000000001006865e-08
-9.999999999871155248e-09
-1.000000000014898205e-08
-8.999999999981194403e-09
-1.100000000003894290e-08
-8.999999999981194403e-09
-8.999999999981194403e-09
-8.999999999981194403e-09
-1.000000000001006865e-08
-8.999999999981194403e-09
-8.999999999981194403e-09
-1.000000000001006865e-08
-7.999999999952320153e-09
-8.999999999981194403e-09
-8.999999999981194403e-09
-9.000000000120107806e-09
-7.999999999952320153e-09
-8.999999999981194403e-09
-7.999999999952320153e-09
-9.000000000120107806e-09
-7.999999999952320153e-09
-7.999999999952743670e-09
-8.000000000091233557e-09
-8.999999999981194403e-09
-7.000000000062782824e-09
-8.999999999842280999e-09
-7.000000000201272711e-09
-7.999999999813406750e-09
-8.000000000229723444e-09
-6.999999999646042614e-09
-8.000000000229723444e-09
-7.999999999952320153e-09
-6.999999999923869421e-09
-7.999999999952320153e-09
-7.000000000201272711e-09
-7.000000000201272711e-09
-6.999999999646042614e-09
-7.000000000201272711e-09
-6.999999999923445904e-09
-6.999999999923869421e-09
-6.999999999923445904e-09
-8.000000000230146960e-09
-6.999999999923869421e-09
-6.999999999923445904e-09
-6.000000000172398462e-09
-6.999999999923445904e-09
-6.999999999923869421e-09
-6.000000000172398462e-09
-5.999999999894995172e-09
-6.999999999923869421e-09
-5.999999999894995172e-09
-6.000000000172398462e-09
-6.999999999923869421e-09
-5.999999999894995172e-09
-6.000000000172398462e-09
-6.000000000172398462e-09
-5.999999999617591881e-09
-7.000000000201272711e-09
-5.000000000143524213e-09
-5.999999999894995172e-09
-5.999999999894995172e-09
-6.000000000172398462e-09
-4.999999999866120922e-09
-6.000000000172398462e-09
-4.999999999866120922e-09
-5.999999999894995172e-09
-5.000000000143524213e-09
-5.000000000143947729e-09
-4.999999999866120922e-09
-4.999999999866120922e-09
-5.999999999894995172e-09
-4.000000000115073480e-09
-5.000000000143947729e-09
-4.999999999866544439e-09
-4.000000000115073480e-09
-5.000000000143947729e-09
-4.999999999588717632e-09
-4.000000000115073480e-09
-4.000000000115073480e-09
-3.999999999837670190e-09
-5.000000000143947729e-09
-3.999999999837670190e-09
-4.000000000115073480e-09
-4.000000000115073480e-09
-3.999999999837670190e-09
-4.000000000115073480e-09
-2.999999999808795941e-09
-4.000000000115073480e-09
-4.000000000115073480e-09
-2.999999999808795941e-09
-3.000000000086199231e-09
-2.999999999808795941e-09
-3.000000000086199231e-09
-3.000000000086199231e-09
-3.000000000086199231e-09
-3.000000000086199231e-09
-3.000000000086199231e-09
-1.999999999779921692e-09
-3.000000000086199231e-09
-2.999999999808372424e-09
-2.000000000057324982e-09
-2.999999999808795941e-09
-2.000000000335151788e-09
-2.000000000057324982e-09
-1.999999999779921692e-09
-2.000000000057324982e-09
-1.999999999779921692e-09
-2.000000000335151788e-09
-2.000000000057324982e-09
-1.999999999779921692e-09
-1.000000000028874249e-09
-1.999999999779921692e-09
-1.000000000306277539e-09
-1.000000000028874249e-09
-1.999999999779921692e-09
-1.000000000306277539e-09
-9.999999997514709589e-10
-1.000000000028874249e-09
-1.000000000028874249e-09
-1.000000000028874249e-09
-1.000000000028450733e-09
-1.000000000028874249e-09
-9.999999997514709589e-10
-2.774032902257833610e-19
0.000000000000000000e+00
-9.999999997514709589e-10
-1.000000000306277539e-09
2.774032902257833610e-19
-1.000000000028874249e-09
-2.774032902257833610e-19
-9.999999997514709589e-10
1.000000000028874249e-09
-2.774032902257833610e-19
-9.999999997514709589e-10
0.000000000000000000e+00
0.000000000000000000e+00
9.999999997514709589e-10
-9.999999997514709589e-10
0.000000000000000000e+00
-2.774032902257833610e-19
2.774032902257833610e-19
0.000000000000000000e+00
0.000000000000000000e+00
