-5.000000000000000000e+04 -1.274429999999991117e-07
-4.990000000000000000e+04 -1.274370000000019107e-07
-4.980000000000000000e+04 -1.274499999999999402e-07
-4.970000000000000000e+04 -1.274400000000000877e-07
-4.960000000000000000e+04 -1.274399999999992406e-07
-4.950000000000000000e+04 -1.274500000000024813e-07
-4.940000000000000000e+04 -1.274399999999983936e-07
-4.930000000000000000e+04 -1.274499999999982461e-07
-4.920000000000000000e+04 -1.274400000000034758e-07
-4.910000000000000000e+04 -1.274400000000034758e-07
-4.900000000000000000e+04 -1.274499999999982461e-07
-4.890000000000000000e+04 -1.274299999999993881e-07
-4.880000000000000000e+04 -1.274499999999982461e-07
-4.870000000000000000e+04 -1.274500000000151868e-07
-4.860000000000000000e+04 -1.274299999999731301e-07
-4.850000000000000000e+04 -1.274600000000099571e-07
-4.840000000000000000e+04 -1.274000000000066068e-07
-4.830000000000000000e+04 -1.273999999999896662e-07
-4.820000000000000000e+04 -1.275000000000059790e-07
-4.810000000000000000e+04 -1.274000000000066068e-07
-4.800000000000000000e+04 -1.275000000000059790e-07
-4.790000000000000000e+04 -1.273999999999896662e-07
-4.780000000000000000e+04 -1.275000000000059790e-07
-4.770000000000000000e+04 -1.273999999999896662e-07
-4.760000000000000000e+04 -1.275000000000059790e-07
-4.750000000000000000e+04 -1.274000000000066068e-07
-4.740000000000000000e+04 -1.274000000000066068e-07
-4.730000000000000000e+04 -1.274999999999881914e-07
-4.720000000000000000e+04 -1.274000000000066068e-07
-4.710000000000000000e+04 -1.274999999999881914e-07
-4.700000000000000000e+04 -1.274000000000066068e-07
-4.690000000000000000e+04 -1.275000000000229197e-07
-4.680000000000000000e+04 -1.273999999999718785e-07
-4.670000000000000000e+04 -1.275000000000229197e-07
-4.660000000000000000e+04 -1.273999999999718785e-07
-4.650000000000000000e+04 -1.275000000000229197e-07
-4.640000000000000000e+04 -1.273999999999718785e-07
-4.630000000000000000e+04 -1.275000000000229197e-07
-4.620000000000000000e+04 -1.274000000000066068e-07
-4.610000000000000000e+04 -1.273999999999718785e-07
-4.600000000000000000e+04 -1.275000000000229197e-07
-4.590000000000000000e+04 -1.273999999999718785e-07
-4.580000000000000000e+04 -1.275000000000229197e-07
-4.570000000000000000e+04 -1.273999999999718785e-07
-4.560000000000000000e+04 -1.275000000000229197e-07
-4.550000000000000000e+04 -1.273999999999718785e-07
-4.540000000000000000e+04 -1.275000000000229197e-07
-4.530000000000000000e+04 -1.274000000000066068e-07
-4.520000000000000000e+04 -1.273999999999718785e-07
-4.510000000000000000e+04 -1.274000000000760635e-07
-4.500000000000000000e+04 -1.274999999999187347e-07
-4.490000000000000000e+04 -1.274000000000413352e-07
-4.480000000000000000e+04 -1.273999999999718785e-07
-4.470000000000000000e+04 -1.275000000000576481e-07
-4.460000000000000000e+04 -1.273999999999718785e-07
-4.450000000000000000e+04 -1.274999999999881914e-07
-4.440000000000000000e+04 -1.274000000000413352e-07
-4.430000000000000000e+04 -1.274999999999881914e-07
-4.420000000000000000e+04 -1.273999999999718785e-07
-4.410000000000000000e+04 -1.274999999999881914e-07
-4.400000000000000000e+04 -1.274000000000413352e-07
-4.390000000000000000e+04 -1.274999999999881914e-07
-4.380000000000000000e+04 -1.273999999999718785e-07
-4.370000000000000000e+04 -1.275000000000576481e-07
-4.360000000000000000e+04 -1.273999999999718785e-07
-4.350000000000000000e+04 -1.273999999999718785e-07
-4.340000000000000000e+04 -1.274999999999881914e-07
-4.330000000000000000e+04 -1.274000000000413352e-07
-4.320000000000000000e+04 -1.274999999999881914e-07
-4.310000000000000000e+04 -1.273999999999718785e-07
-4.300000000000000000e+04 -1.275000000000576481e-07
-4.290000000000000000e+04 -1.273999999999718785e-07
-4.280000000000000000e+04 -1.274999999999881914e-07
-4.270000000000000000e+04 -1.273999999999718785e-07
-4.260000000000000000e+04 -1.275000000000576481e-07
-4.250000000000000000e+04 -1.273999999999718785e-07
-4.240000000000000000e+04 -1.274999999999881914e-07
-4.230000000000000000e+04 -1.274000000000413352e-07
-4.220000000000000000e+04 -1.273999999999718785e-07
-4.210000000000000000e+04 -1.274999999999881914e-07
-4.200000000000000000e+04 -1.273000000000250223e-07
-4.190000000000000000e+04 -1.274999999999881914e-07
-4.180000000000000000e+04 -1.273999999999718785e-07
-4.170000000000000000e+04 -1.274999999999881914e-07
-4.160000000000000000e+04 -1.274000000000413352e-07
-4.150000000000000000e+04 -1.274999999999881914e-07
-4.140000000000000000e+04 -1.273999999999718785e-07
-4.130000000000000000e+04 -1.275000000000576481e-07
-4.120000000000000000e+04 -1.273999999999718785e-07
-4.110000000000000000e+04 -1.274999999999881914e-07
-4.100000000000000000e+04 -1.273999999999718785e-07
-4.090000000000000000e+04 -1.274000000000413352e-07
-4.080000000000000000e+04 -1.274999999999881914e-07
-4.070000000000000000e+04 -1.273999999999718785e-07
-4.060000000000000000e+04 -1.275000000000576481e-07
-4.050000000000000000e+04 -1.273999999999718785e-07
-4.040000000000000000e+04 -1.274999999999881914e-07
-4.030000000000000000e+04 -1.274000000000413352e-07
-4.020000000000000000e+04 -1.274999999999187347e-07
-4.010000000000000000e+04 -1.274000000001107919e-07
-4.000000000000000000e+04 -1.274999999999187347e-07
-3.990000000000000000e+04 -1.273999999999718785e-07
-3.980000000000000000e+04 -1.275000000000576481e-07
-3.970000000000000000e+04 -1.274000000001107919e-07
-3.960000000000000000e+04 -1.273999999998329651e-07
-3.950000000000000000e+04 -1.275000000000576481e-07
-3.940000000000000000e+04 -1.273999999999718785e-07
-3.930000000000000000e+04 -1.275000000000576481e-07
-3.920000000000000000e+04 -1.273999999999718785e-07
-3.910000000000000000e+04 -1.274999999999187347e-07
-3.900000000000000000e+04 -1.274000000001107919e-07
-3.890000000000000000e+04 -1.275000000000576481e-07
-3.880000000000000000e+04 -1.272999999998861089e-07
-3.870000000000000000e+04 -1.275000000000576481e-07
-3.860000000000000000e+04 -1.273999999999718785e-07
-3.850000000000000000e+04 -1.275000000000576481e-07
-3.840000000000000000e+04 -1.273999999999718785e-07
-3.830000000000000000e+04 -1.274999999999187347e-07
-3.820000000000000000e+04 -1.274000000001107919e-07
-3.810000000000000000e+04 -1.273999999998329651e-07
-3.800000000000000000e+04 -1.275000000000576481e-07
-3.790000000000000000e+04 -1.274000000001107919e-07
-3.780000000000000000e+04 -1.274999999999187347e-07
-3.770000000000000000e+04 -1.273999999999718785e-07
-3.760000000000000000e+04 -1.275000000000576481e-07
-3.750000000000000000e+04 -1.273999999999718785e-07
-3.740000000000000000e+04 -1.275000000000576481e-07
-3.730000000000000000e+04 -1.273999999999718785e-07
-3.720000000000000000e+04 -1.274999999999187347e-07
-3.710000000000000000e+04 -1.274000000001107919e-07
-3.700000000000000000e+04 -1.274999999999187347e-07
-3.690000000000000000e+04 -1.273999999999718785e-07
-3.680000000000000000e+04 -1.274000000001107919e-07
-3.670000000000000000e+04 -1.274999999999187347e-07
-3.660000000000000000e+04 -1.273999999999718785e-07
-3.650000000000000000e+04 -1.275000000000576481e-07
-3.640000000000000000e+04 -1.273999999999718785e-07
-3.630000000000000000e+04 -1.275000000000576481e-07
-3.620000000000000000e+04 -1.273999999999718785e-07
-3.610000000000000000e+04 -1.274999999999187347e-07
-3.600000000000000000e+04 -1.274000000001107919e-07
-3.590000000000000000e+04 -1.275000000000576481e-07
-3.580000000000000000e+04 -1.273999999998329651e-07
-3.570000000000000000e+04 -1.275000000000576481e-07
-3.560000000000000000e+04 -1.273000000000250223e-07
-3.550000000000000000e+04 -1.273999999999718785e-07
-3.540000000000000000e+04 -1.274999999999187347e-07
-3.530000000000000000e+04 -1.274000000001107919e-07
-3.520000000000000000e+04 -1.275000000000576481e-07
-3.510000000000000000e+04 -1.273999999998329651e-07
-3.500000000000000000e+04 -1.275000000000576481e-07
-3.490000000000000000e+04 -1.274000000001107919e-07
-3.480000000000000000e+04 -1.274999999999187347e-07
-3.470000000000000000e+04 -1.274999999999195817e-07
-3.460000000000000000e+04 -1.278999999999865273e-07
-3.450000000000000000e+04 -1.268000000001492868e-07
-3.440000000000000000e+04 -1.279999999999342306e-07
-3.430000000000000000e+04 -1.269999999999049328e-07
-3.420000000000000000e+04 -1.280000000000731440e-07
-3.410000000000000000e+04 -1.270000000000438462e-07
-3.400000000000000000e+04 -1.270000000000438462e-07
-3.390000000000000000e+04 -1.279999999999342306e-07
-3.380000000000000000e+04 -1.269999999999049328e-07
-3.370000000000000000e+04 -1.280000000002112103e-07
-3.360000000000000000e+04 -1.269999999999049328e-07
-3.350000000000000000e+04 -1.269999999999057798e-07
-3.340000000000000000e+04 -1.280000000000731440e-07
-3.330000000000000000e+04 -1.270000000000438462e-07
-3.320000000000000000e+04 -1.279999999999342306e-07
-3.310000000000000000e+04 -1.270000000000438462e-07
-3.300000000000000000e+04 -1.279999999999342306e-07
-3.290000000000000000e+04 -1.280000000000722969e-07
-3.280000000000000000e+04 -1.260000000000145484e-07
-3.270000000000000000e+04 -1.279999999999342306e-07
-3.260000000000000000e+04 -1.269999999999049328e-07
-3.250000000000000000e+04 -1.280000000002112103e-07
-3.240000000000000000e+04 -1.279999999999342306e-07
-3.230000000000000000e+04 -1.269999999999049328e-07
-3.220000000000000000e+04 -1.270000000000438462e-07
-3.210000000000000000e+04 -1.270000000000438462e-07
-3.200000000000000000e+04 -1.280000000000731440e-07
-3.190000000000000000e+04 -1.279999999999342306e-07
-3.180000000000000000e+04 -1.269999999999049328e-07
-3.170000000000000000e+04 -1.280000000000731440e-07
-3.160000000000000000e+04 -1.270000000000438462e-07
-3.150000000000000000e+04 -1.269999999999057798e-07
-3.140000000000000000e+04 -1.280000000000731440e-07
-3.130000000000000000e+04 -1.270000000000438462e-07
-3.120000000000000000e+04 -1.279999999999342306e-07
-3.110000000000000000e+04 -1.270000000000438462e-07
-3.100000000000000000e+04 -1.279999999999342306e-07
-3.090000000000000000e+04 -1.269999999999057798e-07
-3.080000000000000000e+04 -1.270000000001827596e-07
-3.070000000000000000e+04 -1.279999999997953172e-07
-3.060000000000000000e+04 -1.270000000000438462e-07
-3.050000000000000000e+04 -1.280000000002112103e-07
-3.040000000000000000e+04 -1.279999999999342306e-07
-3.030000000000000000e+04 -1.270000000000438462e-07
-3.020000000000000000e+04 -1.270000000000438462e-07
-3.010000000000000000e+04 -1.269999999997660194e-07
-3.000000000000000000e+04 -1.280000000000722969e-07
-2.990000000000000000e+04 -1.279999999997953172e-07
-2.980000000000000000e+04 -1.270000000003216730e-07
-2.970000000000000000e+04 -1.280000000000722969e-07
-2.960000000000000000e+04 -1.259999999997375687e-07
-2.950000000000000000e+04 -1.280000000000722969e-07
-2.940000000000000000e+04 -1.279999999997953172e-07
-2.930000000000000000e+04 -1.270000000003216730e-07
-2.920000000000000000e+04 -1.280000000000722969e-07
-2.910000000000000000e+04 -1.269999999997660194e-07
-2.900000000000000000e+04 -1.280000000000722969e-07
-2.890000000000000000e+04 -1.270000000000438462e-07
-2.880000000000000000e+04 -1.269999999997660194e-07
-2.870000000000000000e+04 -1.280000000003501237e-07
-2.860000000000000000e+04 -1.270000000000438462e-07
-2.850000000000000000e+04 -1.279999999997953172e-07
-2.840000000000000000e+04 -1.280000000000722969e-07
-2.830000000000000000e+04 -1.259999999997375687e-07
-2.820000000000000000e+04 -1.280000000000722969e-07
-2.810000000000000000e+04 -1.270000000003216730e-07
-2.800000000000000000e+04 -1.279999999997953172e-07
-2.790000000000000000e+04 -1.280000000000722969e-07
-2.780000000000000000e+04 -1.269999999997660194e-07
-2.770000000000000000e+04 -1.280000000000722969e-07
-2.760000000000000000e+04 -1.260000000002923752e-07
-2.750000000000000000e+04 -1.279999999997953172e-07
-2.740000000000000000e+04 -1.270000000000438462e-07
-2.730000000000000000e+04 -1.280000000000722969e-07
-2.720000000000000000e+04 -1.279999999997953172e-07
-2.710000000000000000e+04 -1.270000000000438462e-07
-2.700000000000000000e+04 -1.270000000000438462e-07
-2.690000000000000000e+04 -1.270000000000438462e-07
-2.680000000000000000e+04 -1.280000000000722969e-07
-2.670000000000000000e+04 -1.279999999997953172e-07
-2.660000000000000000e+04 -1.270000000000438462e-07
-2.650000000000000000e+04 -1.280000000000722969e-07
-2.640000000000000000e+04 -1.270000000000438462e-07
-2.630000000000000000e+04 -1.270000000000438462e-07
-2.620000000000000000e+04 -1.279999999997953172e-07
-2.610000000000000000e+04 -1.270000000000438462e-07
-2.600000000000000000e+04 -1.280000000000722969e-07
-2.590000000000000000e+04 -1.269999999997660194e-07
-2.580000000000000000e+04 -1.280000000003501237e-07
-2.570000000000000000e+04 -1.269999999997668664e-07
-2.560000000000000000e+04 -1.270000000000438462e-07
-2.550000000000000000e+04 -1.280000000000722969e-07
-2.540000000000000000e+04 -1.269999999997660194e-07
-2.530000000000000000e+04 -1.280000000003501237e-07
-2.520000000000000000e+04 -1.280000000000722969e-07
-2.510000000000000000e+04 -1.269999999997660194e-07
-2.500000000000000000e+04 -1.270000000000438462e-07
-2.490000000000000000e+04 -1.270000000000438462e-07
-2.480000000000000000e+04 -1.279999999997953172e-07
-2.470000000000000000e+04 -1.280000000003501237e-07
-2.460000000000000000e+04 -1.269999999997660194e-07
-2.450000000000000000e+04 -1.280000000000722969e-07
-2.440000000000000000e+04 -1.260000000000153955e-07
-2.430000000000000000e+04 -1.279999999997953172e-07
-2.420000000000000000e+04 -1.280000000000722969e-07
-2.410000000000000000e+04 -1.270000000000438462e-07
-2.400000000000000000e+04 -1.280000000000722969e-07
-2.390000000000000000e+04 -1.270000000000438462e-07
-2.380000000000000000e+04 -1.279999999997953172e-07
-2.370000000000000000e+04 -1.270000000000438462e-07
-2.360000000000000000e+04 -1.270000000003216730e-07
-2.350000000000000000e+04 -1.279999999997953172e-07
-2.340000000000000000e+04 -1.270000000000438462e-07
-2.330000000000000000e+04 -1.279999999997953172e-07
-2.320000000000000000e+04 -1.280000000000722969e-07
-2.310000000000000000e+04 -1.260000000000153955e-07
-2.300000000000000000e+04 -1.280000000000731440e-07
-2.290000000000000000e+04 -1.270000000000438462e-07
-2.280000000000000000e+04 -1.280000000000722969e-07
-2.270000000000000000e+04 -1.279999999997953172e-07
-2.260000000000000000e+04 -1.270000000000438462e-07
-2.250000000000000000e+04 -1.279999999997953172e-07
-2.240000000000000000e+04 -1.260000000002923752e-07
-2.230000000000000000e+04 -1.280000000000722969e-07
-2.220000000000000000e+04 -1.279999999997953172e-07
-2.210000000000000000e+04 -1.270000000000438462e-07
-2.200000000000000000e+04 -1.279999999997953172e-07
-2.190000000000000000e+04 -1.270000000000438462e-07
-2.180000000000000000e+04 -1.270000000003208260e-07
-2.170000000000000000e+04 -1.279999999997953172e-07
-2.160000000000000000e+04 -1.270000000000438462e-07
-2.150000000000000000e+04 -1.280000000000722969e-07
-2.140000000000000000e+04 -1.269999999997660194e-07
-2.130000000000000000e+04 -1.280000000003501237e-07
-2.120000000000000000e+04 -1.279999999997953172e-07
-2.110000000000000000e+04 -1.260000000000153955e-07
-2.100000000000000000e+04 -1.280000000000722969e-07
-2.090000000000000000e+04 -1.269999999997660194e-07
-2.080000000000000000e+04 -1.280000000000722969e-07
-2.070000000000000000e+04 -1.270000000003216730e-07
-2.060000000000000000e+04 -1.279999999997953172e-07
-2.050000000000000000e+04 -1.270000000000438462e-07
-2.040000000000000000e+04 -1.269999999997660194e-07
-2.030000000000000000e+04 -1.280000000000722969e-07
-2.020000000000000000e+04 -1.270000000000438462e-07
-2.010000000000000000e+04 -1.280000000000731440e-07
-2.000000000000000000e+04 -1.280000000000722969e-07
-1.990000000000000000e+04 -1.270000000000438462e-07
-1.980000000000000000e+04 -1.269999999997668664e-07
-1.970000000000000000e+04 -1.270000000000438462e-07
-1.960000000000000000e+04 -1.280000000000731440e-07
-1.950000000000000000e+04 -1.280000000000722969e-07
-1.940000000000000000e+04 -1.270000000000438462e-07
-1.930000000000000000e+04 -1.279999999997953172e-07
-1.920000000000000000e+04 -1.260000000000153955e-07
-1.910000000000000000e+04 -1.280000000000722969e-07
-1.900000000000000000e+04 -1.280000000000731440e-07
-1.890000000000000000e+04 -1.270000000000438462e-07
-1.880000000000000000e+04 -1.279999999997953172e-07
-1.870000000000000000e+04 -1.270000000000438462e-07
-1.860000000000000000e+04 -1.280000000000722969e-07
-1.850000000000000000e+04 -1.270000000000438462e-07
-1.840000000000000000e+04 -1.270000000000438462e-07
-1.830000000000000000e+04 -1.279999999997953172e-07
-1.820000000000000000e+04 -1.270000000000438462e-07
-1.810000000000000000e+04 -1.280000000000722969e-07
-1.800000000000000000e+04 -1.279999999997953172e-07
-1.790000000000000000e+04 -1.260000000002923752e-07
-1.780000000000000000e+04 -1.280000000000722969e-07
-1.770000000000000000e+04 -1.269999999997660194e-07
-1.760000000000000000e+04 -1.280000000000722969e-07
-1.750000000000000000e+04 -1.279999999997953172e-07
-1.740000000000000000e+04 -1.270000000000438462e-07
-1.730000000000000000e+04 -1.280000000003501237e-07
-1.720000000000000000e+04 -1.259999999997375687e-07
-1.710000000000000000e+04 -1.280000000000722969e-07
-1.700000000000000000e+04 -1.279999999997953172e-07
-1.690000000000000000e+04 -1.270000000000438462e-07
-1.680000000000000000e+04 -1.280000000000722969e-07
-1.670000000000000000e+04 -1.270000000000438462e-07
-1.660000000000000000e+04 -1.270000000000438462e-07
-1.650000000000000000e+04 -1.280000000000722969e-07
-1.640000000000000000e+04 -1.269999999997660194e-07
-1.630000000000000000e+04 -1.280000000000722969e-07
-1.620000000000000000e+04 -1.270000000000438462e-07
-1.610000000000000000e+04 -1.280000000000731440e-07
-1.600000000000000000e+04 -1.280000000000722969e-07
-1.590000000000000000e+04 -1.259999999997375687e-07
-1.580000000000000000e+04 -1.280000000000722969e-07
-1.570000000000000000e+04 -1.270000000000438462e-07
-1.560000000000000000e+04 -1.280000000000731440e-07
-1.550000000000000000e+04 -1.280000000000722969e-07
-1.540000000000000000e+04 -1.269999999997660194e-07
-1.530000000000000000e+04 -1.270000000000438462e-07
-1.520000000000000000e+04 -1.270000000000438462e-07
-1.510000000000000000e+04 -1.279999999997953172e-07
-1.500000000000000000e+04 -1.280000000003501237e-07
-1.490000000000000000e+04 -1.270000000000438462e-07
-1.480000000000000000e+04 -1.279999999997953172e-07
-1.470000000000000000e+04 -1.270000000000438462e-07
-1.460000000000000000e+04 -1.269999999997668664e-07
-1.450000000000000000e+04 -1.270000000003216730e-07
-1.440000000000000000e+04 -1.280000000000722969e-07
-1.430000000000000000e+04 -1.279999999997953172e-07
-1.420000000000000000e+04 -1.270000000000438462e-07
-1.410000000000000000e+04 -1.280000000000722969e-07
-1.400000000000000000e+04 -1.259999999997375687e-07
-1.390000000000000000e+04 -1.280000000003501237e-07
-1.380000000000000000e+04 -1.279999999997953172e-07
-1.370000000000000000e+04 -1.270000000000438462e-07
-1.360000000000000000e+04 -1.280000000000722969e-07
-1.350000000000000000e+04 -1.269999999997660194e-07
-1.340000000000000000e+04 -1.280000000000722969e-07
-1.330000000000000000e+04 -1.270000000000438462e-07
-1.320000000000000000e+04 -1.270000000000438462e-07
-1.310000000000000000e+04 -1.280000000000722969e-07
-1.300000000000000000e+04 -1.269999999997660194e-07
-1.290000000000000000e+04 -1.280000000000722969e-07
-1.280000000000000000e+04 -1.280000000000722969e-07
-1.270000000000000000e+04 -1.260000000000145484e-07
-1.260000000000000000e+04 -1.280000000000722969e-07
-1.250000000000000000e+04 -1.270000000000438462e-07
-1.240000000000000000e+04 -1.279999999997953172e-07
-1.230000000000000000e+04 -1.280000000000722969e-07
-1.220000000000000000e+04 -1.269999999997660194e-07
-1.210000000000000000e+04 -1.280000000003501237e-07
-1.200000000000000000e+04 -1.260000000000153955e-07
-1.190000000000000000e+04 -1.279999999997953172e-07
-1.180000000000000000e+04 -1.280000000000722969e-07
-1.170000000000000000e+04 -1.269999999997660194e-07
-1.160000000000000000e+04 -1.280000000006279506e-07
-1.150000000000000000e+04 -1.269999999997660194e-07
-1.140000000000000000e+04 -1.269999999997668664e-07
-1.130000000000000000e+04 -1.279999999997953172e-07
-1.120000000000000000e+04 -1.270000000003216730e-07
-1.110000000000000000e+04 -1.279999999997953172e-07
-1.100000000000000000e+04 -1.270000000000438462e-07
-1.090000000000000000e+04 -1.280000000003501237e-07
-1.080000000000000000e+04 -1.279999999995174904e-07
-1.070000000000000000e+04 -1.260000000002923752e-07
-1.060000000000000000e+04 -1.280000000003501237e-07
-1.050000000000000000e+04 -1.269999999997660194e-07
-1.040000000000000000e+04 -1.279999999997953172e-07
-1.030000000000000000e+04 -1.280000000003501237e-07
-1.020000000000000000e+04 -1.269999999997660194e-07
-1.010000000000000000e+04 -1.269999999997668664e-07
-1.000000000000000000e+04 -1.270000000003216730e-07
-9.900000000000000000e+03 -1.279999999997953172e-07
-9.800000000000000000e+03 -1.279999999997953172e-07
-9.700000000000000000e+03 -1.269999999997660194e-07
-9.600000000000000000e+03 -1.280000000009049303e-07
-9.500000000000000000e+03 -1.269999999997660194e-07
-9.400000000000000000e+03 -1.269999999997668664e-07
-9.300000000000000000e+03 -1.280000000003501237e-07
-9.200000000000000000e+03 -1.269999999997660194e-07
-9.100000000000000000e+03 -1.279999999997953172e-07
-9.000000000000000000e+03 -1.270000000003216730e-07
-8.900000000000000000e+03 -1.279999999997953172e-07
-8.800000000000000000e+03 -1.269999999997668664e-07
-8.700000000000000000e+03 -1.270000000003216730e-07
-8.600000000000000000e+03 -1.279999999997953172e-07
-8.500000000000000000e+03 -1.270000000003208260e-07
-8.400000000000000000e+03 -1.279999999997953172e-07
-8.300000000000000000e+03 -1.270000000003216730e-07
-8.200000000000000000e+03 -1.279999999997953172e-07
-8.100000000000000000e+03 -1.269999999997668664e-07
-8.000000000000000000e+03 -1.270000000003216730e-07
-7.900000000000000000e+03 -1.279999999997953172e-07
-7.800000000000000000e+03 -1.269999999997660194e-07
-7.700000000000000000e+03 -1.280000000003501237e-07
-7.600000000000000000e+03 -1.279999999997953172e-07
-7.500000000000000000e+03 -1.259999999997375687e-07
-7.400000000000000000e+03 -1.280000000003501237e-07
-7.300000000000000000e+03 -1.270000000003208260e-07
-7.200000000000000000e+03 -1.279999999997953172e-07
-7.100000000000000000e+03 -1.279999999997953172e-07
-7.000000000000000000e+03 -1.270000000003216730e-07
-6.900000000000000000e+03 -1.279999999997953172e-07
-6.800000000000000000e+03 -1.259999999997375687e-07
-6.700000000000000000e+03 -1.280000000003501237e-07
-6.600000000000000000e+03 -1.279999999997953172e-07
-6.500000000000000000e+03 -1.269999999997660194e-07
-6.400000000000000000e+03 -1.280000000003501237e-07
-6.300000000000000000e+03 -1.269999999997660194e-07
-6.200000000000000000e+03 -1.270000000003216730e-07
-6.100000000000000000e+03 -1.280000000003501237e-07
-6.000000000000000000e+03 -1.269999999997660194e-07
-5.900000000000000000e+03 -1.279999999997953172e-07
-5.800000000000000000e+03 -1.270000000003216730e-07
-5.700000000000000000e+03 -1.279999999997953172e-07
-5.600000000000000000e+03 -1.279999999997953172e-07
-5.500000000000000000e+03 -1.259999999997375687e-07
-5.400000000000000000e+03 -1.280000000003501237e-07
-5.300000000000000000e+03 -1.269999999997660194e-07
-5.200000000000000000e+03 -1.279999999997953172e-07
-5.100000000000000000e+03 -1.280000000003501237e-07
-5.000000000000000000e+03 -1.270000000003208260e-07
-4.900000000000000000e+03 -1.269999999997668664e-07
-4.800000000000000000e+03 -1.270000000003216730e-07
-4.700000000000000000e+03 -1.279999999997953172e-07
-4.600000000000000000e+03 -1.279999999997953172e-07
-4.500000000000000000e+03 -1.270000000003216730e-07
-4.400000000000000000e+03 -1.279999999997953172e-07
-4.300000000000000000e+03 -1.269999999997660194e-07
-4.200000000000000000e+03 -1.270000000003216730e-07
-4.100000000000000000e+03 -1.279999999997953172e-07
-4.000000000000000000e+03 -1.269999999997660194e-07
-3.900000000000000000e+03 -1.280000000003501237e-07
-3.800000000000000000e+03 -1.270000000003216730e-07
-3.700000000000000000e+03 -1.279999999997953172e-07
-3.600000000000000000e+03 -1.269999999997668664e-07
-3.500000000000000000e+03 -1.270000000003216730e-07
-3.400000000000000000e+03 -1.279999999997953172e-07
-3.300000000000000000e+03 -1.269999999997660194e-07
-3.200000000000000000e+03 -1.280000000003501237e-07
-3.100000000000000000e+03 -1.279999999997953172e-07
-3.000000000000000000e+03 -1.269999999997660194e-07
-2.900000000000000000e+03 -1.270000000003216730e-07
-2.800000000000000000e+03 -1.270000000003208260e-07
-2.700000000000000000e+03 -1.279999999997953172e-07
-2.600000000000000000e+03 -1.279999999997953172e-07
-2.500000000000000000e+03 -1.270000000003216730e-07
-2.400000000000000000e+03 -1.279999999997953172e-07
-2.300000000000000000e+03 -1.259999999997375687e-07
-2.200000000000000000e+03 -1.280000000003501237e-07
-2.100000000000000000e+03 -1.279999999997953172e-07
-2.000000000000000000e+03 -1.269999999997660194e-07
-1.900000000000000000e+03 -1.280000000003501237e-07
-1.800000000000000000e+03 -1.269999999997660194e-07
-1.700000000000000000e+03 -1.279999999997953172e-07
-1.600000000000000000e+03 -1.260000000008480289e-07
-1.500000000000000000e+03 -1.279999999997953172e-07
-1.400000000000000000e+03 -1.279999999997953172e-07
-1.300000000000000000e+03 -1.270000000003216730e-07
-1.200000000000000000e+03 -1.279999999997953172e-07
-1.100000000000000000e+03 -1.269999999997660194e-07
-1.000000000000000000e+03 -1.269999999997668664e-07
-9.000000000000000000e+02 -1.280000000003501237e-07
-8.000000000000000000e+02 -1.269999999997660194e-07
-7.000000000000000000e+02 -1.279999999997953172e-07
-6.000000000000000000e+02 -1.270000000003216730e-07
-5.000000000000000000e+02 -1.280000000003501237e-07
-4.000000000000000000e+02 -1.279999999997953172e-07
-3.000000000000000000e+02 -1.260000000002932223e-07
-2.000000000000000000e+02 -1.279999999997953172e-07
-1.000000000000000000e+02 -1.269999999997660194e-07
0.000000000000000000e+00 -1.280000000003501237e-07
1.000000000000000000e+02 -1.279999999997953172e-07
2.000000000000000000e+02 -1.269999999997660194e-07
3.000000000000000000e+02 -1.269999999997668664e-07
4.000000000000000000e+02 -1.270000000003216730e-07
5.000000000000000000e+02 -1.279999999997953172e-07
6.000000000000000000e+02 -1.279999999997953172e-07
7.000000000000000000e+02 -1.270000000008764796e-07
8.000000000000000000e+02 -1.279999999997953172e-07
9.000000000000000000e+02 -1.269999999997660194e-07
1.000000000000000000e+03 -1.270000000003216730e-07
1.100000000000000000e+03 -1.279999999997953172e-07
1.200000000000000000e+03 -1.269999999997660194e-07
1.300000000000000000e+03 -1.280000000003501237e-07
1.400000000000000000e+03 -1.269999999997660194e-07
1.500000000000000000e+03 -1.279999999997953172e-07
1.600000000000000000e+03 -1.269999999997668664e-07
1.700000000000000000e+03 -1.270000000003216730e-07
1.800000000000000000e+03 -1.280000000003501237e-07
1.900000000000000000e+03 -1.269999999997660194e-07
2.000000000000000000e+03 -1.280000000003501237e-07
2.100000000000000000e+03 -1.279999999997953172e-07
2.200000000000000000e+03 -1.269999999997660194e-07
2.300000000000000000e+03 -1.270000000003216730e-07
2.400000000000000000e+03 -1.269999999997660194e-07
2.500000000000000000e+03 -1.279999999997953172e-07
2.600000000000000000e+03 -1.280000000003501237e-07
2.700000000000000000e+03 -1.269999999997660194e-07
2.800000000000000000e+03 -1.279999999997953172e-07
2.900000000000000000e+03 -1.260000000008480289e-07
3.000000000000000000e+03 -1.279999999997953172e-07
3.100000000000000000e+03 -1.279999999997953172e-07
3.200000000000000000e+03 -1.269999999997660194e-07
3.300000000000000000e+03 -1.280000000003501237e-07
3.400000000000000000e+03 -1.269999999997660194e-07
3.500000000000000000e+03 -1.279999999997953172e-07
3.600000000000000000e+03 -1.270000000003216730e-07
3.700000000000000000e+03 -1.269999999997660194e-07
3.800000000000000000e+03 -1.279999999997953172e-07
3.900000000000000000e+03 -1.270000000003216730e-07
4.000000000000000000e+03 -1.279999999997953172e-07
4.100000000000000000e+03 -1.280000000003501237e-07
4.200000000000000000e+03 -1.260000000002932223e-07
4.300000000000000000e+03 -1.279999999997953172e-07
4.400000000000000000e+03 -1.269999999997660194e-07
4.500000000000000000e+03 -1.280000000003501237e-07
4.600000000000000000e+03 -1.269999999997660194e-07
4.700000000000000000e+03 -1.279999999997953172e-07
4.800000000000000000e+03 -1.279999999997953172e-07
4.900000000000000000e+03 -1.260000000002932223e-07
5.000000000000000000e+03 -1.279999999997953172e-07
5.100000000000000000e+03 -1.269999999997660194e-07
5.200000000000000000e+03 -1.280000000009049303e-07
5.300000000000000000e+03 -1.279999999997953172e-07
5.400000000000000000e+03 -1.269999999997660194e-07
5.500000000000000000e+03 -1.270000000003216730e-07
5.600000000000000000e+03 -1.269999999997660194e-07
5.700000000000000000e+03 -1.279999999997953172e-07
5.800000000000000000e+03 -1.280000000003501237e-07
5.900000000000000000e+03 -1.269999999997660194e-07
6.000000000000000000e+03 -1.279999999997953172e-07
6.100000000000000000e+03 -1.270000000003216730e-07
6.200000000000000000e+03 -1.269999999997668664e-07
6.300000000000000000e+03 -1.280000000003501237e-07
6.400000000000000000e+03 -1.269999999997660194e-07
6.500000000000000000e+03 -1.280000000003501237e-07
6.600000000000000000e+03 -1.269999999997660194e-07
6.700000000000000000e+03 -1.279999999997953172e-07
6.800000000000000000e+03 -1.270000000003216730e-07
6.900000000000000000e+03 -1.269999999997660194e-07
7.000000000000000000e+03 -1.279999999997953172e-07
7.100000000000000000e+03 -1.270000000003216730e-07
7.200000000000000000e+03 -1.279999999997953172e-07
7.300000000000000000e+03 -1.279999999997953172e-07
7.400000000000000000e+03 -1.270000000003216730e-07
7.500000000000000000e+03 -1.270000000003216730e-07
7.600000000000000000e+03 -1.269999999997660194e-07
7.700000000000000000e+03 -1.279999999997953172e-07
7.800000000000000000e+03 -1.280000000003501237e-07
7.900000000000000000e+03 -1.269999999997660194e-07
8.000000000000000000e+03 -1.279999999997953172e-07
8.100000000000000000e+03 -1.260000000002932223e-07
8.200000000000000000e+03 -1.279999999997953172e-07
8.300000000000000000e+03 -1.279999999997953172e-07
8.400000000000000000e+03 -1.270000000003216730e-07
8.500000000000000000e+03 -1.279999999997953172e-07
8.600000000000000000e+03 -1.270000000003208260e-07
8.700000000000000000e+03 -1.280000000003501237e-07
8.800000000000000000e+03 -1.269999999997668664e-07
8.900000000000000000e+03 -1.269999999997660194e-07
9.000000000000000000e+03 -1.279999999997953172e-07
9.100000000000000000e+03 -1.270000000003216730e-07
9.200000000000000000e+03 -1.279999999997953172e-07
9.300000000000000000e+03 -1.279999999997953172e-07
9.400000000000000000e+03 -1.260000000002932223e-07
9.500000000000000000e+03 -1.279999999997953172e-07
9.600000000000000000e+03 -1.269999999997660194e-07
9.700000000000000000e+03 -1.280000000003501237e-07
9.800000000000000000e+03 -1.280000000003501237e-07
9.900000000000000000e+03 -1.269999999997660194e-07
1.000000000000000000e+04 -1.280000000003501237e-07
1.010000000000000000e+04 -1.259999999997375687e-07
1.020000000000000000e+04 -1.279999999997953172e-07
1.030000000000000000e+04 -1.280000000003501237e-07
1.040000000000000000e+04 -1.269999999997660194e-07
1.050000000000000000e+04 -1.279999999997953172e-07
1.060000000000000000e+04 -1.269999999997660194e-07
1.070000000000000000e+04 -1.270000000003216730e-07
1.080000000000000000e+04 -1.279999999997953172e-07
1.090000000000000000e+04 -1.270000000003208260e-07
1.100000000000000000e+04 -1.280000000003501237e-07
1.110000000000000000e+04 -1.269999999997660194e-07
1.120000000000000000e+04 -1.279999999997953172e-07
1.130000000000000000e+04 -1.270000000003216730e-07
1.140000000000000000e+04 -1.269999999997668664e-07
1.150000000000000000e+04 -1.279999999997953172e-07
1.160000000000000000e+04 -1.270000000003216730e-07
1.170000000000000000e+04 -1.279999999997953172e-07
1.180000000000000000e+04 -1.269999999997660194e-07
1.190000000000000000e+04 -1.280000000003501237e-07
1.200000000000000000e+04 -1.270000000003216730e-07
1.210000000000000000e+04 -1.269999999997660194e-07
1.220000000000000000e+04 -1.279999999997953172e-07
1.230000000000000000e+04 -1.270000000003216730e-07
1.240000000000000000e+04 -1.279999999997953172e-07
1.250000000000000000e+04 -1.279999999997953172e-07
1.260000000000000000e+04 -1.270000000003216730e-07
1.270000000000000000e+04 -1.269999999997668664e-07
1.280000000000000000e+04 -1.269999999997660194e-07
1.290000000000000000e+04 -1.280000000003501237e-07
1.300000000000000000e+04 -1.279999999997953172e-07
1.310000000000000000e+04 -1.269999999997660194e-07
1.320000000000000000e+04 -1.280000000009049303e-07
1.330000000000000000e+04 -1.259999999997375687e-07
1.340000000000000000e+04 -1.279999999997953172e-07
1.350000000000000000e+04 -1.279999999997953172e-07
1.360000000000000000e+04 -1.270000000003216730e-07
1.370000000000000000e+04 -1.279999999997953172e-07
1.380000000000000000e+04 -1.269999999997660194e-07
1.390000000000000000e+04 -1.280000000003501237e-07
1.400000000000000000e+04 -1.269999999997668664e-07
1.410000000000000000e+04 -1.269999999997660194e-07
1.420000000000000000e+04 -1.280000000003501237e-07
1.430000000000000000e+04 -1.270000000003208260e-07
1.440000000000000000e+04 -1.279999999997953172e-07
1.450000000000000000e+04 -1.280000000003501237e-07
1.460000000000000000e+04 -1.259999999997375687e-07
1.470000000000000000e+04 -1.279999999997953172e-07
1.480000000000000000e+04 -1.270000000003216730e-07
1.490000000000000000e+04 -1.279999999997953172e-07
1.500000000000000000e+04 -1.279999999997953172e-07
1.510000000000000000e+04 -1.269999999997660194e-07
1.520000000000000000e+04 -1.280000000003501237e-07
1.530000000000000000e+04 -1.259999999997375687e-07
1.540000000000000000e+04 -1.279999999997953172e-07
1.550000000000000000e+04 -1.280000000009049303e-07
1.560000000000000000e+04 -1.269999999997660194e-07
1.570000000000000000e+04 -1.279999999997953172e-07
1.580000000000000000e+04 -1.270000000003216730e-07
1.590000000000000000e+04 -1.269999999997668664e-07
1.600000000000000000e+04 -1.279999999997953172e-07
1.610000000000000000e+04 -1.270000000003216730e-07
1.620000000000000000e+04 -1.279999999997953172e-07
1.630000000000000000e+04 -1.269999999997660194e-07
1.640000000000000000e+04 -1.279999999997953172e-07
1.650000000000000000e+04 -1.280000000003501237e-07
1.660000000000000000e+04 -1.260000000002923752e-07
1.670000000000000000e+04 -1.279999999997953172e-07
1.680000000000000000e+04 -1.270000000003216730e-07
1.690000000000000000e+04 -1.279999999997953172e-07
1.700000000000000000e+04 -1.279999999997953172e-07
1.710000000000000000e+04 -1.270000000003216730e-07
1.720000000000000000e+04 -1.269999999997668664e-07
1.730000000000000000e+04 -1.269999999997660194e-07
1.740000000000000000e+04 -1.280000000003501237e-07
1.750000000000000000e+04 -1.269999999997660194e-07
1.760000000000000000e+04 -1.279999999997953172e-07
1.770000000000000000e+04 -1.279999999997953172e-07
1.780000000000000000e+04 -1.270000000008764796e-07
1.790000000000000000e+04 -1.269999999997668664e-07
1.800000000000000000e+04 -1.269999999997660194e-07
1.810000000000000000e+04 -1.280000000003501237e-07
1.820000000000000000e+04 -1.279999999997953172e-07
1.830000000000000000e+04 -1.269999999997660194e-07
1.840000000000000000e+04 -1.280000000003501237e-07
1.850000000000000000e+04 -1.259999999997375687e-07
1.860000000000000000e+04 -1.279999999997953172e-07
1.870000000000000000e+04 -1.280000000003501237e-07
1.880000000000000000e+04 -1.269999999997660194e-07
1.890000000000000000e+04 -1.280000000003501237e-07
1.900000000000000000e+04 -1.270000000003216730e-07
1.910000000000000000e+04 -1.279999999997953172e-07
1.920000000000000000e+04 -1.269999999997668664e-07
1.930000000000000000e+04 -1.269999999997660194e-07
1.940000000000000000e+04 -1.280000000003501237e-07
1.950000000000000000e+04 -1.269999999997660194e-07
1.960000000000000000e+04 -1.279999999997953172e-07
1.970000000000000000e+04 -1.280000000003501237e-07
1.980000000000000000e+04 -1.259999999997375687e-07
1.990000000000000000e+04 -1.279999999997953172e-07
2.000000000000000000e+04 -1.270000000008764796e-07
2.010000000000000000e+04 -1.279999999997953172e-07
2.020000000000000000e+04 -1.279999999997953172e-07
2.030000000000000000e+04 -1.270000000003216730e-07
2.040000000000000000e+04 -1.279999999997953172e-07
2.050000000000000000e+04 -1.259999999997375687e-07
2.060000000000000000e+04 -1.280000000003501237e-07
2.070000000000000000e+04 -1.279999999997953172e-07
2.080000000000000000e+04 -1.269999999997660194e-07
2.090000000000000000e+04 -1.279999999997953172e-07
2.100000000000000000e+04 -1.270000000003216730e-07
2.110000000000000000e+04 -1.270000000003216730e-07
2.120000000000000000e+04 -1.279999999997953172e-07
2.130000000000000000e+04 -1.270000000003216730e-07
2.140000000000000000e+04 -1.279999999997953172e-07
2.150000000000000000e+04 -1.269999999997660194e-07
2.160000000000000000e+04 -1.280000000003501237e-07
2.170000000000000000e+04 -1.279999999997953172e-07
2.180000000000000000e+04 -1.259999999997375687e-07
2.190000000000000000e+04 -1.280000000003501237e-07
2.200000000000000000e+04 -1.269999999997660194e-07
2.210000000000000000e+04 -1.279999999997953172e-07
2.220000000000000000e+04 -1.279999999997953172e-07
2.230000000000000000e+04 -1.270000000008764796e-07
2.240000000000000000e+04 -1.269999999997668664e-07
2.250000000000000000e+04 -1.269999999997660194e-07
2.260000000000000000e+04 -1.280000000003501237e-07
2.270000000000000000e+04 -1.279999999997953172e-07
2.280000000000000000e+04 -1.269999999997660194e-07
2.290000000000000000e+04 -1.280000000003501237e-07
2.300000000000000000e+04 -1.269999999997660194e-07
2.310000000000000000e+04 -1.269999999997668664e-07
2.320000000000000000e+04 -1.280000000003501237e-07
2.330000000000000000e+04 -1.269999999997660194e-07
2.340000000000000000e+04 -1.280000000003501237e-07
2.350000000000000000e+04 -1.270000000003216730e-07
2.360000000000000000e+04 -1.279999999997953172e-07
2.370000000000000000e+04 -1.269999999997668664e-07
2.380000000000000000e+04 -1.269999999997660194e-07
2.390000000000000000e+04 -1.280000000003501237e-07
2.400000000000000000e+04 -1.269999999997660194e-07
2.410000000000000000e+04 -1.279999999997953172e-07
2.420000000000000000e+04 -1.270000000003216730e-07
2.430000000000000000e+04 -1.279999999997953172e-07
2.440000000000000000e+04 -1.269999999997668664e-07
2.450000000000000000e+04 -1.270000000003216730e-07
2.460000000000000000e+04 -1.280000000003501237e-07
2.470000000000000000e+04 -1.269999999997660194e-07
2.480000000000000000e+04 -1.280000000003501237e-07
2.490000000000000000e+04 -1.279999999997953172e-07
2.500000000000000000e+04 -1.259999999997375687e-07
2.510000000000000000e+04 -1.279999999997953172e-07
2.520000000000000000e+04 -1.270000000003216730e-07
2.530000000000000000e+04 -1.279999999997953172e-07
2.540000000000000000e+04 -1.279999999997953172e-07
2.550000000000000000e+04 -1.270000000003216730e-07
2.560000000000000000e+04 -1.279999999997953172e-07
2.570000000000000000e+04 -1.260000000002923752e-07
2.580000000000000000e+04 -1.280000000003501237e-07
2.590000000000000000e+04 -1.279999999997953172e-07
2.600000000000000000e+04 -1.269999999997660194e-07
2.610000000000000000e+04 -1.280000000003501237e-07
2.620000000000000000e+04 -1.269999999997660194e-07
2.630000000000000000e+04 -1.269999999997668664e-07
2.640000000000000000e+04 -1.279999999997953172e-07
2.650000000000000000e+04 -1.270000000003216730e-07
2.660000000000000000e+04 -1.279999999997953172e-07
2.670000000000000000e+04 -1.269999999997660194e-07
2.680000000000000000e+04 -1.280000000003501237e-07
2.690000000000000000e+04 -1.280000000009049303e-07
2.700000000000000000e+04 -1.259999999997375687e-07
2.710000000000000000e+04 -1.279999999992396636e-07
2.720000000000000000e+04 -1.270000000008764796e-07
2.730000000000000000e+04 -1.279999999992396636e-07
2.740000000000000000e+04 -1.280000000003501237e-07
2.750000000000000000e+04 -1.269999999997660194e-07
2.760000000000000000e+04 -1.270000000003216730e-07
2.770000000000000000e+04 -1.269999999997660194e-07
2.780000000000000000e+04 -1.279999999992396636e-07
2.790000000000000000e+04 -1.280000000003501237e-07
2.800000000000000000e+04 -1.270000000003208260e-07
2.810000000000000000e+04 -1.280000000003501237e-07
2.820000000000000000e+04 -1.269999999997660194e-07
2.830000000000000000e+04 -1.270000000003216730e-07
2.840000000000000000e+04 -1.279999999992396636e-07
2.850000000000000000e+04 -1.270000000008764796e-07
2.860000000000000000e+04 -1.279999999992396636e-07
2.870000000000000000e+04 -1.269999999997660194e-07
2.880000000000000000e+04 -1.280000000003501237e-07
2.890000000000000000e+04 -1.270000000008764796e-07
2.900000000000000000e+04 -1.269999999997660194e-07
2.910000000000000000e+04 -1.279999999992396636e-07
2.920000000000000000e+04 -1.270000000008764796e-07
2.930000000000000000e+04 -1.279999999992396636e-07
2.940000000000000000e+04 -1.280000000003501237e-07
2.950000000000000000e+04 -1.269999999997660194e-07
2.960000000000000000e+04 -1.269999999997660194e-07
2.970000000000000000e+04 -1.270000000008764796e-07
2.980000000000000000e+04 -1.280000000003501237e-07
2.990000000000000000e+04 -1.279999999992396636e-07
3.000000000000000000e+04 -1.269999999997660194e-07
3.010000000000000000e+04 -1.280000000003501237e-07
3.020000000000000000e+04 -1.259999999991819151e-07
3.030000000000000000e+04 -1.280000000003501237e-07
3.040000000000000000e+04 -1.269999999997660194e-07
3.050000000000000000e+04 -1.280000000003501237e-07
3.060000000000000000e+04 -1.279999999992396636e-07
3.070000000000000000e+04 -1.269999999997660194e-07
3.080000000000000000e+04 -1.280000000003501237e-07
3.090000000000000000e+04 -1.260000000002923752e-07
3.100000000000000000e+04 -1.280000000003501237e-07
3.110000000000000000e+04 -1.280000000003501237e-07
3.120000000000000000e+04 -1.269999999997660194e-07
3.130000000000000000e+04 -1.279999999992396636e-07
3.140000000000000000e+04 -1.270000000008764796e-07
3.150000000000000000e+04 -1.269999999997660194e-07
3.160000000000000000e+04 -1.280000000003501237e-07
3.170000000000000000e+04 -1.269999999997660194e-07
3.180000000000000000e+04 -1.280000000003501237e-07
3.190000000000000000e+04 -1.269999999997660194e-07
3.200000000000000000e+04 -1.279999999992396636e-07
3.210000000000000000e+04 -1.280000000003501237e-07
3.220000000000000000e+04 -1.260000000002923752e-07
3.230000000000000000e+04 -1.280000000003501237e-07
3.240000000000000000e+04 -1.269999999997660194e-07
3.250000000000000000e+04 -1.280000000003501237e-07
3.260000000000000000e+04 -1.279999999992396636e-07
3.270000000000000000e+04 -1.270000000008764796e-07
3.280000000000000000e+04 -1.269999999986555592e-07
3.290000000000000000e+04 -1.269999999997660194e-07
3.300000000000000000e+04 -1.280000000003501237e-07
3.310000000000000000e+04 -1.280000000014605839e-07
3.320000000000000000e+04 -1.269999999997660194e-07
3.330000000000000000e+04 -1.279999999992396636e-07
3.340000000000000000e+04 -1.270000000008764796e-07
3.350000000000000000e+04 -1.269999999986555592e-07
3.360000000000000000e+04 -1.280000000003501237e-07
3.370000000000000000e+04 -1.269999999997660194e-07
3.380000000000000000e+04 -1.280000000003501237e-07
3.390000000000000000e+04 -1.269999999997660194e-07
3.400000000000000000e+04 -1.280000000003501237e-07
3.410000000000000000e+04 -1.269999999997660194e-07
3.420000000000000000e+04 -1.269999999997660194e-07
3.430000000000000000e+04 -1.280000000003501237e-07
3.440000000000000000e+04 -1.269999999997660194e-07
3.450000000000000000e+04 -1.280000000003501237e-07
3.460000000000000000e+04 -1.279999999992396636e-07
3.470000000000000000e+04 -1.270000000008764796e-07
3.480000000000000000e+04 -1.269999999997660194e-07
3.490000000000000000e+04 -1.269999999997660194e-07
3.500000000000000000e+04 -1.280000000003501237e-07
3.510000000000000000e+04 -1.280000000003501237e-07
3.520000000000000000e+04 -1.269999999997660194e-07
3.530000000000000000e+04 -1.280000000003501237e-07
3.540000000000000000e+04 -1.260000000002923752e-07
3.550000000000000000e+04 -1.279999999992396636e-07
3.560000000000000000e+04 -1.280000000003501237e-07
3.570000000000000000e+04 -1.269999999997660194e-07
3.580000000000000000e+04 -1.280000000003501237e-07
3.590000000000000000e+04 -1.269999999997660194e-07
3.600000000000000000e+04 -1.280000000003501237e-07
3.610000000000000000e+04 -1.269999999986555592e-07
3.620000000000000000e+04 -1.269999999997660194e-07
3.630000000000000000e+04 -1.280000000003501237e-07
3.640000000000000000e+04 -1.269999999997660194e-07
3.650000000000000000e+04 -1.280000000003501237e-07
3.660000000000000000e+04 -1.270000000008764796e-07
3.670000000000000000e+04 -1.269999999997660194e-07
3.680000000000000000e+04 -1.279999999992396636e-07
3.690000000000000000e+04 -1.270000000008764796e-07
3.700000000000000000e+04 -1.279999999992396636e-07
3.710000000000000000e+04 -1.269999999997660194e-07
3.720000000000000000e+04 -1.280000000003501237e-07
3.730000000000000000e+04 -1.280000000003501237e-07
3.740000000000000000e+04 -1.260000000002923752e-07
3.750000000000000000e+04 -1.279999999992396636e-07
3.760000000000000000e+04 -1.270000000008764796e-07
3.770000000000000000e+04 -1.279999999992396636e-07
3.780000000000000000e+04 -1.280000000003501237e-07
3.790000000000000000e+04 -1.269999999997660194e-07
3.800000000000000000e+04 -1.270000000008764796e-07
3.810000000000000000e+04 -1.269999999997660194e-07
3.820000000000000000e+04 -1.280000000003501237e-07
3.830000000000000000e+04 -1.279999999992396636e-07
3.840000000000000000e+04 -1.269999999997660194e-07
3.850000000000000000e+04 -1.280000000003501237e-07
3.860000000000000000e+04 -1.269999999997660194e-07
3.870000000000000000e+04 -1.269999999997660194e-07
3.880000000000000000e+04 -1.280000000003501237e-07
3.890000000000000000e+04 -1.270000000008764796e-07
3.900000000000000000e+04 -1.279999999992396636e-07
3.910000000000000000e+04 -1.269999999997660194e-07
3.920000000000000000e+04 -1.280000000003501237e-07
3.930000000000000000e+04 -1.269999999997660194e-07
3.940000000000000000e+04 -1.269999999997660194e-07
3.950000000000000000e+04 -1.280000000003501237e-07
3.960000000000000000e+04 -1.269999999997660194e-07
3.970000000000000000e+04 -1.279999999992396636e-07
3.980000000000000000e+04 -1.280000000003501237e-07
3.990000000000000000e+04 -1.269999999997660194e-07
4.000000000000000000e+04 -1.270000000008764796e-07
4.010000000000000000e+04 -1.269999999997660194e-07
4.020000000000000000e+04 -1.280000000003501237e-07
4.030000000000000000e+04 -1.279999999992396636e-07
4.040000000000000000e+04 -1.269999999997660194e-07
4.050000000000000000e+04 -1.280000000003501237e-07
4.060000000000000000e+04 -1.260000000002923752e-07
4.070000000000000000e+04 -1.280000000003501237e-07
4.080000000000000000e+04 -1.280000000003501237e-07
4.090000000000000000e+04 -1.269999999997660194e-07
4.100000000000000000e+04 -1.279999999992396636e-07
4.110000000000000000e+04 -1.270000000008764796e-07
4.120000000000000000e+04 -1.279999999992396636e-07
4.130000000000000000e+04 -1.270000000008764796e-07
4.140000000000000000e+04 -1.269999999997660194e-07
4.150000000000000000e+04 -1.280000000003501237e-07
4.160000000000000000e+04 -1.269999999997660194e-07
4.170000000000000000e+04 -1.280000000003501237e-07
4.180000000000000000e+04 -1.279999999992396636e-07
4.190000000000000000e+04 -1.259999999991819151e-07
4.200000000000000000e+04 -1.280000000003501237e-07
4.210000000000000000e+04 -1.269999999997660194e-07
4.220000000000000000e+04 -1.280000000014605839e-07
4.230000000000000000e+04 -1.279999999992396636e-07
4.240000000000000000e+04 -1.270000000008764796e-07
4.250000000000000000e+04 -1.279999999992396636e-07
4.260000000000000000e+04 -1.259999999991819151e-07
4.270000000000000000e+04 -1.280000000003501237e-07
4.280000000000000000e+04 -1.280000000003501237e-07
4.290000000000000000e+04 -1.269999999997660194e-07
4.300000000000000000e+04 -1.280000000003501237e-07
4.310000000000000000e+04 -1.269999999997660194e-07
4.320000000000000000e+04 -1.269999999997660194e-07
4.330000000000000000e+04 -1.270000000008764796e-07
4.340000000000000000e+04 -1.279999999992396636e-07
4.350000000000000000e+04 -1.280000000003501237e-07
4.360000000000000000e+04 -1.269999999997660194e-07
4.370000000000000000e+04 -1.280000000003501237e-07
4.380000000000000000e+04 -1.269999999997660194e-07
4.390000000000000000e+04 -1.269999999997660194e-07
4.400000000000000000e+04 -1.280000000003501237e-07
4.410000000000000000e+04 -1.269999999997660194e-07
4.420000000000000000e+04 -1.280000000003501237e-07
4.430000000000000000e+04 -1.269999999997660194e-07
4.440000000000000000e+04 -1.280000000003501237e-07
4.450000000000000000e+04 -1.269999999997660194e-07
4.460000000000000000e+04 -1.270000000008764796e-07
4.470000000000000000e+04 -1.279999999992396636e-07
4.480000000000000000e+04 -1.269999999997660194e-07
4.490000000000000000e+04 -1.280000000003501237e-07
4.500000000000000000e+04 -1.280000000003501237e-07
4.510000000000000000e+04 -1.269999999997660194e-07
4.520000000000000000e+04 -1.269999999986555592e-07
4.530000000000000000e+04 -1.270000000008764796e-07
4.540000000000000000e+04 -1.279999999992396636e-07
4.550000000000000000e+04 -1.280000000003501237e-07
4.560000000000000000e+04 -1.269999999997660194e-07
4.570000000000000000e+04 -1.280000000014605839e-07
4.580000000000000000e+04 -1.259999999991819151e-07
4.590000000000000000e+04 -1.280000000003501237e-07
4.600000000000000000e+04 -1.279999999992396636e-07
4.610000000000000000e+04 -1.269999999997660194e-07
4.620000000000000000e+04 -1.280000000003501237e-07
4.630000000000000000e+04 -1.269999999997660194e-07
4.640000000000000000e+04 -1.280000000003501237e-07
4.650000000000000000e+04 -1.269999999997660194e-07
4.660000000000000000e+04 -1.270000000008764796e-07
4.670000000000000000e+04 -1.279999999992396636e-07
4.680000000000000000e+04 -1.269999999997660194e-07
4.690000000000000000e+04 -1.280000000003501237e-07
4.700000000000000000e+04 -1.280000000003501237e-07
4.710000000000000000e+04 -1.260000000002923752e-07
4.720000000000000000e+04 -1.280000000003501237e-07
4.730000000000000000e+04 -1.269999999997660194e-07
4.740000000000000000e+04 -1.279999999992396636e-07
4.750000000000000000e+04 -1.280000000003501237e-07
4.760000000000000000e+04 -1.269999999997660194e-07
4.770000000000000000e+04 -1.280000000003501237e-07
4.780000000000000000e+04 -1.259999999991819151e-07
4.790000000000000000e+04 -1.280000000014605839e-07
4.800000000000000000e+04 -1.279999999992396636e-07
4.810000000000000000e+04 -1.269999999997660194e-07
4.820000000000000000e+04 -1.280000000003501237e-07
4.830000000000000000e+04 -1.269999999997660194e-07
4.840000000000000000e+04 -1.269999999997660194e-07
4.850000000000000000e+04 -1.280000000003501237e-07
4.860000000000000000e+04 -1.269999999997660194e-07
4.870000000000000000e+04 -1.279999999992396636e-07
4.880000000000000000e+04 -1.270000000008764796e-07
4.890000000000000000e+04 -1.279999999992396636e-07
4.900000000000000000e+04 -1.280000000003501237e-07
4.910000000000000000e+04 -1.260000000002923752e-07
4.920000000000000000e+04 -1.280000000003501237e-07
4.930000000000000000e+04 -1.269999999997660194e-07
4.940000000000000000e+04 -1.279999999992396636e-07
4.950000000000000000e+04 -1.270000000008764796e-07
4.960000000000000000e+04 -1.279999999992396636e-07
4.970000000000000000e+04 -1.270000000008764796e-07
4.980000000000000000e+04 -1.269999999997660194e-07
4.990000000000000000e+04 -1.280000000003501237e-07
5.000000000000000000e+04 0.000000000000000000e+00
