0.000000000000000000e+00
1.000000000306277539e-09
-2.774032902257833610e-19
0.000000000000000000e+00
-9.999999997514709589e-10
0.000000000000000000e+00
9.999999997514709589e-10
2.774032902257833610e-19
-1.000000000028874249e-09
-2.774032902257833610e-19
0.000000000000000000e+00
2.774032902257833610e-19
-2.774032902257833610e-19
0.000000000000000000e+00
-9.999999997514709589e-10
-2.774032902257833610e-19
-9.999999997514709589e-10
0.000000000000000000e+00
-1.000000000028874249e-09
-2.774032902257833610e-19
2.774032902257833610e-19
-1.000000000028874249e-09
-2.774032902257833610e-19
-9.999999997514709589e-10
-1.000000000028874249e-09
2.774032902257833610e-19
-2.000000000335151788e-09
0.000000000000000000e+00
-9.999999997514709589e-10
0.000000000000000000e+00
-2.000000000335151788e-09
-9.999999997514709589e-10
0.000000000000000000e+00
-2.000000000057324982e-09
0.000000000000000000e+00
-2.000000000057324982e-09
-1.000000000028874249e-09
-9.999999997510474424e-10
-1.000000000306277539e-09
-1.000000000028450733e-09
-1.999999999779921692e-09
-1.000000000028450733e-09
-9.999999997514709589e-10
-1.000000000306277539e-09
-1.000000000028450733e-09
-2.000000000057324982e-09
-9.999999997510474424e-10
-1.000000000028450733e-09
-1.000000000306277539e-09
-1.999999999779921692e-09
-1.000000000028450733e-09
-1.000000000028450733e-09
-1.999999999779921692e-09
-1.000000000028450733e-09
-1.000000000028874249e-09
-1.000000000306277539e-09
-1.000000000028874249e-09
-9.999999997510474424e-10
-1.000000000028874249e-09
-1.000000000028874249e-09
-1.000000000028874249e-09
-1.000000000028874249e-09
-9.999999997510474424e-10
-1.000000000028874249e-09
-1.000000000028874249e-09
-1.000000000306277539e-09
0.000000000000000000e+00
-1.999999999779921692e-09
0.000000000000000000e+00
0.000000000000000000e+00
-1.000000000028874249e-09
-1.000000000028874249e-09
0.000000000000000000e+00
-1.000000000028874249e-09
-1.000000000028874249e-09
-1.000000000028874249e-09
0.000000000000000000e+00
-1.000000000028874249e-09
0.000000000000000000e+00
0.000000000000000000e+00
0.000000000000000000e+00
-1.000000000028874249e-09
-9.999999997510474424e-10
1.000000000028874249e-09
0.000000000000000000e+00
-1.000000000028874249e-09
1.000000000028874249e-09
-1.000000000028874249e-09
-1.000000000028874249e-09
1.000000000028874249e-09
0.000000000000000000e+00
-1.000000000028874249e-09
-2.778268066994105112e-19
1.000000000028874249e-09
0.000000000000000000e+00
2.778268066994105112e-19
-1.000000000028874249e-09
0.000000000000000000e+00
0.000000000000000000e+00
-1.000000000028450733e-09
0.000000000000000000e+00
-2.778268066994105112e-19
-9.999999997510474424e-10
0.000000000000000000e+00
-1.000000000028450733e-09
-1.000000000028874249e-09
0.000000000000000000e+00
-1.000000000028450733e-09
-9.999999997510474424e-10
-2.000000000057324982e-09
0.000000000000000000e+00
-1.000000000028874249e-09
-2.000000000057324982e-09
-1.000000000028874249e-09
2.778268066994105112e-19
-2.000000000057324982e-09
-2.000000000196661902e-09
-2.000000000057324982e-09
-1.000000000028874249e-09
-9.999999998899608458e-10
-2.000000000057324982e-09
-2.000000000057748498e-09
-9.999999998899608458e-10
-2.000000000057748498e-09
-1.000000000028874249e-09
-1.999999999918835095e-09
-2.000000000057748498e-09
-1.999999999918835095e-09
-2.000000000057748498e-09
-1.999999999918835095e-09
-1.000000000028874249e-09
-1.000000000028874249e-09
-2.000000000057748498e-09
-2.000000000057748498e-09
-1.999999999779921692e-09
-2.000000000057748498e-09
-1.000000000028874249e-09
-2.000000000057748498e-09
0.000000000000000000e+00
-2.000000000057748498e-09
-9.999999998899608458e-10
-1.999999999918835095e-09
-1.000000000028874249e-09
-1.000000000028874249e-09
-2.000000000057748498e-09
-1.000000000028874249e-09
-1.000000000028874249e-09
-9.999999998899608458e-10
-1.000000000028874249e-09
-1.000000000028874249e-09
-1.000000000028874249e-09
-1.000000000028874249e-09
-1.000000000028874249e-09
-9.999999998899608458e-10
0.000000000000000000e+00
-9.999999998899608458e-10
-1.389134033497052556e-19
0.000000000000000000e+00
0.000000000000000000e+00
0.000000000000000000e+00
-1.000000000028874249e-09
1.000000000028874249e-09
0.000000000000000000e+00
0.000000000000000000e+00
1.000000000028874249e-09
0.000000000000000000e+00
0.000000000000000000e+00
1.000000000028874249e-09
9.999999998899608458e-10
1.000000000028874249e-09
1.000000000028874249e-09
2.000000000057748498e-09
1.000000000028874249e-09
1.000000000028874249e-09
1.999999999918835095e-09
1.999999999918835095e-09
1.000000000028874249e-09
2.000000000057748498e-09
1.999999999918835095e-09
2.000000000057748498e-09
2.000000000057748498e-09
2.000000000057748498e-09
1.999999999779921692e-09
2.000000000057748498e-09
3.000000000086622747e-09
1.999999999918835095e-09
2.000000000057748498e-09
2.000000000057748498e-09
2.999999999947709344e-09
1.999999999918835095e-09
3.000000000086622747e-09
1.000000000028874249e-09
2.999999999947709344e-09
2.399999999985780749e-09
2.200000000091221325e-09
2.199999999952307922e-09
2.100000000005028210e-09
1.999999999918835095e-09
2.000000000057748498e-09
1.900000000110468786e-09
1.899999999832641980e-09
1.599999999990379327e-09
1.600000000129292731e-09
1.500000000043099615e-09
1.399999999817993097e-09
1.200000000062347076e-09
1.099999999976153961e-09
9.000000000815945372e-10
7.999999999954014219e-10
6.999999999092083067e-10
5.000000000142253663e-10
4.000000000669456544e-10
1.999999998945594239e-10
1.000000000861931153e-10
-1.000000000861931153e-10
-1.999999998945594239e-10
-4.000000000669456544e-10
-4.999999998757354795e-10
-7.000000000481217100e-10
-8.999999999426811339e-10
-1.000000000167787652e-09
-9.999999998899608458e-10
-1.300000000009626788e-09
-1.399999999956906500e-09
-1.400000000095819904e-09
-1.599999999990379327e-09
-1.599999999990379327e-09
-1.799999999885362268e-09
-1.900000000110468786e-09
-1.899999999971555383e-09
-2.000000000057748498e-09
-2.199999999952307922e-09
-2.100000000004604694e-09
-2.100000000005028210e-09
-2.299999999899587634e-09
-2.200000000091221325e-09
-2.199999999952307922e-09
-2.399999999985780749e-09
-2.300000000038501037e-09
-2.300000000038077521e-09
-2.300000000038077521e-09
-2.399999999985780749e-09
-2.300000000038077521e-09
-2.199999999952307922e-09
-2.299999999899587634e-09
-2.200000000090797809e-09
-2.300000000038077521e-09
-2.100000000004604694e-09
-2.200000000090797809e-09
-2.099999999866114807e-09
-2.000000000057324982e-09
-1.999999999918411578e-09
-2.000000000057324982e-09
-1.899999999971131867e-09
-1.900000000110045270e-09
-1.799999999885362268e-09
-1.800000000023852155e-09
-1.699999999938082556e-09
-1.700000000076572443e-09
-1.599999999990379327e-09
-1.500000000043099615e-09
-1.599999999851889441e-09
-1.500000000043099615e-09
-1.300000000009626788e-09
-1.399999999956906500e-09
-1.200000000062347076e-09
-1.199999999923433673e-09
-1.200000000062347076e-09
-1.000000000028874249e-09
-1.100000000115067364e-09
-8.999999998037677305e-10
-1.000000000028874249e-09
-8.000000001338913088e-10
-6.999999999092083067e-10
-7.999999999954014219e-10
-7.000000000481217100e-10
-5.999999999615050783e-10
-5.000000000146488828e-10
-3.999999999284557675e-10
-5.000000000146488828e-10
-4.000000000669456544e-10
-2.999999999811760556e-10
-1.999999998949829403e-10
-2.000000001719627141e-10
-9.999999994770322840e-11
-9.999999994727971193e-11
0.000000000000000000e+00
0.000000000000000000e+00
9.999999994727971193e-11
9.999999994727971193e-11
3.000000001196659425e-10
2.999999999807525391e-10
2.999999999807525391e-10
4.000000000669456544e-10
5.999999999615050783e-10
5.000000000146488828e-10
6.999999999087847902e-10
7.999999999949779055e-10
7.999999999949779055e-10
9.000000000811710207e-10
1.099999999975730445e-09
1.100000000114643848e-09
1.199999999923433673e-09
1.300000000009626788e-09
1.399999999956906500e-09
1.499999999904609729e-09
1.700000000076572443e-09
1.699999999937659039e-09
1.900000000110045270e-09
1.799999999954395453e-09
2.100000000004604694e-09
2.200000000021341107e-09
2.199999999951884406e-09
2.400000000054813935e-09
2.399999999985780749e-09
2.599999999949796875e-09
2.700000000035989990e-09
2.699999999966533288e-09
2.900000000000006116e-09
2.900000000069462817e-09
2.999999999947285828e-09
3.100000000033478943e-09
3.199999999980758655e-09
3.199999999980758655e-09
3.400000000014231482e-09
3.400000000014654998e-09
3.299999999997918585e-09
3.399999999945198297e-09
3.500000000100848114e-09
3.499999999961934710e-09
3.500000000031391412e-09
3.499999999892478009e-09
3.500000000031391412e-09
3.600000000048127826e-09
3.400000000014654998e-09
3.499999999961934710e-09
3.400000000014654998e-09
3.400000000014654998e-09
3.399999999945198297e-09
3.299999999997495068e-09
3.199999999980758655e-09
3.200000000050215356e-09
3.200000000050215356e-09
2.999999999947285828e-09
2.999999999947285828e-09
2.900000000069462817e-09
2.799999999983269702e-09
2.799999999983269702e-09
2.600000000019253577e-09
2.600000000019253577e-09
2.399999999985780749e-09
2.500000000002517163e-09
2.200000000021764624e-09
2.299999999969044336e-09
2.100000000005028210e-09
1.999999999987868280e-09
1.900000000040588568e-09
1.899999999971131867e-09
1.799999999954395453e-09
1.700000000007115741e-09
1.500000000043099615e-09
1.499999999973642914e-09
1.400000000026363202e-09
1.399999999956906500e-09
1.200000000062347076e-09
1.199999999992890375e-09
1.099999999975730445e-09
1.100000000045187146e-09
8.999999999426811339e-10
7.999999999954014219e-10
8.000000000648581236e-10
5.999999999619285947e-10
6.999999999786650083e-10
5.000000000146488828e-10
3.999999999979124692e-10
2.999999999807525391e-10
2.000000000334728272e-10
1.999999999640161255e-10
0.000000000000000000e+00
6.945670167485262780e-20
-1.000000000167364136e-10
-2.999999999807525391e-10
-3.000000000502092408e-10
-3.999999999979124692e-10
-5.999999999619285947e-10
-6.000000000313852964e-10
-6.999999999786650083e-10
-9.000000000121378355e-10
-9.000000000121378355e-10
-1.099999999976153961e-09
-1.199999999992890375e-09
-1.300000000009626788e-09
-1.400000000026363202e-09
-1.499999999974066430e-09
-1.700000000007539257e-09
-1.700000000007539257e-09
-1.999999999988291797e-09
-1.900000000041012085e-09
-2.199999999952307922e-09
-2.300000000038501037e-09
-2.399999999985780749e-09
-2.500000000002517163e-09
-2.799999999983269702e-09
-2.799999999983693219e-09
-3.000000000017166046e-09
-3.099999999999174108e-09
-3.299999999997918585e-09
-3.400000000014654998e-09
-3.600000000013399475e-09
-3.699999999995407538e-09
-3.899999999994152014e-09
-4.099999999992896490e-09
-4.200000000009632904e-09
-4.299999999991640967e-09
-4.400000000008377380e-09
-4.699999999989553436e-09
-4.800000000006289849e-09
-5.000000000005034326e-09
-5.099999999987042389e-09
-5.200000000038507153e-09
-5.399999999967794928e-09
-5.500000000019259692e-09
-5.699999999983275818e-09
-5.800000000000012231e-09
-5.900000000016748645e-09
-5.999999999964028357e-09
-6.300000000014237598e-09
-6.300000000014661114e-09
-6.399999999997092693e-09
-6.599999999995837170e-09
-6.599999999995837170e-09
-6.799999999994581646e-09
-6.900000000010894543e-09
-6.999999999993326122e-09
-7.000000000027630957e-09
-7.300000000008807012e-09
-7.199999999957342248e-09
-7.300000000008807012e-09
-7.500000000007551489e-09
-7.499999999972823138e-09
-7.600000000023864386e-09
-7.599999999989559551e-09
-7.800000000023032379e-09
-7.799999999988304028e-09
-7.899999999970312091e-09
-7.900000000039768792e-09
-7.999999999987048504e-09
-8.000000000021776855e-09
-8.099999999969056567e-09
-8.100000000003784918e-09
-8.200000000020521331e-09
-8.299999999967801043e-09
-8.200000000020521331e-09
-8.299999999985165219e-09
-8.300000000019893570e-09
-8.399999999984960973e-09
-8.300000000002952911e-09
-8.400000000002325149e-09
-8.500000000001697387e-09
-8.500000000001697387e-09
-8.400000000002325149e-09
-8.500000000001697387e-09
-8.600000000001069625e-09
-8.499999999984333212e-09
-8.600000000001069625e-09
-8.600000000018433801e-09
-8.699999999983077688e-09
-8.500000000001697387e-09
-8.799999999999814102e-09
-8.600000000018433801e-09
-8.789999999987679603e-09
-8.789999999987679603e-09
-8.840000000013623744e-09
-8.899999999999186340e-09
-8.909999999993956663e-09
-8.939999999995631807e-09
-9.010000000001799230e-09
-9.060000000010379195e-09
-9.099999999998354333e-09
-9.149999999997616935e-09
-9.210000000000543707e-09
-9.279999999998664317e-09
-9.360000000008495910e-09
-9.429999999997722675e-09
-9.499999999995843285e-09
-9.559999999998770057e-09
-9.640000000000131320e-09
-9.710000000006298743e-09
-9.789999999994530996e-09
-9.860000000001121936e-09
-9.939999999998248034e-09
-9.989999999997934153e-09
-1.003000000000284995e-08
-1.004999999999662576e-08
-1.006000000000028993e-08
-1.001000000000229788e-08
-9.929999999998819030e-09
-9.809000000001196455e-09
-9.609999999999726725e-09
-9.362999999999896633e-09
-9.058519999999928307e-09
-8.685480000000286697e-09
-8.224000000000431513e-09
-7.664999999999612363e-09
-7.015000000000304683e-09
-6.259999999998733890e-09
-5.430000000002080840e-09
-4.470000000000145244e-09
-3.359999999996610192e-09
-2.180000000001730792e-09
-8.599999999983281933e-10
5.299999999985363348e-10
2.060000000004347579e-09
3.669999999993732394e-09
5.339999999999596507e-09
7.060000000005146740e-09
8.829999999993018916e-09
1.060000000000630208e-08
1.241999999999386038e-08
1.420999999999710770e-08
1.595000000000956276e-08
1.763000000000130335e-08
1.924999999999858750e-08
2.076999999999649941e-08
2.216000000000183426e-08
2.341999999999765141e-08
2.453999999998960404e-08
2.549000000000989832e-08
2.625999999998626042e-08
2.681000000000906576e-08
2.715999999999839826e-08
2.727000000000990500e-08
2.719999999999442021e-08
2.689999999999630350e-08
2.630000000000007007e-08
2.570000000000341312e-08
2.460000000000989498e-08
2.359999999999838491e-08
2.219999999998938588e-08
2.089999999999712327e-08
1.930000000000674394e-08
1.759999999999962820e-08
1.580000000001008088e-08
1.409999999998560097e-08
1.209999999999730917e-08
1.030000000000818537e-08
8.400000000001901632e-09
6.599999999995413653e-09
4.600000000007121857e-09
2.900000000017370291e-09
1.099999999976153961e-09
-5.999999999966569456e-10
-2.099999999970299859e-09
-3.600000000048127826e-09
-4.999999999970305975e-09
-6.100000000015916638e-09
-7.199999999992070599e-09
-8.200000000020944848e-09
-9.199999999980362395e-09
-9.800000000010900659e-09
-1.049999999998998918e-08
-1.109999999998622261e-08
-1.140000000000170350e-08
-1.190000000001592887e-08
-1.219999999999668141e-08
-1.230000000001341782e-08
-1.259999999995986553e-08
-1.260000000002932223e-08
-1.279999999999333835e-08
-1.260000000002932223e-08
-1.269999999997660194e-08
-1.259999999999459388e-08
-1.239999999999584940e-08
-1.239999999999584940e-08
-1.230000000001341782e-08
-1.199999999999793693e-08
-1.179999999999919246e-08
-1.179999999999919246e-08
-1.149999999998371157e-08
-1.130000000001969544e-08
-1.120000000000295903e-08
-1.079999999997074172e-08
-1.080000000003977491e-08
-1.049999999998956567e-08
-1.019999999997408478e-08
-1.010000000002680507e-08
-9.899999999993332238e-09
-9.499999999995843285e-09
-9.400000000013835223e-09
-9.099999999997930816e-09
-8.799999999982449926e-09
-8.700000000000441863e-09
-8.300000000037681261e-09
-8.199999999951488146e-09
-7.900000000005463958e-09
-7.700000000006295965e-09
-7.399999999990815075e-09
-7.300000000043535363e-09
-6.999999999993326122e-09
-6.699999999943116882e-09
-6.700000000081606768e-09
-6.399999999962364342e-09
-6.199999999997924700e-09
-6.099999999981188287e-09
-5.900000000017172161e-09
-5.699999999983699334e-09
-5.699999999983699334e-09
-5.400000000002946795e-09
-5.400000000002946795e-09
-5.200000000038507153e-09
-5.100000000021770739e-09
-5.099999999952314038e-09
-4.899999999988297912e-09
-4.800000000041018200e-09
-4.800000000041018200e-09
-4.599999999938088671e-09
-4.700000000024281787e-09
-4.600000000007545373e-09
-4.499999999990385443e-09
-4.399999999974072546e-09
-4.300000000026369317e-09
-4.399999999973649029e-09
-4.200000000079089606e-09
-4.199999999940176202e-09
-4.099999999992896490e-09
-4.099999999992896490e-09
-4.000000000045616778e-09
-3.999999999976583593e-09
-3.799999999942687249e-09
-4.000000000045616778e-09
-3.799999999942687249e-09
-3.700000000064864239e-09
-3.699999999925950836e-09
-3.600000000048127826e-09
-3.600000000048127826e-09
-3.599999999978671124e-09
-3.399999999945198297e-09
-3.500000000030967896e-09
-3.400000000014231482e-09
-3.400000000014231482e-09
-3.299999999997918585e-09
-3.299999999997918585e-09
-3.299999999997918585e-09
-3.299999999997918585e-09
-3.099999999964445758e-09
-3.200000000050638873e-09
-3.199999999981182171e-09
-3.099999999964022241e-09
-3.199999999980758655e-09
-3.100000000033478943e-09
-3.000000000016742529e-09
-3.000000000016742529e-09
-3.099999999964022241e-09
-2.900000000069462817e-09
-3.099999999894989056e-09
-3.000000000017166046e-09
-2.800000000053149920e-09
-3.000000000017166046e-09
-2.899999999930972930e-09
-2.900000000069886334e-09
-3.000000000017166046e-09
-2.799999999914236517e-09
-2.799999999983269702e-09
-2.900000000069462817e-09
-2.799999999983269702e-09
-2.799999999983269702e-09
-2.799999999983269702e-09
-2.700000000035989990e-09
-2.799999999983269702e-09
-2.799999999983269702e-09
-2.600000000019253577e-09
-2.600000000019253577e-09
-2.700000000035989990e-09
-2.499999999933060461e-09
-2.500000000071973865e-09
-2.499999999933060461e-09
-2.500000000071973865e-09
-2.299999999899587634e-09
-2.300000000107534223e-09
-2.299999999968620819e-09
-2.199999999951884406e-09
-2.200000000021341107e-09
-1.999999999987868280e-09
-1.899999999971131867e-09
-1.999999999987868280e-09
-1.800000000023852155e-09
-1.700000000007115741e-09
-1.700000000076572443e-09
-1.499999999973642914e-09
-1.400000000026363202e-09
-1.399999999887873315e-09
-1.100000000045187146e-09
-1.099999999975730445e-09
-1.000000000028450733e-09
-8.999999999426811339e-10
-7.000000000481217100e-10
-6.000000001004184816e-10
-3.999999999284557675e-10
-2.999999999807525391e-10
-2.000000000334728272e-10
0.000000000000000000e+00
1.000000000861931153e-10
2.999999999811760556e-10
4.000000000669456544e-10
6.999999999092083067e-10
7.000000000481217100e-10
8.999999998037677305e-10
1.100000000115067364e-09
1.099999999976153961e-09
1.500000000043099615e-09
1.500000000043099615e-09
1.699999999938082556e-09
1.800000000023852155e-09
1.899999999971555383e-09
2.100000000005028210e-09
2.300000000038501037e-09
2.299999999899587634e-09
2.600000000019253577e-09
2.500000000071973865e-09
2.799999999914236517e-09
2.800000000052726404e-09
2.900000000000006116e-09
2.999999999947709344e-09
3.200000000120095575e-09
3.199999999981182171e-09
3.199999999842268768e-09
3.300000000206288690e-09
3.299999999928461883e-09
3.400000000014654998e-09
3.400000000014654998e-09
3.399999999875741595e-09
3.400000000014654998e-09
3.500000000100848114e-09
3.400000000014654998e-09
3.399999999875741595e-09
3.400000000014654998e-09
3.400000000153568402e-09
3.400000000014654998e-09
3.199999999981182171e-09
3.199999999981182171e-09
3.199999999981182171e-09
3.100000000033902459e-09
2.999999999947709344e-09
3.000000000086199231e-09
2.900000000000006116e-09
2.799999999913813000e-09
2.799999999914236517e-09
2.600000000158166980e-09
2.599999999880340173e-09
2.500000000071973865e-09
2.499999999933060461e-09
2.300000000038501037e-09
2.300000000038501037e-09
2.199999999952307922e-09
2.099999999866114807e-09
2.100000000143941614e-09
2.000000000057748498e-09
1.799999999885362268e-09
1.899999999971555383e-09
1.800000000024275671e-09
1.700000000076572443e-09
1.599999999990802844e-09
1.599999999990802844e-09
1.399999999956906500e-09
1.500000000043523132e-09
1.399999999957330017e-09
1.300000000009626788e-09
1.399999999957330017e-09
1.300000000148540192e-09
1.199999999923433673e-09
1.199999999923433673e-09
1.200000000061923560e-09
1.200000000062347076e-09
1.099999999975730445e-09
1.099999999975730445e-09
1.099999999975730445e-09
1.099999999976153961e-09
1.000000000028450733e-09
1.199999999923857189e-09
1.099999999976153961e-09
1.000000000028874249e-09
1.100000000114643848e-09
1.200000000062347076e-09
9.999999998899608458e-10
1.200000000062347076e-09
1.099999999976153961e-09
1.300000000009626788e-09
1.199999999923433673e-09
1.200000000062347076e-09
1.300000000009626788e-09
1.399999999956906500e-09
1.300000000009626788e-09
1.499999999904609729e-09
1.400000000095819904e-09
1.499999999904609729e-09
1.500000000043099615e-09
1.700000000076572443e-09
1.599999999990379327e-09
1.700000000076572443e-09
1.799999999885362268e-09
1.800000000024275671e-09
1.899999999971555383e-09
1.900000000110045270e-09
1.899999999832641980e-09
2.000000000196238385e-09
1.999999999918835095e-09
1.999999999918835095e-09
2.200000000091221325e-09
2.100000000005028210e-09
2.999999999947709344e-09
1.000000000028874249e-09
2.999999999947709344e-09
1.000000000028874249e-09
2.000000000057748498e-09
3.999999999976583593e-09
1.000000000028874249e-09
2.999999999947285828e-09
1.999999999918835095e-09
2.000000000057324982e-09
1.999999999918835095e-09
2.000000000057324982e-09
2.999999999947285828e-09
2.000000000057324982e-09
3.000000000086199231e-09
1.000000000028450733e-09
1.999999999918411578e-09
1.999999999918411578e-09
2.000000000196238385e-09
1.999999999918411578e-09
1.999999999918411578e-09
2.999999999947285828e-09
1.000000000167364136e-09
1.999999999918835095e-09
1.000000000028450733e-09
1.999999999918835095e-09
2.000000000196238385e-09
1.999999999918835095e-09
9.999999998899608458e-10
2.000000000057324982e-09
1.000000000028874249e-09
9.999999998899608458e-10
2.000000000196238385e-09
9.999999998899608458e-10
1.000000000028874249e-09
1.000000000028874249e-09
9.999999998899608458e-10
1.000000000028874249e-09
0.000000000000000000e+00
1.000000000028874249e-09
1.000000000028874249e-09
0.000000000000000000e+00
1.000000000028874249e-09
0.000000000000000000e+00
-1.000000000028874249e-09
9.999999998899608458e-10
1.389134033497052556e-19
0.000000000000000000e+00
-1.000000000028874249e-09
0.000000000000000000e+00
-1.000000000028874249e-09
0.000000000000000000e+00
-1.000000000028874249e-09
-1.000000000028874249e-09
-1.000000000028874249e-09
-9.999999998899608458e-10
-1.000000000028874249e-09
-2.000000000057748498e-09
-9.999999998899608458e-10
-1.000000000028874249e-09
-2.000000000057748498e-09
-9.999999998899608458e-10
-3.000000000086199231e-09
-9.999999998899608458e-10
-2.000000000057748498e-09
-1.999999999918835095e-09
-3.000000000086199231e-09
-1.000000000028874249e-09
-2.999999999947709344e-09
-2.000000000057324982e-09
-2.999999999947709344e-09
-2.000000000057748498e-09
-2.999999999947285828e-09
-2.000000000057748498e-09
-3.999999999976160077e-09
-2.000000000057748498e-09
-1.999999999918411578e-09
-4.000000000114649964e-09
-1.999999999779921692e-09
-4.000000000114649964e-09
-2.999999999808372424e-09
-3.000000000086199231e-09
-3.000000000086199231e-09
-3.000000000086199231e-09
-3.000000000086199231e-09
-2.999999999808372424e-09
-4.000000000115073480e-09
-2.999999999808372424e-09
-3.000000000086199231e-09
-2.999999999808372424e-09
-4.000000000392900287e-09
-3.000000000086199231e-09
-3.999999999837246673e-09
-2.000000000057324982e-09
-3.999999999837246673e-09
-3.000000000086199231e-09
-3.000000000086199231e-09
-2.999999999808795941e-09
-3.000000000086199231e-09
-2.999999999808795941e-09
-3.000000000086199231e-09
-3.000000000086199231e-09
-2.999999999808795941e-09
-2.000000000057324982e-09
-3.000000000086199231e-09
-2.999999999808795941e-09
-3.000000000086199231e-09
-2.000000000057324982e-09
-4.000000000115073480e-09
-1.999999999779921692e-09
-3.000000000086199231e-09
-2.000000000057324982e-09
-2.000000000057324982e-09
-1.999999999779921692e-09
-3.000000000086199231e-09
-2.000000000057324982e-09
-1.000000000028874249e-09
-3.000000000086199231e-09
-9.999999997510474424e-10
-3.000000000086199231e-09
-1.000000000028874249e-09
-2.000000000057748498e-09
-1.000000000028874249e-09
-2.000000000057748498e-09
-2.000000000057748498e-09
-1.999999999779921692e-09
-1.000000000028874249e-09
-1.000000000028874249e-09
-1.000000000028874249e-09
-3.000000000086622747e-09
-1.000000000028874249e-09
-9.999999997514709589e-10
-1.000000000028874249e-09
-1.000000000028874249e-09
-2.000000000057748498e-09
0.000000000000000000e+00
-1.000000000028874249e-09
-2.000000000057748498e-09
-1.000000000028874249e-09
2.774032902257833610e-19
-1.000000000028874249e-09
-1.000000000028874249e-09
0.000000000000000000e+00
-1.000000000306277539e-09
-1.000000000028874249e-09
-9.999999997510474424e-10
0.000000000000000000e+00
-1.000000000028874249e-09
0.000000000000000000e+00
0.000000000000000000e+00
-1.999999999779921692e-09
-2.778268066994105112e-19
0.000000000000000000e+00
0.000000000000000000e+00
-1.000000000028450733e-09
2.778268066994105112e-19
-2.774032902257833610e-19
0.000000000000000000e+00
-1.000000000028450733e-09
1.000000000306277539e-09
-1.000000000028450733e-09
-2.774032902257833610e-19
0.000000000000000000e+00
2.778268066994105112e-19
-2.774032902257833610e-19
0.000000000000000000e+00
0.000000000000000000e+00
2.774032902257833610e-19
9.999999997510474424e-10
-1.000000000028450733e-09
2.774032902257833610e-19
0.000000000000000000e+00
9.999999997514709589e-10
0.000000000000000000e+00
2.774032902257833610e-19
-2.774032902257833610e-19
-1.000000000028874249e-09
2.774032902257833610e-19
-2.774032902257833610e-19
0.000000000000000000e+00
1.000000000306277539e-09
-2.774032902257833610e-19
0.000000000000000000e+00
0.000000000000000000e+00
-9.999999997514709589e-10
9.999999997514709589e-10
0.000000000000000000e+00
2.774032902257833610e-19
-2.774032902257833610e-19
-1.000000000028874249e-09
1.000000000306277539e-09
0.000000000000000000e+00
