2.774032902257833610e-19
0.000000000000000000e+00
-2.774032902257833610e-19
2.774032902257833610e-19
0.000000000000000000e+00
0.000000000000000000e+00
0.000000000000000000e+00
0.000000000000000000e+00
0.000000000000000000e+00
0.000000000000000000e+00
0.000000000000000000e+00
1.000000000028874249e-09
-1.000000000028874249e-09
0.000000000000000000e+00
0.000000000000000000e+00
-2.774032902257833610e-19
2.774032902257833610e-19
0.000000000000000000e+00
0.000000000000000000e+00
0.000000000000000000e+00
0.000000000000000000e+00
0.000000000000000000e+00
-2.774032902257833610e-19
2.774032902257833610e-19
0.000000000000000000e+00
0.000000000000000000e+00
-1.000000000028874249e-09
1.000000000028450733e-09
0.000000000000000000e+00
0.000000000000000000e+00
-1.000000000028874249e-09
0.000000000000000000e+00
1.000000000028450733e-09
-1.000000000028450733e-09
0.000000000000000000e+00
0.000000000000000000e+00
0.000000000000000000e+00
0.000000000000000000e+00
0.000000000000000000e+00
0.000000000000000000e+00
-1.000000000028450733e-09
0.000000000000000000e+00
1.000000000306277539e-09
-2.778268066994105112e-19
-1.000000000028450733e-09
0.000000000000000000e+00
0.000000000000000000e+00
2.778268066994105112e-19
-2.778268066994105112e-19
0.000000000000000000e+00
0.000000000000000000e+00
0.000000000000000000e+00
-1.000000000028874249e-09
1.000000000028874249e-09
-9.999999997510474424e-10
9.999999997510474424e-10
0.000000000000000000e+00
0.000000000000000000e+00
0.000000000000000000e+00
0.000000000000000000e+00
0.000000000000000000e+00
0.000000000000000000e+00
0.000000000000000000e+00
0.000000000000000000e+00
2.774032902257833610e-19
-2.774032902257833610e-19
1.000000000028874249e-09
-1.000000000028874249e-09
1.000000000028874249e-09
0.000000000000000000e+00
0.000000000000000000e+00
-1.000000000028874249e-09
1.000000000028874249e-09
0.000000000000000000e+00
0.000000000000000000e+00
-1.000000000028874249e-09
0.000000000000000000e+00
0.000000000000000000e+00
0.000000000000000000e+00
1.000000000028874249e-09
0.000000000000000000e+00
0.000000000000000000e+00
-9.999999997510474424e-10
9.999999997510474424e-10
0.000000000000000000e+00
-1.000000000028874249e-09
1.000000000028874249e-09
-1.000000000028874249e-09
0.000000000000000000e+00
1.000000000028874249e-09
-1.000000000028874249e-09
0.000000000000000000e+00
0.000000000000000000e+00
0.000000000000000000e+00
0.000000000000000000e+00
0.000000000000000000e+00
0.000000000000000000e+00
0.000000000000000000e+00
0.000000000000000000e+00
-1.000000000028450733e-09
0.000000000000000000e+00
0.000000000000000000e+00
2.778268066994105112e-19
-2.778268066994105112e-19
0.000000000000000000e+00
0.000000000000000000e+00
0.000000000000000000e+00
-1.000000000028450733e-09
2.778268066994105112e-19
0.000000000000000000e+00
-2.778268066994105112e-19
0.000000000000000000e+00
-1.000000000028450733e-09
0.000000000000000000e+00
2.778268066994105112e-19
0.000000000000000000e+00
-1.389134033497052556e-19
-1.000000000028450733e-09
0.000000000000000000e+00
0.000000000000000000e+00
-1.000000000028450733e-09
0.000000000000000000e+00
1.389134033497052556e-19
-1.389134033497052556e-19
0.000000000000000000e+00
0.000000000000000000e+00
-9.999999998899608458e-10
-1.000000000028874249e-09
-1.389134033497052556e-19
1.389134033497052556e-19
0.000000000000000000e+00
1.000000000028874249e-09
-1.000000000028874249e-09
-1.389134033497052556e-19
1.389134033497052556e-19
-1.000000000028874249e-09
1.000000000028874249e-09
-1.000000000028874249e-09
9.999999998899608458e-10
0.000000000000000000e+00
1.389134033497052556e-19
-1.000000000028874249e-09
1.000000000028874249e-09
0.000000000000000000e+00
0.000000000000000000e+00
0.000000000000000000e+00
0.000000000000000000e+00
9.999999998899608458e-10
0.000000000000000000e+00
0.000000000000000000e+00
0.000000000000000000e+00
0.000000000000000000e+00
0.000000000000000000e+00
0.000000000000000000e+00
1.389134033497052556e-19
0.000000000000000000e+00
9.999999998899608458e-10
0.000000000000000000e+00
1.000000000028874249e-09
-1.000000000028874249e-09
0.000000000000000000e+00
1.000000000028874249e-09
0.000000000000000000e+00
0.000000000000000000e+00
0.000000000000000000e+00
1.000000000028874249e-09
-1.000000000028874249e-09
0.000000000000000000e+00
9.999999998899608458e-10
1.389134033497052556e-19
0.000000000000000000e+00
0.000000000000000000e+00
0.000000000000000000e+00
1.000000000028874249e-09
9.999999998899608458e-10
0.000000000000000000e+00
1.389134033497052556e-19
-1.000000000028874249e-09
9.999999998899608458e-10
0.000000000000000000e+00
1.000000000028874249e-09
1.389134033497052556e-19
9.999999998899608458e-10
-1.000000000028874249e-09
1.000000000028874249e-09
9.999999998899608458e-10
-9.999999998899608458e-10
1.000000000028874249e-09
0.000000000000000000e+00
9.999999998899608458e-10
1.389134033497052556e-19
0.000000000000000000e+00
-1.389134033497052556e-19
7.000000000481217100e-10
4.000000000673691709e-10
4.000000000669456544e-10
2.999999998422626523e-10
2.999999999807525391e-10
2.999999999807525391e-10
4.000000002058590578e-10
2.999999998422626523e-10
2.999999999807525391e-10
2.000000000334728272e-10
4.000000000669456544e-10
1.999999998945594239e-10
3.000000001196659425e-10
2.000000000334728272e-10
9.999999994727971193e-11
2.999999999807525391e-10
2.000000000334728272e-10
9.999999994727971193e-11
9.999999994727971193e-11
0.000000000000000000e+00
2.000000000334728272e-10
-9.999999994727971193e-11
1.000000000861931153e-10
-1.389134033497052556e-19
-9.999999994727971193e-11
-1.000000000861931153e-10
-9.999999994727971193e-11
-9.999999994727971193e-11
-1.000000000861931153e-10
-2.999999998422626523e-10
-1.000000000861931153e-10
-2.000000000338963437e-10
-2.999999999807525391e-10
-9.999999994727971193e-11
-2.999999999807525391e-10
-2.000000000334728272e-10
-3.000000001196659425e-10
-2.999999999811760556e-10
-2.999999998422626523e-10
-2.000000001719627141e-10
-1.999999998949829403e-10
-2.999999999811760556e-10
-2.000000000338963437e-10
-2.000000000338963437e-10
-1.999999998949829403e-10
-3.000000001196659425e-10
-9.999999994727971193e-11
-1.000000000857695988e-10
-2.000000000334728272e-10
-9.999999994727971193e-11
0.000000000000000000e+00
1.384898868760781054e-19
-1.384898868760781054e-19
0.000000000000000000e+00
1.000000000861931153e-10
9.999999994727971193e-11
9.999999994727971193e-11
2.000000000334728272e-10
2.000000000334728272e-10
2.000000000334728272e-10
2.999999999807525391e-10
2.999999999807525391e-10
2.999999999807525391e-10
3.999999999280322511e-10
4.000000000669456544e-10
2.999999999807525391e-10
5.000000000142253663e-10
3.999999999280322511e-10
4.000000002058590578e-10
2.999999998418391358e-10
5.000000000142253663e-10
4.000000000669456544e-10
5.000000000142253663e-10
3.999999999280322511e-10
4.000000000669456544e-10
4.999999998753119630e-10
2.999999999807525391e-10
4.000000002058590578e-10
2.999999998418391358e-10
3.999999999284557675e-10
3.000000001196659425e-10
2.000000000334728272e-10
2.999999999807525391e-10
1.999999998949829403e-10
2.000000000334728272e-10
3.000000001196659425e-10
9.999999994727971193e-11
9.999999994770322840e-11
1.384898868760781054e-19
1.999999998945594239e-10
0.000000000000000000e+00
0.000000000000000000e+00
0.000000000000000000e+00
0.000000000000000000e+00
-9.999999994727971193e-11
-1.000000000861931153e-10
-9.999999994727971193e-11
-9.999999994770322840e-11
-1.000000000861931153e-10
-1.999999998949829403e-10
-1.000000000861931153e-10
-9.999999994770322840e-11
-3.000000001196659425e-10
-9.999999994770322840e-11
-2.000000000338963437e-10
-9.999999994770322840e-11
-2.999999999811760556e-10
-9.999999994770322840e-11
-2.000000000338963437e-10
-9.999999994770322840e-11
-1.000000000861931153e-10
-9.999999994770322840e-11
-1.000000000861931153e-10
0.000000000000000000e+00
-1.000000000861931153e-10
1.384898868760781054e-19
-1.000000000167364136e-10
1.000000000167364136e-10
0.000000000000000000e+00
0.000000000000000000e+00
1.999999999640161255e-10
1.000000000167364136e-10
9.999999994727971193e-11
1.000000000861931153e-10
9.999999994727971193e-11
2.000000000334728272e-10
2.000000000334728272e-10
9.999999994727971193e-11
3.000000000502092408e-10
1.999999998945594239e-10
1.000000000167364136e-10
3.000000000502092408e-10
2.000000000334728272e-10
1.999999999640161255e-10
9.999999994727971193e-11
3.000000000502092408e-10
1.000000000167364136e-10
2.000000000334728272e-10
9.999999994727971193e-11
9.999999994727971193e-11
1.000000000167364136e-10
6.945670167485262780e-20
1.000000000167364136e-10
-1.000000000861931153e-10
-9.999999994727971193e-11
-6.945670167485262780e-20
-9.999999994770322840e-11
-2.000000000338963437e-10
-1.000000000167364136e-10
-1.999999998949829403e-10
-3.000000000502092408e-10
-2.000000000334728272e-10
-2.999999999807525391e-10
-3.999999999974889527e-10
-3.000000000502092408e-10
-3.999999999284557675e-10
-3.000000000502092408e-10
-4.999999999451921811e-10
-3.999999999974889527e-10
-3.999999999974889527e-10
-3.999999999974889527e-10
-5.000000000142253663e-10
-5.000000000142253663e-10
-3.999999999974889527e-10
-4.000000000669456544e-10
-3.999999999284557675e-10
-3.999999999974889527e-10
-5.000000000146488828e-10
-3.000000000502092408e-10
-3.999999999284557675e-10
-3.000000000506327573e-10
-2.999999999117193539e-10
-3.000000000506327573e-10
-2.999999999811760556e-10
-2.000000000338963437e-10
-2.000000000334728272e-10
-9.999999994727971193e-11
-1.999999999640161255e-10
-1.000000000167364136e-10
-6.945670167485262780e-20
-9.999999994727971193e-11
0.000000000000000000e+00
0.000000000000000000e+00
1.000000000167364136e-10
9.999999994727971193e-11
1.000000000167364136e-10
2.000000000334728272e-10
1.000000000167364136e-10
2.999999999807525391e-10
2.000000000334728272e-10
1.999999998945594239e-10
3.000000000502092408e-10
2.999999999807525391e-10
3.000000000502092408e-10
2.999999999807525391e-10
3.999999999280322511e-10
4.000000000669456544e-10
2.999999999807525391e-10
3.999999999974889527e-10
3.999999999974889527e-10
2.999999999807525391e-10
4.000000000669456544e-10
3.999999999974889527e-10
2.999999999807525391e-10
3.999999999974889527e-10
5.000000000142253663e-10
2.999999999807525391e-10
2.999999999807525391e-10
3.999999999974889527e-10
3.000000000502092408e-10
2.999999999807525391e-10
2.999999999807525391e-10
3.000000000154808900e-10
3.000000000154808900e-10
1.999999999640161255e-10
1.999999999987444764e-10
1.999999999987444764e-10
2.000000000334728272e-10
9.999999998200806276e-11
9.999999998200806276e-11
1.000000000167364136e-10
1.000000000167364136e-10
-1.000000000167364136e-10
0.000000000000000000e+00
-9.999999998200806276e-11
0.000000000000000000e+00
-1.000000000167364136e-10
-9.999999998200806276e-11
-2.000000000334728272e-10
-1.999999999987444764e-10
-1.999999999640161255e-10
-2.000000000334728272e-10
-1.999999999640161255e-10
-4.000000000322173036e-10
-1.999999999987444764e-10
-3.999999999979124692e-10
-2.999999999811760556e-10
-3.999999999979124692e-10
-3.999999999979124692e-10
-3.000000000502092408e-10
-4.999999999451921811e-10
-3.000000000502092408e-10
-4.999999999799205320e-10
-3.000000000159044064e-10
-3.999999999631841184e-10
-5.000000000146488828e-10
-3.999999999979124692e-10
-4.000000000322173036e-10
-2.999999999460241883e-10
-5.000000000489537172e-10
-3.999999999974889527e-10
-3.999999999627606019e-10
-3.000000000154808900e-10
-3.999999999974889527e-10
-3.000000000154808900e-10
-3.999999999974889527e-10
-1.999999999987444764e-10
-3.999999999974889527e-10
-2.999999999807525391e-10
-2.000000000161086518e-10
-2.999999999981167145e-10
-1.999999999987444764e-10
-2.999999999981167145e-10
-9.999999999937223818e-11
-1.999999999987444764e-10
-3.000000000154808900e-10
-9.999999999937223818e-11
-9.999999998200806276e-11
-1.000000000167364136e-10
-1.999999999987444764e-10
1.736417541871315695e-20
-9.999999999937223818e-11
-1.000000000167364136e-10
0.000000000000000000e+00
1.000000000167364136e-10
-9.999999999937223818e-11
9.999999998200806276e-11
3.999999999644546678e-11
6.000000002029094682e-11
7.999999999246741708e-11
9.000000000460191534e-11
1.099999999941425610e-10
1.200000000062770593e-10
1.199999999973832133e-10
1.399999999958177050e-10
1.400000000042880344e-10
1.499999999990583573e-10
1.499999999990583573e-10
1.499999999990583573e-10
1.599999999938286801e-10
1.499999999990583573e-10
1.400000000042880344e-10
1.600000000022990096e-10
1.499999999990583573e-10
1.399999999958177050e-10
1.400000000042880344e-10
1.299999999968122174e-10
1.300000000010473821e-10
1.200000000020418945e-10
1.199999999978067298e-10
1.100000000030364070e-10
9.999999999937223818e-11
1.099999999988012422e-10
1.200000000020418945e-10
9.600000000053237280e-11
1.049999999988749820e-10
1.060000000003848933e-10
1.088429999997923088e-10
1.111569999999277580e-10
1.139999999993351735e-10
1.170000000009002923e-10
1.219999999991324866e-10
1.300000000010473821e-10
1.299999999985062833e-10
1.300000000006238656e-10
1.500000000037170385e-10
1.599999999984873613e-10
1.499999999994818737e-10
1.699999999974928489e-10
1.700000000059631784e-10
1.799999999918396553e-10
1.800000000007335012e-10
1.900000000039741535e-10
1.899999999955038241e-10
1.900000000039741535e-10
1.999999999987444764e-10
2.099999999935147992e-10
2.000000000076383223e-10
2.100000000024086451e-10
2.099999999939383157e-10
2.199999999967554515e-10
2.000000000076383223e-10
2.100000000019851287e-10
1.899999999870334946e-10
1.900000000039741535e-10
1.900000000039741535e-10
1.799999999922631717e-10
1.700000000148570243e-10
1.900000000043976700e-10
9.999999999937223818e-11
9.999999999937223818e-11
9.999999998200806276e-11
1.999999999987444764e-10
1.000000000167364136e-10
9.999999999937223818e-11
0.000000000000000000e+00
9.999999999937223818e-11
0.000000000000000000e+00
-1.736417541871315695e-20
1.736417541871315695e-20
9.999999999937223818e-11
-9.999999999937223818e-11
-1.000000000167364136e-10
1.736417541871315695e-20
-9.999999999937223818e-11
0.000000000000000000e+00
-9.999999999937223818e-11
-1.999999999987444764e-10
-1.999999999987444764e-10
-9.999999998200806276e-11
-2.000000000334728272e-10
-1.999999999987444764e-10
-1.999999999991679928e-10
-3.000000000159044064e-10
-1.999999999991679928e-10
-3.999999999631841184e-10
-2.000000000334728272e-10
-3.999999999979124692e-10
-3.999999999631841184e-10
-3.000000000154808900e-10
-3.000000000154808900e-10
-5.000000000142253663e-10
-2.999999999807525391e-10
-3.999999999974889527e-10
-5.000000000142253663e-10
-3.999999999974889527e-10
-5.000000000142253663e-10
-3.999999999627606019e-10
-4.000000000322173036e-10
-4.999999999794970155e-10
-3.999999999974889527e-10
-4.999999999794970155e-10
-3.999999999974889527e-10
-3.999999999974889527e-10
-5.000000000142253663e-10
-3.999999999974889527e-10
-3.000000000154808900e-10
-3.999999999974889527e-10
-2.999999999807525391e-10
-3.000000000154808900e-10
-2.999999999807525391e-10
-3.000000000154808900e-10
-1.000000000167364136e-10
-2.999999999807525391e-10
-9.999999998200806276e-11
-2.000000000334728272e-10
0.000000000000000000e+00
0.000000000000000000e+00
0.000000000000000000e+00
0.000000000000000000e+00
1.000000000167364136e-10
1.999999999987444764e-10
1.999999999987444764e-10
1.999999999987444764e-10
3.000000000154808900e-10
2.999999999807525391e-10
5.000000000142253663e-10
2.999999999811760556e-10
5.000000000142253663e-10
5.000000000142253663e-10
3.999999999974889527e-10
6.999999999782414919e-10
5.000000000142253663e-10
6.000000000309617799e-10
6.999999999782414919e-10
5.999999999615050783e-10
6.000000000309617799e-10
5.999999999615050783e-10
7.000000000476981935e-10
5.999999999615050783e-10
6.999999999782414919e-10
6.000000000309617799e-10
6.999999999782414919e-10
5.000000000142253663e-10
5.999999999615050783e-10
5.000000000836820680e-10
5.999999999619285947e-10
6.000000000313852964e-10
5.000000000146488828e-10
5.999999998924718931e-10
4.000000000673691709e-10
5.000000000146488828e-10
3.999999999979124692e-10
5.999999999619285947e-10
3.999999999974889527e-10
4.000000000669456544e-10
3.999999999280322511e-10
4.000000000669456544e-10
3.999999999280322511e-10
4.000000000669456544e-10
3.999999999974889527e-10
3.999999999280322511e-10
3.000000000502092408e-10
5.000000000146488828e-10
2.999999999811760556e-10
2.999999999811760556e-10
3.999999999979124692e-10
3.000000000502092408e-10
3.999999999974889527e-10
1.999999999640161255e-10
2.999999999807525391e-10
3.000000000502092408e-10
1.999999999640161255e-10
1.999999999640161255e-10
3.000000000502092408e-10
1.000000000167364136e-10
1.000000000167364136e-10
1.999999999640161255e-10
1.000000000167364136e-10
0.000000000000000000e+00
9.999999994727971193e-11
-9.999999994770322840e-11
0.000000000000000000e+00
0.000000000000000000e+00
-1.000000000167364136e-10
-1.999999999640161255e-10
-1.000000000861931153e-10
-2.999999999807525391e-10
-9.999999994727971193e-11
-2.999999999807525391e-10
-3.999999999974889527e-10
-3.000000000502092408e-10
-3.999999999974889527e-10
-3.999999999974889527e-10
-3.999999999979124692e-10
-5.000000000146488828e-10
-5.999999999619285947e-10
-5.000000000146488828e-10
-6.000000000313852964e-10
-6.000000000313852964e-10
-5.999999999619285947e-10
-6.000000000313852964e-10
-6.999999999786650083e-10
-6.999999999786650083e-10
-6.999999999786650083e-10
-6.000000000309617799e-10
-7.999999999949779055e-10
-6.999999999782414919e-10
-7.999999999949779055e-10
-6.999999999782414919e-10
-7.000000000476981935e-10
-7.999999999949779055e-10
-6.999999999786650083e-10
-7.000000000481217100e-10
-6.999999999786650083e-10
-6.999999999786650083e-10
-6.000000000313852964e-10
-6.999999999786650083e-10
-6.000000000309617799e-10
-5.999999999615050783e-10
-5.999999999615050783e-10
-5.000000000142253663e-10
-5.000000000146488828e-10
-5.000000001531387697e-10
-3.999999999284557675e-10
-3.999999999284557675e-10
-4.000000000669456544e-10
-2.999999998422626523e-10
-2.999999999807525391e-10
-3.000000001196659425e-10
-9.999999994727971193e-11
-1.000000000861931153e-10
-2.000000000334728272e-10
0.000000000000000000e+00
1.389134033497052556e-19
0.000000000000000000e+00
1.999999998949829403e-10
1.000000000861931153e-10
2.000000000334728272e-10
1.999999998945594239e-10
2.999999999807525391e-10
2.999999999807525391e-10
4.000000000669456544e-10
2.999999999807525391e-10
3.999999999280322511e-10
4.000000000669456544e-10
5.000000000146488828e-10
5.000000000142253663e-10
4.000000000669456544e-10
4.999999998757354795e-10
6.000000001008419981e-10
5.999999999619285947e-10
3.999999999284557675e-10
5.000000000146488828e-10
5.999999999619285947e-10
4.000000000673691709e-10
5.000000000146488828e-10
5.000000000142253663e-10
3.999999999284557675e-10
5.000000000142253663e-10
2.999999999807525391e-10
4.000000000669456544e-10
2.999999999807525391e-10
3.000000001196659425e-10
2.999999999807525391e-10
9.999999994727971193e-11
9.999999994727971193e-11
2.000000000334728272e-10
0.000000000000000000e+00
0.000000000000000000e+00
0.000000000000000000e+00
-9.999999994727971193e-11
-1.000000000861931153e-10
-2.000000000334728272e-10
-2.999999998418391358e-10
-2.000000001723862306e-10
-3.999999999280322511e-10
-2.999999999807525391e-10
-3.999999999280322511e-10
-4.000000000669456544e-10
-5.000000001531387697e-10
-5.000000000142253663e-10
-4.999999998753119630e-10
-5.999999999615050783e-10
-5.000000000142253663e-10
-5.999999999615050783e-10
-6.000000001004184816e-10
-5.999999999615050783e-10
-6.999999999087847902e-10
-6.000000001004184816e-10
-6.000000001004184816e-10
-6.999999999087847902e-10
-5.999999999615050783e-10
-6.000000001004184816e-10
-5.999999999615050783e-10
-4.999999998753119630e-10
-6.000000001004184816e-10
-5.999999999615050783e-10
-5.000000000146488828e-10
-5.000000000142253663e-10
-5.000000000146488828e-10
-3.999999999284557675e-10
-3.999999999284557675e-10
-3.000000001196659425e-10
-3.999999999284557675e-10
-2.000000000334728272e-10
-2.000000000334728272e-10
-2.999999999807525391e-10
-9.999999994727971193e-11
0.000000000000000000e+00
-2.000000000334728272e-10
0.000000000000000000e+00
-1.389134033497052556e-19
1.000000000861931153e-10
2.000000000334728272e-10
1.000000000861931153e-10
1.999999998945594239e-10
2.000000000334728272e-10
2.999999999811760556e-10
3.999999999284557675e-10
3.000000001196659425e-10
3.999999999284557675e-10
3.999999999280322511e-10
6.000000001004184816e-10
4.000000000669456544e-10
5.999999999619285947e-10
5.999999998230151914e-10
6.000000001008419981e-10
7.000000000481217100e-10
7.000000000476981935e-10
6.999999999092083067e-10
7.000000000476981935e-10
7.999999999949779055e-10
6.999999999092083067e-10
8.000000001338913088e-10
6.999999999092083067e-10
1.000000000028874249e-09
0.000000000000000000e+00
1.999999999918835095e-09
0.000000000000000000e+00
1.000000000028874249e-09
1.000000000167787652e-09
0.000000000000000000e+00
9.999999998899608458e-10
1.999999999918835095e-09
0.000000000000000000e+00
1.000000000028874249e-09
0.000000000000000000e+00
1.000000000028874249e-09
9.999999998899608458e-10
1.000000000167787652e-09
1.000000000028450733e-09
-1.389134033497052556e-19
0.000000000000000000e+00
1.000000000167364136e-09
9.999999998899608458e-10
1.000000000028450733e-09
9.999999998899608458e-10
1.384898868760781054e-19
-1.384898868760781054e-19
1.384898868760781054e-19
0.000000000000000000e+00
1.000000000028450733e-09
-1.384898868760781054e-19
1.000000000028874249e-09
1.000000000028450733e-09
-9.999999998899608458e-10
-1.389134033497052556e-19
1.000000000028450733e-09
0.000000000000000000e+00
0.000000000000000000e+00
0.000000000000000000e+00
0.000000000000000000e+00
0.000000000000000000e+00
-1.000000000028874249e-09
1.389134033497052556e-19
-1.389134033497052556e-19
0.000000000000000000e+00
0.000000000000000000e+00
-9.999999998899608458e-10
-1.000000000028874249e-09
9.999999998899608458e-10
-9.999999998899608458e-10
-1.000000000028874249e-09
0.000000000000000000e+00
-1.000000000028874249e-09
-9.999999998899608458e-10
-1.389134033497052556e-19
-1.000000000028874249e-09
-1.999999999918835095e-09
0.000000000000000000e+00
-1.000000000028874249e-09
0.000000000000000000e+00
-2.000000000057748498e-09
-9.999999998899608458e-10
-1.000000000028874249e-09
-1.000000000028874249e-09
-9.999999998899608458e-10
-2.000000000057748498e-09
0.000000000000000000e+00
-2.000000000057748498e-09
-9.999999998899608458e-10
-2.000000000057748498e-09
-1.000000000028874249e-09
-9.999999998899608458e-10
-1.000000000028874249e-09
-2.000000000057748498e-09
-1.000000000028874249e-09
-1.999999999918835095e-09
-1.000000000167787652e-09
-1.999999999779921692e-09
-1.000000000167787652e-09
-9.999999997510474424e-10
-2.000000000334728272e-09
-9.999999997510474424e-10
-2.000000000057324982e-09
-1.000000000028450733e-09
-2.000000000057748498e-09
-1.999999999779921692e-09
-1.000000000306277539e-09
-1.000000000028874249e-09
-9.999999997510474424e-10
-2.000000000057748498e-09
-1.000000000028450733e-09
-1.000000000028874249e-09
-1.999999999779921692e-09
-1.000000000306277539e-09
-1.000000000028874249e-09
-1.999999999779921692e-09
-2.774032902257833610e-19
-1.999999999779921692e-09
-1.000000000028874249e-09
-1.000000000028874249e-09
0.000000000000000000e+00
-2.000000000057748498e-09
2.774032902257833610e-19
-1.000000000306277539e-09
-1.000000000028874249e-09
2.774032902257833610e-19
-1.000000000028874249e-09
-1.000000000306277539e-09
-9.999999997514709589e-10
-1.000000000028874249e-09
0.000000000000000000e+00
-1.000000000028874249e-09
0.000000000000000000e+00
-1.000000000028874249e-09
0.000000000000000000e+00
-1.000000000028450733e-09
2.774032902257833610e-19
-2.774032902257833610e-19
-1.000000000028450733e-09
1.000000000028450733e-09
-1.000000000028450733e-09
2.778268066994105112e-19
-1.000000000028450733e-09
9.999999997510474424e-10
0.000000000000000000e+00
0.000000000000000000e+00
0.000000000000000000e+00
-1.000000000028874249e-09
2.778268066994105112e-19
1.000000000028874249e-09
-1.000000000028874249e-09
1.000000000028874249e-09
-1.000000000028874249e-09
9.999999997510474424e-10
0.000000000000000000e+00
0.000000000000000000e+00
0.000000000000000000e+00
0.000000000000000000e+00
1.000000000028874249e-09
0.000000000000000000e+00
-1.000000000028874249e-09
1.000000000028874249e-09
1.000000000028874249e-09
0.000000000000000000e+00
0.000000000000000000e+00
2.774032902257833610e-19
-2.774032902257833610e-19
1.000000000028874249e-09
-1.000000000028874249e-09
1.000000000028874249e-09
0.000000000000000000e+00
1.000000000028874249e-09
0.000000000000000000e+00
0.000000000000000000e+00
0.000000000000000000e+00
1.000000000028874249e-09
1.000000000028874249e-09
0.000000000000000000e+00
1.000000000028874249e-09
2.999999999808795941e-09
1.000000000028874249e-09
2.000000000057748498e-09
4.000000000115073480e-09
3.000000000086622747e-09
4.999999999588717632e-09
5.000000000143524213e-09
6.000000000172821978e-09
7.999999999674916863e-09
1.000000000028747194e-08
1.100000000003851938e-08
1.200000000006739363e-08
1.399999999984731532e-08
1.599999999990506382e-08
1.800000000023979210e-08
2.100000000004858804e-08
2.399999999985780749e-08
2.499999999988625823e-08
2.700000000022098650e-08
2.899999999972350490e-08
3.100000000005865669e-08
3.300000000011598167e-08
3.399999999986745263e-08
3.400000000014485592e-08
3.599999999992477761e-08
3.399999999986745263e-08
3.300000000011598167e-08
3.100000000005865669e-08
2.699999999994358321e-08
2.399999999985780749e-08
1.800000000023979210e-08
1.200000000006739363e-08
5.999999999617591881e-09
2.000000000334728272e-09
1.000000000028874249e-09
0.000000000000000000e+00
