0.000000000000000000e+00
1.000000000306277539e-09
-2.774032902257833610e-19
-1.000000000028874249e-09
2.774032902257833610e-19
0.000000000000000000e+00
9.999999997514709589e-10
-9.999999997514709589e-10
0.000000000000000000e+00
-2.774032902257833610e-19
0.000000000000000000e+00
2.774032902257833610e-19
-2.774032902257833610e-19
0.000000000000000000e+00
-9.999999997514709589e-10
-2.774032902257833610e-19
-9.999999997514709589e-10
0.000000000000000000e+00
0.000000000000000000e+00
-1.000000000306277539e-09
2.774032902257833610e-19
0.000000000000000000e+00
-1.000000000306277539e-09
2.774032902257833610e-19
-1.000000000028874249e-09
0.000000000000000000e+00
-1.000000000028874249e-09
-1.000000000028874249e-09
0.000000000000000000e+00
-9.999999997514709589e-10
-1.000000000306277539e-09
0.000000000000000000e+00
2.774032902257833610e-19
-2.000000000057324982e-09
-2.774032902257833610e-19
-9.999999997510474424e-10
0.000000000000000000e+00
-2.000000000057324982e-09
0.000000000000000000e+00
-1.000000000028450733e-09
-1.000000000028450733e-09
-1.000000000028450733e-09
2.774032902257833610e-19
-1.000000000306277539e-09
-1.000000000028450733e-09
-9.999999997510474424e-10
-1.000000000028450733e-09
0.000000000000000000e+00
-1.000000000306277539e-09
-1.999999999779921692e-09
-1.000000000028450733e-09
0.000000000000000000e+00
-2.000000000057324982e-09
2.778268066994105112e-19
-2.000000000057324982e-09
-2.778268066994105112e-19
-1.000000000028874249e-09
-9.999999997510474424e-10
-1.000000000028874249e-09
-1.000000000028874249e-09
-1.000000000028874249e-09
-1.000000000028874249e-09
-9.999999997510474424e-10
-1.000000000028874249e-09
0.000000000000000000e+00
-1.000000000306277539e-09
0.000000000000000000e+00
-2.000000000057748498e-09
0.000000000000000000e+00
-9.999999997510474424e-10
-1.000000000028874249e-09
-1.000000000028874249e-09
0.000000000000000000e+00
-1.000000000028874249e-09
-1.000000000028874249e-09
0.000000000000000000e+00
-1.000000000028874249e-09
-1.000000000028874249e-09
0.000000000000000000e+00
-1.000000000028874249e-09
0.000000000000000000e+00
0.000000000000000000e+00
-1.999999999779921692e-09
0.000000000000000000e+00
0.000000000000000000e+00
-1.000000000028874249e-09
0.000000000000000000e+00
-1.000000000028874249e-09
-1.000000000028874249e-09
0.000000000000000000e+00
0.000000000000000000e+00
-1.000000000028874249e-09
-1.000000000028874249e-09
0.000000000000000000e+00
0.000000000000000000e+00
-9.999999997510474424e-10
0.000000000000000000e+00
-1.000000000028874249e-09
-2.778268066994105112e-19
-2.000000000057324982e-09
0.000000000000000000e+00
-1.000000000028874249e-09
2.778268066994105112e-19
0.000000000000000000e+00
-2.000000000057324982e-09
0.000000000000000000e+00
0.000000000000000000e+00
-2.000000000057324982e-09
2.778268066994105112e-19
-1.000000000306277539e-09
-1.000000000028874249e-09
0.000000000000000000e+00
-1.000000000028450733e-09
0.000000000000000000e+00
-9.999999997510474424e-10
-1.000000000028450733e-09
0.000000000000000000e+00
-2.000000000057324982e-09
-1.389134033497052556e-19
1.389134033497052556e-19
-2.000000000057324982e-09
0.000000000000000000e+00
-9.999999998899608458e-10
-1.389134033497052556e-19
-1.000000000028874249e-09
0.000000000000000000e+00
-1.999999999918835095e-09
0.000000000000000000e+00
-1.000000000028874249e-09
1.389134033497052556e-19
-1.000000000028874249e-09
-1.389134033497052556e-19
0.000000000000000000e+00
-1.000000000028874249e-09
-9.999999998899608458e-10
0.000000000000000000e+00
0.000000000000000000e+00
-1.000000000028874249e-09
0.000000000000000000e+00
0.000000000000000000e+00
0.000000000000000000e+00
-1.000000000028874249e-09
0.000000000000000000e+00
0.000000000000000000e+00
-1.000000000028874249e-09
0.000000000000000000e+00
1.000000000028874249e-09
0.000000000000000000e+00
0.000000000000000000e+00
0.000000000000000000e+00
0.000000000000000000e+00
0.000000000000000000e+00
0.000000000000000000e+00
-1.000000000028874249e-09
1.389134033497052556e-19
0.000000000000000000e+00
9.999999998899608458e-10
0.000000000000000000e+00
1.000000000028874249e-09
0.000000000000000000e+00
0.000000000000000000e+00
0.000000000000000000e+00
1.000000000028874249e-09
0.000000000000000000e+00
0.000000000000000000e+00
1.000000000028874249e-09
0.000000000000000000e+00
0.000000000000000000e+00
9.999999998899608458e-10
0.000000000000000000e+00
1.000000000028874249e-09
0.000000000000000000e+00
1.000000000028874249e-09
0.000000000000000000e+00
9.999999998899608458e-10
1.000000000028874249e-09
1.389134033497052556e-19
0.000000000000000000e+00
9.999999998899608458e-10
0.000000000000000000e+00
1.000000000028874249e-09
0.000000000000000000e+00
1.000000000028874249e-09
-1.000000000028874249e-09
1.000000000028874249e-09
9.999999998899608458e-10
0.000000000000000000e+00
1.389134033497052556e-19
1.000000000028874249e-09
-1.389134033497052556e-19
1.000000000167787652e-09
-1.000000000028874249e-09
9.999999998899608458e-10
7.000000000481217100e-10
5.000000000146488828e-10
5.000000000146488828e-10
3.999999999284557675e-10
5.000000000146488828e-10
5.000000000146488828e-10
6.000000001008419981e-10
5.999999999619285947e-10
5.999999998230151914e-10
5.000000001531387697e-10
7.000000000481217100e-10
6.999999999092083067e-10
5.999999999619285947e-10
7.000000000481217100e-10
6.000000001004184816e-10
7.999999999954014219e-10
6.999999999092083067e-10
7.000000000476981935e-10
6.999999999092083067e-10
5.999999999615050783e-10
8.000000001338913088e-10
5.999999999615050783e-10
7.000000000476981935e-10
5.999999999615050783e-10
5.999999999619285947e-10
5.999999999615050783e-10
6.000000001004184816e-10
4.999999998753119630e-10
6.000000001004184816e-10
4.000000000669456544e-10
3.999999999280322511e-10
4.999999998753119630e-10
3.000000001196659425e-10
5.000000000142253663e-10
2.000000000334728272e-10
2.999999999807525391e-10
2.999999999807525391e-10
1.999999998945594239e-10
1.000000000861931153e-10
1.999999998949829403e-10
1.000000000861931153e-10
1.000000000861931153e-10
2.000000000334728272e-10
0.000000000000000000e+00
9.999999994727971193e-11
0.000000000000000000e+00
-1.384898868760781054e-19
1.000000000861931153e-10
0.000000000000000000e+00
0.000000000000000000e+00
9.999999994727971193e-11
1.384898868760781054e-19
9.999999994727971193e-11
0.000000000000000000e+00
2.000000000334728272e-10
-1.389134033497052556e-19
2.000000000334728272e-10
9.999999994727971193e-11
2.000000001723862306e-10
1.999999998945594239e-10
3.000000001196659425e-10
1.999999998945594239e-10
2.999999999807525391e-10
2.999999999807525391e-10
4.000000000669456544e-10
2.999999999807525391e-10
4.000000000669456544e-10
3.999999999280322511e-10
4.000000000669456544e-10
3.999999999280322511e-10
4.000000000669456544e-10
3.999999999280322511e-10
5.999999999615050783e-10
3.000000001196659425e-10
4.999999998753119630e-10
4.000000000669456544e-10
3.999999999280322511e-10
4.000000000669456544e-10
2.999999999807525391e-10
3.999999999284557675e-10
4.000000000669456544e-10
2.999999999807525391e-10
3.000000001196659425e-10
1.999999998949829403e-10
2.000000000334728272e-10
2.999999999807525391e-10
2.000000000334728272e-10
9.999999994770322840e-11
1.000000000861931153e-10
9.999999994727971193e-11
0.000000000000000000e+00
9.999999994727971193e-11
-9.999999994727971193e-11
0.000000000000000000e+00
-9.999999994727971193e-11
-1.000000000861931153e-10
-2.000000000334728272e-10
-9.999999994770322840e-11
-2.000000000338963437e-10
-1.999999998949829403e-10
-2.000000000338963437e-10
-2.999999999811760556e-10
-3.000000001196659425e-10
-2.999999999811760556e-10
-2.999999999811760556e-10
-2.999999999811760556e-10
-3.999999999284557675e-10
-4.000000000673691709e-10
-2.999999999811760556e-10
-2.999999999811760556e-10
-3.999999999284557675e-10
-2.999999999811760556e-10
-3.000000001196659425e-10
-3.000000001196659425e-10
-2.999999999811760556e-10
-2.999999999117193539e-10
-3.999999999979124692e-10
-1.999999999644396420e-10
-2.000000000338963437e-10
-2.999999999811760556e-10
-1.000000000167364136e-10
-2.000000000334728272e-10
-1.999999999644396420e-10
-9.999999994727971193e-11
-2.000000000334728272e-10
0.000000000000000000e+00
-1.000000000167364136e-10
-1.000000000167364136e-10
6.945670167485262780e-20
-1.000000000861931153e-10
0.000000000000000000e+00
6.945670167485262780e-20
0.000000000000000000e+00
-6.945670167485262780e-20
-1.000000000167364136e-10
1.000000000861931153e-10
-1.000000000167364136e-10
0.000000000000000000e+00
-1.000000000861931153e-10
6.945670167485262780e-20
0.000000000000000000e+00
-9.999999994727971193e-11
-1.000000000167364136e-10
-1.000000000861931153e-10
-1.999999999640161255e-10
-1.000000000167364136e-10
-1.000000000171599301e-10
-1.999999999644396420e-10
-2.000000000338963437e-10
-1.999999998949829403e-10
-4.000000000673691709e-10
-2.000000000334728272e-10
-1.999999999640161255e-10
-3.999999999974889527e-10
-3.000000000502092408e-10
-2.999999999807525391e-10
-3.999999999974889527e-10
-3.999999999974889527e-10
-2.999999999807525391e-10
-5.000000000142253663e-10
-2.999999999807525391e-10
-3.999999999974889527e-10
-5.000000000142253663e-10
-3.999999999284557675e-10
-3.000000001196659425e-10
-4.999999999451921811e-10
-3.999999999974889527e-10
-5.000000000146488828e-10
-3.999999999979124692e-10
-5.000000000146488828e-10
-2.999999999811760556e-10
-3.999999999979124692e-10
-3.999999999979124692e-10
-3.999999999979124692e-10
-2.999999999811760556e-10
-4.000000000669456544e-10
-2.999999999807525391e-10
-3.999999999280322511e-10
-3.000000000502092408e-10
-2.000000000334728272e-10
-2.999999999807525391e-10
-1.999999999640161255e-10
-2.000000000334728272e-10
-1.999999999640161255e-10
-1.000000000167364136e-10
-1.000000000167364136e-10
6.945670167485262780e-20
0.000000000000000000e+00
0.000000000000000000e+00
9.999999994727971193e-11
1.000000000167364136e-10
1.999999999640161255e-10
1.999999999640161255e-10
3.000000000502092408e-10
2.999999999807525391e-10
3.999999999974889527e-10
5.000000000836820680e-10
4.999999999447686647e-10
5.000000000142253663e-10
5.999999999615050783e-10
6.000000000309617799e-10
6.999999999782414919e-10
7.999999999949779055e-10
6.999999999782414919e-10
9.000000000117143191e-10
1.000000000028450733e-09
9.000000000117143191e-10
9.999999999589940310e-10
1.099999999975730445e-09
1.000000000097907434e-09
1.199999999923433673e-09
1.100000000045187146e-09
1.100000000010882312e-09
1.300000000009626788e-09
1.199999999958162024e-09
1.300000000009626788e-09
1.199999999992890375e-09
1.300000000009626788e-09
1.199999999992890375e-09
1.299999999974898437e-09
1.300000000044355139e-09
1.300000000009626788e-09
1.199999999992890375e-09
1.199999999992890375e-09
1.100000000010882312e-09
1.199999999992890375e-09
1.199999999958162024e-09
1.100000000045610663e-09
1.099999999976153961e-09
9.999999999941458983e-10
1.000000000028874249e-09
9.999999999594175475e-10
9.000000000468661864e-10
7.999999999606730711e-10
9.000000000121378355e-10
7.000000000129698427e-10
6.999999999782414919e-10
7.000000000129698427e-10
5.000000000142253663e-10
5.999999999619285947e-10
4.000000000322173036e-10
4.999999999799205320e-10
2.999999999807525391e-10
4.000000000322173036e-10
1.999999999987444764e-10
1.000000000167364136e-10
1.999999999987444764e-10
-3.430483436379916373e-20
1.000000000514647644e-10
-2.000000000334728272e-10
-1.000000000167364136e-10
-1.999999999640161255e-10
-3.000000000154808900e-10
-3.000000000154808900e-10
-2.999999999807525391e-10
-5.000000000142253663e-10
-4.999999999794970155e-10
-7.000000000129698427e-10
-5.999999999962334291e-10
-6.999999999956056673e-10
-7.999999999954014219e-10
-8.000000000127655973e-10
-8.999999999947736601e-10
-9.000000000121378355e-10
-9.999999999941458983e-10
-1.100000000010882312e-09
-1.099999999993518136e-09
-1.099999999993518136e-09
-1.200000000010254550e-09
-1.299999999992262613e-09
-1.299999999992262613e-09
-1.299999999992262613e-09
-1.400000000026363202e-09
-1.399999999991634851e-09
-1.299999999992262613e-09
-1.499999999991430606e-09
-1.300000000026990964e-09
-1.499999999991007089e-09
-1.459999999994985139e-09
-1.450000000000214816e-09
-1.459999999994985139e-09
-1.440000000005444493e-09
-1.429999999993309995e-09
-1.430000000001780324e-09
-1.400000000008999026e-09
-1.359999999995612901e-09
-1.339999999997178409e-09
-1.330000000002408086e-09
-1.310000000004397111e-09
-1.260000000004710992e-09
-1.239999999997806171e-09
-1.200000000001784221e-09
-1.139999999989963603e-09
-1.100000000002411982e-09
-1.039999999998638178e-09
-9.899999999993755755e-10
-9.300000000049191335e-10
-8.799999999963391685e-10
-8.099999999986420742e-10
-7.400000000005214635e-10
-6.799999999975946921e-10
-6.200000000035617667e-10
-5.300000000006539172e-10
-4.599999999982981418e-10
-3.979999999999748442e-10
-3.140000000010442652e-10
-2.410000000000879863e-10
-1.694900000005132665e-10
-1.015099999995557978e-10
-3.300000000069916385e-11
4.200000000158287186e-11
1.149999999978804695e-10
1.800000000007335012e-10
2.199999999967554515e-10
2.700000000006767353e-10
3.500000000066966796e-10
3.799999999952428128e-10
4.400000000028282655e-10
4.699999999998447282e-10
5.100000000047605244e-10
5.599999999913176328e-10
5.799999999982224539e-10
6.100000000087914438e-10
6.399999999926788959e-10
6.400000000015727418e-10
6.599999999995837170e-10
6.699999999943540398e-10
6.800000000064885381e-10
6.900000000012588609e-10
6.999999999960291837e-10
7.200000000025104884e-10
6.900000000012588609e-10
7.000000000044995132e-10
6.799999999891243626e-10
6.699999999943540398e-10
6.700000000117182152e-10
6.500000000048133941e-10
6.399999999926788959e-10
6.600000000169478924e-10
5.999999999962334291e-10
4.999999999968611909e-10
5.999999999962334291e-10
5.999999999962334291e-10
5.000000000142253663e-10
5.999999999962334291e-10
3.999999999974889527e-10
5.999999999962334291e-10
3.999999999974889527e-10
4.999999999968611909e-10
3.999999999974889527e-10
4.999999999968611909e-10
3.999999999974889527e-10
3.999999999974889527e-10
4.000000000148531281e-10
4.999999999968611909e-10
4.999999999968611909e-10
4.000000000148531281e-10
3.999999999974889527e-10
3.999999999974889527e-10
5.000000000142253663e-10
3.999999999627606019e-10
5.000000000142253663e-10
5.000000000142253663e-10
4.999999999794970155e-10
4.999999999794970155e-10
4.000000000322173036e-10
5.999999999966569456e-10
5.999999999962334291e-10
5.000000000142253663e-10
6.999999999786650083e-10
5.999999999966569456e-10
5.999999999966569456e-10
8.000000000301297728e-10
7.000000000133933592e-10
7.999999999606730711e-10
7.000000000133933592e-10
8.999999999774094847e-10
9.000000000468661864e-10
9.999999999594175475e-10
1.000000000028874249e-09
9.999999999941458983e-10
1.100000000010882312e-09
1.099999999976153961e-09
1.300000000009626788e-09
1.100000000010882312e-09
1.300000000009626788e-09
1.399999999991634851e-09
1.399999999991634851e-09
1.500000000008371265e-09
1.399999999991634851e-09
1.599999999990379327e-09
1.600000000025107678e-09
1.599999999990379327e-09
1.599999999990379327e-09
1.800000000023852155e-09
1.699999999972387390e-09
1.800000000023852155e-09
1.899999999971131867e-09
1.799999999989123804e-09
1.999999999987868280e-09
1.900000000040588568e-09
2.100000000004604694e-09
1.899999999971131867e-09
2.100000000004604694e-09
2.100000000004604694e-09
2.100000000004604694e-09
2.200000000021341107e-09
2.199999999952307922e-09
2.200000000021341107e-09
2.200000000021341107e-09
2.299999999968620819e-09
2.300000000038077521e-09
2.299999999968620819e-09
2.400000000054813935e-09
2.299999999968620819e-09
2.299999999968620819e-09
2.399999999985780749e-09
2.300000000038077521e-09
2.300000000038501037e-09
2.399999999916324048e-09
2.299999999969044336e-09
2.200000000021764624e-09
2.400000000055237451e-09
2.199999999952307922e-09
2.200000000021764624e-09
2.200000000021764624e-09
2.100000000005028210e-09
2.200000000021764624e-09
1.999999999988291797e-09
2.099999999935571509e-09
1.900000000041012085e-09
1.999999999988291797e-09
1.800000000024275671e-09
1.999999999988291797e-09
1.699999999937659039e-09
1.800000000093308856e-09
1.599999999990379327e-09
1.700000000007115741e-09
1.599999999920922626e-09
1.600000000059836029e-09
1.500000000043099615e-09
1.399999999956906500e-09
1.400000000026363202e-09
1.399999999956906500e-09
1.199999999992890375e-09
1.099999999976153961e-09
1.200000000062347076e-09
9.999999999589940310e-10
1.100000000045187146e-09
8.999999999422576174e-10
7.999999999949779055e-10
8.000000000644346071e-10
5.999999999615050783e-10
5.999999999615050783e-10
5.000000000836820680e-10
3.999999999974889527e-10
3.999999999974889527e-10
1.999999999640161255e-10
1.999999999640161255e-10
6.945670167485262780e-20
-6.945670167485262780e-20
-1.999999999644396420e-10
-2.999999999811760556e-10
-2.999999999811760556e-10
-4.000000000673691709e-10
-5.999999999619285947e-10
-7.000000000481217100e-10
-9.000000000121378355e-10
-8.999999999426811339e-10
-9.999999999594175475e-10
-1.300000000009626788e-09
-1.300000000009626788e-09
-1.499999999973642914e-09
-1.600000000059836029e-09
-1.699999999938082556e-09
-2.000000000057748498e-09
-2.199999999952307922e-09
-2.200000000021764624e-09
-2.500000000071973865e-09
-2.699999999966533288e-09
-2.900000000000429632e-09
-3.100000000033902459e-09
-3.299999999997918585e-09
-3.599999999978671124e-09
-3.699999999925950836e-09
-3.900000000098337066e-09
-4.299999999956912616e-09
-4.499999999990385443e-09
-4.799999999971137982e-09
-4.899999999988297912e-09
-5.200000000038507153e-09
-5.599999999966539404e-09
-5.800000000069468933e-09
-5.999999999964451873e-09
-6.400000000031397528e-09
-6.499999999978677240e-09
-6.800000000029309997e-09
-7.199999999957342248e-09
-7.300000000043111847e-09
-7.699999999971567614e-09
-7.899999999866127038e-09
-8.100000000038513269e-09
-8.400000000158179211e-09
-8.700000000000441863e-09
-8.799999999947721575e-09
-8.999999999981194403e-09
-9.300000000100860345e-09
-9.499999999856929882e-09
-9.599999999942699481e-09
-9.900000000062365423e-09
-1.000000000001006865e-08
-1.000000000001006865e-08
-1.040000000007701431e-08
-1.040000000007701431e-08
-1.049999999988580413e-08
-1.069999999991927696e-08
-1.070000000005776685e-08
-1.089999999995274979e-08
-1.080000000000504656e-08
-1.100000000003851938e-08
-1.109999999998622261e-08
-1.110000000012471250e-08
-1.109999999998622261e-08
-1.119999999993350232e-08
-1.119999999993350232e-08
-1.130000000001969544e-08
-1.130000000001927192e-08
-1.130000000001969544e-08
-1.139999999996697515e-08
-1.139999999996697515e-08
-1.139999999996697515e-08
-1.130000000001969544e-08
-1.160000000013936138e-08
-1.139999999996697515e-08
-1.150000000005316827e-08
-1.149999999991425486e-08
-1.159999999986153458e-08
-1.150000000019208167e-08
-1.169999999994772769e-08
-1.160000000000044798e-08
-1.169999999994772769e-08
-1.170000000008664109e-08
-1.180000000003392081e-08
-1.179999999989500740e-08
-1.180000000003392081e-08
-1.199999999992848023e-08
-1.200000000006739363e-08
-1.189999999998120052e-08
-1.210000000001467335e-08
-1.219999999996195306e-08
-1.200000000006739363e-08
-1.219999999996195306e-08
-1.230000000004856969e-08
-1.219999999996195306e-08
-1.229999999990923277e-08
-1.220000000010086646e-08
-1.219999999996195306e-08
-1.210000000001467335e-08
-1.199999999992848023e-08
-1.190000000012011392e-08
-1.160000000000044798e-08
-1.139999999996697515e-08
-1.089999999995232627e-08
-1.059999999997157373e-08
-1.010000000009583825e-08
-9.499999999995419769e-09
-8.799999999947721575e-09
-7.900000000005040441e-09
-7.199999999956918731e-09
-6.099999999981188287e-09
-5.000000000143524213e-09
-3.799999999942687249e-09
-2.399999999985357233e-09
-9.000000000811710207e-10
7.000000000481217100e-10
2.399999999985780749e-09
4.100000000062353192e-09
5.899999999947715460e-09
7.800000000057760730e-09
9.700000000029316113e-09
1.169999999994772769e-08
1.349999999997157985e-08
1.550000000002932834e-08
1.719999999996741090e-08
1.910000000007745617e-08
2.079999999987662532e-08
2.240000000000549454e-08
2.370000000001512132e-08
2.520000000005864446e-08
2.630000000003437490e-08
2.719999999997705603e-08
2.810000000005865057e-08
2.859999999993396253e-08
2.900000000000133171e-08
2.919999999989589113e-08
2.900000000014024511e-08
2.869999999988166576e-08
2.820000000000593028e-08
2.750000000009714549e-08
2.659999999987706107e-08
2.540000000009211728e-08
2.429999999997747344e-08
2.279999999993395030e-08
2.150000000006323692e-08
1.970000000003938476e-08
1.810000000004858192e-08
1.639999999983309607e-08
1.460000000008707073e-08
1.290000000001007477e-08
1.100000000003851938e-08
9.199999999876177343e-09
7.500000000077008190e-09
5.900000000086205347e-09
4.199999999870719501e-09
2.700000000105446692e-09
1.499999999904186212e-09
0.000000000000000000e+00
-1.999999999918835095e-09
-2.000000000057324982e-09
-3.999999999976160077e-09
-3.999999999976160077e-09
-3.999999999976160077e-09
-7.000000000062782824e-09
-6.000000000033908575e-09
-7.000000000062359308e-09
-6.999999999923869421e-09
-7.999999999952743670e-09
-8.000000000091233557e-09
-7.999999999952743670e-09
-8.000000000091233557e-09
-7.999999999813830267e-09
-8.999999999981617919e-09
-9.000000000120107806e-09
-8.999999999981617919e-09
-8.999999999981194403e-09
-7.999999999952743670e-09
-8.000000000091657073e-09
-8.999999999981617919e-09
-7.999999999952743670e-09
-9.000000000120107806e-09
-8.999999999842704516e-09
-8.000000000091233557e-09
-7.999999999952743670e-09
-8.999999999981194403e-09
-8.000000000091233557e-09
-6.999999999923869421e-09
-8.999999999981194403e-09
-9.000000000120107806e-09
-6.999999999923869421e-09
-8.000000000091233557e-09
-7.999999999952320153e-09
-7.999999999952320153e-09
-8.000000000091233557e-09
-7.999999999952320153e-09
-8.999999999981194403e-09
-7.999999999952320153e-09
-7.000000000062359308e-09
-8.999999999981194403e-09
-6.999999999923445904e-09
-8.999999999981194403e-09
-7.999999999952320153e-09
-7.000000000201272711e-09
-7.999999999952320153e-09
-7.999999999952320153e-09
-7.999999999952320153e-09
-7.999999999952320153e-09
-8.000000000091233557e-09
-8.000000000091233557e-09
-7.999999999952320153e-09
-8.999999999981194403e-09
-8.000000000091233557e-09
-7.999999999952320153e-09
-6.999999999923869421e-09
-8.999999999981194403e-09
-8.000000000091233557e-09
-6.999999999923869421e-09
-8.999999999981194403e-09
-7.999999999952320153e-09
-8.000000000091233557e-09
-7.999999999952320153e-09
-8.000000000091233557e-09
-7.999999999952320153e-09
-7.999999999952743670e-09
-7.999999999952320153e-09
-8.000000000091233557e-09
-7.999999999952320153e-09
-7.999999999952743670e-09
-7.000000000201272711e-09
-8.999999999842280999e-09
-7.000000000062782824e-09
-7.999999999952320153e-09
-7.000000000062782824e-09
-7.999999999813406750e-09
-8.000000000229723444e-09
-6.999999999923445904e-09
-7.999999999952320153e-09
-6.999999999923445904e-09
-7.000000000201272711e-09
-7.999999999952320153e-09
-6.999999999923869421e-09
-8.000000000230146960e-09
-6.999999999923445904e-09
-6.999999999923869421e-09
-5.999999999894995172e-09
-7.000000000201272711e-09
-6.999999999923445904e-09
-6.999999999923869421e-09
-7.000000000201272711e-09
-6.999999999923445904e-09
-5.999999999894995172e-09
-6.999999999923445904e-09
-6.000000000172821978e-09
-6.000000000172398462e-09
-5.999999999617591881e-09
-7.000000000201272711e-09
-5.999999999894995172e-09
-5.000000000143947729e-09
-5.999999999894995172e-09
-5.999999999894995172e-09
-6.000000000172398462e-09
-5.999999999894995172e-09
-4.999999999866544439e-09
-6.000000000172398462e-09
-5.000000000143524213e-09
-5.999999999894995172e-09
-4.999999999866120922e-09
-6.000000000172398462e-09
-4.999999999866120922e-09
-5.000000000143524213e-09
-4.999999999866120922e-09
-5.000000000143524213e-09
-4.999999999866120922e-09
-4.000000000115073480e-09
-5.000000000143524213e-09
-3.999999999559843383e-09
-6.000000000172398462e-09
-4.000000000115073480e-09
-3.999999999837670190e-09
-5.000000000143947729e-09
-4.000000000115073480e-09
-4.999999999866544439e-09
-3.999999999837246673e-09
-4.000000000115073480e-09
-3.999999999837670190e-09
-4.000000000115073480e-09
-5.000000000143947729e-09
-2.999999999808795941e-09
-4.000000000115073480e-09
-4.000000000115073480e-09
-3.999999999837670190e-09
-4.000000000115073480e-09
-2.999999999808795941e-09
-4.000000000115073480e-09
-4.000000000115073480e-09
-2.999999999808795941e-09
-3.000000000086199231e-09
-2.999999999808795941e-09
-3.000000000086199231e-09
-3.000000000086199231e-09
-4.000000000114649964e-09
-3.000000000086199231e-09
-2.999999999808795941e-09
-2.000000000057324982e-09
-3.999999999837246673e-09
-2.000000000057324982e-09
-2.000000000057324982e-09
-2.999999999808795941e-09
-3.000000000364026038e-09
-1.999999999779921692e-09
-2.000000000057324982e-09
-2.000000000057324982e-09
-1.999999999779921692e-09
-2.000000000335151788e-09
-1.999999999779921692e-09
-2.000000000057324982e-09
-1.000000000028874249e-09
-1.999999999779921692e-09
-1.000000000306277539e-09
-9.999999997514709589e-10
-2.000000000057324982e-09
-1.000000000306277539e-09
-9.999999997514709589e-10
-1.000000000028874249e-09
-9.999999997514709589e-10
-1.000000000306277539e-09
-1.000000000028450733e-09
-9.999999997514709589e-10
-1.000000000028874249e-09
0.000000000000000000e+00
0.000000000000000000e+00
-1.000000000028874249e-09
-2.774032902257833610e-19
-9.999999997514709589e-10
0.000000000000000000e+00
-1.000000000028874249e-09
0.000000000000000000e+00
0.000000000000000000e+00
0.000000000000000000e+00
0.000000000000000000e+00
-1.000000000028874249e-09
0.000000000000000000e+00
1.000000000028874249e-09
0.000000000000000000e+00
0.000000000000000000e+00
-1.000000000028874249e-09
0.000000000000000000e+00
1.000000000028874249e-09
0.000000000000000000e+00
