0.000000000000000000e+00
1.000000000028874249e-09
0.000000000000000000e+00
-1.000000000028874249e-09
0.000000000000000000e+00
2.774032902257833610e-19
9.999999997514709589e-10
0.000000000000000000e+00
-9.999999997514709589e-10
-2.774032902257833610e-19
0.000000000000000000e+00
1.000000000306277539e-09
-1.000000000306277539e-09
0.000000000000000000e+00
2.774032902257833610e-19
-2.774032902257833610e-19
0.000000000000000000e+00
-1.000000000028874249e-09
2.774032902257833610e-19
-2.774032902257833610e-19
0.000000000000000000e+00
2.774032902257833610e-19
-2.774032902257833610e-19
0.000000000000000000e+00
2.774032902257833610e-19
0.000000000000000000e+00
-1.000000000306277539e-09
0.000000000000000000e+00
2.774032902257833610e-19
0.000000000000000000e+00
-1.000000000306277539e-09
2.774032902257833610e-19
1.000000000028450733e-09
-1.000000000028450733e-09
-2.774032902257833610e-19
-9.999999997510474424e-10
1.000000000028450733e-09
-1.000000000028450733e-09
-2.774032902257833610e-19
2.778268066994105112e-19
-1.000000000028450733e-09
0.000000000000000000e+00
0.000000000000000000e+00
-2.778268066994105112e-19
2.778268066994105112e-19
-1.000000000028450733e-09
0.000000000000000000e+00
0.000000000000000000e+00
0.000000000000000000e+00
-1.000000000028874249e-09
0.000000000000000000e+00
1.000000000028874249e-09
-1.000000000028874249e-09
0.000000000000000000e+00
-9.999999997510474424e-10
9.999999997510474424e-10
-1.000000000028874249e-09
0.000000000000000000e+00
0.000000000000000000e+00
0.000000000000000000e+00
-1.000000000028874249e-09
0.000000000000000000e+00
2.774032902257833610e-19
-1.000000000028874249e-09
0.000000000000000000e+00
-2.774032902257833610e-19
0.000000000000000000e+00
-1.000000000028874249e-09
0.000000000000000000e+00
0.000000000000000000e+00
-1.000000000028874249e-09
0.000000000000000000e+00
0.000000000000000000e+00
-1.000000000028874249e-09
0.000000000000000000e+00
-1.000000000028874249e-09
0.000000000000000000e+00
-9.999999997514709589e-10
0.000000000000000000e+00
-1.000000000028874249e-09
0.000000000000000000e+00
0.000000000000000000e+00
-9.999999997510474424e-10
0.000000000000000000e+00
-1.000000000028874249e-09
-1.000000000028874249e-09
0.000000000000000000e+00
-1.000000000028874249e-09
-1.000000000028874249e-09
9.999999997510474424e-10
-1.000000000028874249e-09
-1.000000000028874249e-09
-1.000000000028874249e-09
0.000000000000000000e+00
0.000000000000000000e+00
-9.999999997510474424e-10
0.000000000000000000e+00
-1.000000000028874249e-09
0.000000000000000000e+00
-2.000000000057324982e-09
0.000000000000000000e+00
-1.000000000028874249e-09
2.778268066994105112e-19
-2.778268066994105112e-19
-2.000000000057324982e-09
0.000000000000000000e+00
0.000000000000000000e+00
-1.000000000028450733e-09
2.778268066994105112e-19
-1.000000000028450733e-09
0.000000000000000000e+00
-1.000000000028874249e-09
-1.000000000028450733e-09
-2.778268066994105112e-19
2.778268066994105112e-19
-1.000000000028450733e-09
0.000000000000000000e+00
-1.000000000028450733e-09
0.000000000000000000e+00
0.000000000000000000e+00
-1.000000000028450733e-09
0.000000000000000000e+00
1.389134033497052556e-19
-1.389134033497052556e-19
0.000000000000000000e+00
0.000000000000000000e+00
-9.999999998899608458e-10
-1.389134033497052556e-19
0.000000000000000000e+00
1.389134033497052556e-19
0.000000000000000000e+00
0.000000000000000000e+00
-1.389134033497052556e-19
0.000000000000000000e+00
1.389134033497052556e-19
-1.000000000028874249e-09
1.000000000028874249e-09
-1.000000000167787652e-09
1.000000000028874249e-09
0.000000000000000000e+00
1.389134033497052556e-19
0.000000000000000000e+00
0.000000000000000000e+00
0.000000000000000000e+00
-1.389134033497052556e-19
0.000000000000000000e+00
0.000000000000000000e+00
0.000000000000000000e+00
1.000000000028874249e-09
0.000000000000000000e+00
0.000000000000000000e+00
0.000000000000000000e+00
0.000000000000000000e+00
0.000000000000000000e+00
1.389134033497052556e-19
0.000000000000000000e+00
-1.389134033497052556e-19
0.000000000000000000e+00
1.000000000028874249e-09
-1.000000000028874249e-09
0.000000000000000000e+00
0.000000000000000000e+00
1.000000000028874249e-09
-1.000000000028874249e-09
1.000000000028874249e-09
0.000000000000000000e+00
-1.000000000028874249e-09
1.389134033497052556e-19
-1.389134033497052556e-19
0.000000000000000000e+00
0.000000000000000000e+00
0.000000000000000000e+00
0.000000000000000000e+00
1.389134033497052556e-19
9.999999998899608458e-10
-1.000000000028874249e-09
0.000000000000000000e+00
-9.999999998899608458e-10
9.999999998899608458e-10
-1.000000000028874249e-09
1.000000000028874249e-09
-9.999999998899608458e-10
-1.389134033497052556e-19
-9.999999998899608458e-10
0.000000000000000000e+00
-1.389134033497052556e-19
-9.999999998899608458e-10
0.000000000000000000e+00
0.000000000000000000e+00
0.000000000000000000e+00
0.000000000000000000e+00
-1.000000000028874249e-09
-1.000000000028874249e-09
2.000000000334728272e-10
-2.999999999807525391e-10
-2.999999999807525391e-10
-4.000000000669456544e-10
-4.000000000669456544e-10
-3.999999999280322511e-10
-2.999999999807525391e-10
-3.999999999280322511e-10
-3.000000001196659425e-10
-3.999999999280322511e-10
-2.999999999807525391e-10
-3.000000001196659425e-10
-3.999999999280322511e-10
-2.999999999807525391e-10
-2.999999999807525391e-10
-2.000000000334728272e-10
-2.999999999807525391e-10
-2.000000000334728272e-10
-2.000000000334728272e-10
-2.000000000334728272e-10
1.389134033497052556e-19
-2.000000000334728272e-10
0.000000000000000000e+00
0.000000000000000000e+00
1.000000000861931153e-10
-1.389134033497052556e-19
1.000000000861931153e-10
1.999999998945594239e-10
2.000000000334728272e-10
2.000000000334728272e-10
2.000000000334728272e-10
3.999999999280322511e-10
2.999999999807525391e-10
4.000000000669456544e-10
4.000000000669456544e-10
3.999999999280322511e-10
5.000000000142253663e-10
4.999999998753119630e-10
5.000000001531387697e-10
4.999999998757354795e-10
6.000000001004184816e-10
5.000000000142253663e-10
7.000000000476981935e-10
5.999999999615050783e-10
5.999999999615050783e-10
5.999999999615050783e-10
7.000000000481217100e-10
6.999999999092083067e-10
5.999999999619285947e-10
6.000000001008419981e-10
6.999999999092083067e-10
7.000000001866115969e-10
5.999999999619285947e-10
5.000000000146488828e-10
6.999999999092083067e-10
5.000000000142253663e-10
5.999999999619285947e-10
5.000000000146488828e-10
5.000000000146488828e-10
5.000000000142253663e-10
5.000000000142253663e-10
3.999999999280322511e-10
4.000000000669456544e-10
3.999999999280322511e-10
2.999999999807525391e-10
2.000000000334728272e-10
3.000000001196659425e-10
1.999999998945594239e-10
2.000000000334728272e-10
0.000000000000000000e+00
2.000000000334728272e-10
0.000000000000000000e+00
9.999999994727971193e-11
-9.999999994727971193e-11
0.000000000000000000e+00
-1.000000000861931153e-10
-2.000000000334728272e-10
-1.999999998945594239e-10
-2.999999999811760556e-10
-2.000000000334728272e-10
-2.999999999811760556e-10
-5.000000000146488828e-10
-3.999999999284557675e-10
-5.000000001531387697e-10
-4.999999998757354795e-10
-5.000000000146488828e-10
-5.999999999619285947e-10
-7.000000000476981935e-10
-7.000000000481217100e-10
-6.999999999092083067e-10
-9.000000000811710207e-10
-7.999999999954014219e-10
-8.999999999426811339e-10
-9.000000000815945372e-10
-1.099999999837240558e-09
-1.000000000167364136e-09
-1.099999999976153961e-09
-1.099999999976153961e-09
-1.099999999976153961e-09
-1.300000000009626788e-09
-1.199999999923857189e-09
-1.300000000009626788e-09
-1.400000000095396387e-09
-1.399999999957330017e-09
-1.400000000095819904e-09
-1.399999999957330017e-09
-1.599999999990802844e-09
-1.599999999990802844e-09
-1.499999999904609729e-09
-1.599999999990802844e-09
-1.700000000076995959e-09
-1.599999999990802844e-09
-1.700000000076572443e-09
-1.800000000024275671e-09
-1.699999999938082556e-09
-1.800000000024275671e-09
-1.899999999971555383e-09
-1.800000000024275671e-09
-1.700000000007539257e-09
-1.899999999971555383e-09
-1.800000000024275671e-09
-1.899999999971555383e-09
-1.800000000024275671e-09
-1.799999999954818969e-09
-1.900000000041012085e-09
-1.700000000007539257e-09
-1.799999999954818969e-09
-1.900000000041012085e-09
-1.599999999990379327e-09
-1.700000000007539257e-09
-1.700000000007115741e-09
-1.599999999990379327e-09
-1.499999999973642914e-09
-1.599999999990379327e-09
-1.500000000043099615e-09
-1.299999999940170087e-09
-1.500000000043099615e-09
-1.199999999992890375e-09
-1.200000000062347076e-09
-1.099999999976153961e-09
-9.999999999594175475e-10
-9.999999999589940310e-10
-8.000000000644346071e-10
-7.999999999949779055e-10
-6.999999999782414919e-10
-5.000000000836820680e-10
-4.999999999451921811e-10
-3.999999999979124692e-10
-2.000000000338963437e-10
-9.999999994727971193e-11
-1.000000000167364136e-10
9.999999994727971193e-11
2.000000000334728272e-10
3.000000000502092408e-10
4.999999999447686647e-10
5.000000000142253663e-10
6.000000000309617799e-10
6.999999999782414919e-10
9.000000000121378355e-10
1.000000000028874249e-09
1.099999999976153961e-09
1.199999999992890375e-09
1.300000000009626788e-09
1.500000000043099615e-09
1.499999999904186212e-09
1.700000000007115741e-09
1.700000000007115741e-09
1.700000000007115741e-09
1.999999999987868280e-09
2.000000000057324982e-09
2.199999999951884406e-09
2.200000000021341107e-09
2.300000000038077521e-09
2.399999999985357233e-09
2.500000000002093646e-09
2.499999999933060461e-09
2.600000000019253577e-09
2.700000000036413507e-09
2.799999999983693219e-09
2.900000000000429632e-09
2.799999999983269702e-09
3.000000000017166046e-09
3.000000000017166046e-09
3.100000000033902459e-09
3.199999999911725470e-09
3.199999999981182171e-09
3.300000000067375287e-09
3.199999999980758655e-09
3.400000000014654998e-09
3.299999999997495068e-09
3.400000000014231482e-09
3.400000000014231482e-09
3.499999999961511194e-09
3.500000000030967896e-09
3.499999999961511194e-09
3.499999999961511194e-09
3.500000000100424597e-09
3.499999999961511194e-09
3.499999999961511194e-09
3.600000000047704309e-09
3.399999999944774780e-09
3.600000000047704309e-09
3.499999999961511194e-09
3.400000000014231482e-09
3.500000000030967896e-09
3.399999999944774780e-09
3.400000000014231482e-09
3.299999999997495068e-09
3.400000000014231482e-09
3.200000000050215356e-09
3.299999999928038367e-09
3.200000000050215356e-09
3.099999999998750592e-09
3.199999999980758655e-09
3.000000000016742529e-09
2.999999999982014178e-09
2.799999999983269702e-09
2.900000000034734466e-09
2.699999999966533288e-09
2.799999999983269702e-09
2.600000000053981927e-09
2.500000000002517163e-09
2.499999999967788812e-09
2.300000000003772687e-09
2.200000000021764624e-09
2.199999999987036273e-09
2.099999999970299859e-09
2.000000000023020147e-09
1.799999999989547320e-09
1.700000000007539257e-09
1.600000000025531195e-09
1.499999999974066430e-09
1.400000000026786718e-09
1.099999999976153961e-09
1.199999999992890375e-09
9.000000000117143191e-10
7.999999999949779055e-10
7.000000000129698427e-10
5.000000000142253663e-10
4.999999999451921811e-10
2.000000000334728272e-10
9.999999998243157924e-11
-9.999999998243157924e-11
-1.999999999991679928e-10
-2.999999999811760556e-10
-6.000000000313852964e-10
-6.999999999786650083e-10
-9.000000000117143191e-10
-8.999999999769859682e-10
-1.300000000043931623e-09
-1.300000000009626788e-09
-1.599999999955650977e-09
-1.700000000041844092e-09
-1.799999999989123804e-09
-1.999999999987868280e-09
-2.300000000003349170e-09
-2.199999999987036273e-09
-2.600000000019253577e-09
-2.699999999966533288e-09
-2.800000000017998053e-09
-2.999999999999378354e-09
-3.099999999998750592e-09
-3.299999999997918585e-09
-3.400000000014654998e-09
-3.699999999995407538e-09
-3.799999999994779776e-09
-3.899999999994152014e-09
-3.999999999993524252e-09
-4.200000000026997079e-09
-4.399999999991436721e-09
-4.399999999991436721e-09
-4.699999999989553436e-09
-4.800000000023654025e-09
-4.899999999988297912e-09
-5.000000000005034326e-09
-5.199999999986414627e-09
-5.300000000020938732e-09
-5.509999999996665840e-09
-5.579999999977422275e-09
-5.710000000013198008e-09
-5.830000000001687375e-09
-5.960000000002734757e-09
-6.069999999996877318e-09
-6.210000000001165353e-09
-6.329999999998972083e-09
-6.429999999998344321e-09
-6.559999999999391703e-09
-6.670000000002004593e-09
-6.780000000004617484e-09
-6.880000000003989722e-09
-6.989999999998555800e-09
-7.089999999997928038e-09
-7.189999999997300276e-09
-7.309999999994683489e-09
-7.400000000007755734e-09
-7.499999999994422478e-09
-7.590000000003259558e-09
-7.689999999998396632e-09
-7.779999999998763382e-09
-7.869999999999130133e-09
-7.969999999998502371e-09
-8.070000000002533290e-09
-8.150000000001353455e-09
-8.239999999997485040e-09
-8.343000000000963496e-09
-8.431000000000004490e-09
-8.524000000000242293e-09
-8.611820000000324404e-09
-8.698179999999345539e-09
-8.786000000001121716e-09
-8.879999999999904815e-09
-8.966000000000161151e-09
-9.059999999999367767e-09
-9.150000000000158034e-09
-9.230000000003636879e-09
-9.309999999995680780e-09
-9.400000000000282695e-09
-9.479999999997408794e-09
-9.570000000002010709e-09
-9.659999999998142295e-09
-9.739999999999503558e-09
-9.840000000007346126e-09
-9.909999999996572890e-09
-9.980000000003163831e-09
-1.007999999999406574e-08
-1.017000000000713798e-08
-1.025999999999437572e-08
-1.034999999999897764e-08
-1.044000000000400307e-08
-1.051999999999647049e-08
-1.061000000000107240e-08
-1.069999999999720399e-08
-1.078000000000745910e-08
-1.087999999999751397e-08
-1.097000000000253941e-08
-1.106000000000714132e-08
-1.113999999999960874e-08
-1.120999999998036517e-08
-1.130000000000190775e-08
-1.140000000000170350e-08
-1.140000000000170350e-08
-1.150000000000107574e-08
-1.150000000000107574e-08
-1.149999999998371157e-08
-1.140000000001906768e-08
-1.150000000000107574e-08
-1.120000000000295903e-08
-1.110000000000358679e-08
-1.090000000000484231e-08
-1.059999999997157373e-08
-1.020000000000881313e-08
-9.900000000010696413e-09
-9.199999999997303054e-09
-8.699999999983077688e-09
-7.900000000005040441e-09
-7.200000000009434774e-09
-6.199999999980560525e-09
-5.200000000003778802e-09
-4.100000000027624841e-09
-2.699999999966956805e-09
-1.400000000026363202e-09
0.000000000000000000e+00
1.700000000007115741e-09
3.399999999979503131e-09
5.000000000004610809e-09
6.900000000045622894e-09
8.699999999965713513e-09
1.049999999998956567e-08
1.240000000003015424e-08
1.419999999998539672e-08
1.600000000000924888e-08
1.759999999996489985e-08
1.930000000004147229e-08
2.089999999999754679e-08
2.219999999997244523e-08
2.340000000000006395e-08
2.470000000000969074e-08
2.550000000000466864e-08
2.630000000000007007e-08
2.680000000001429543e-08
2.709999999999547149e-08
2.720000000001220790e-08
2.709999999999504797e-08
2.689999999999630350e-08
2.610000000000132559e-08
2.550000000000466864e-08
2.449999999997579440e-08
2.339999999999964043e-08
2.220000000000675006e-08
2.060000000001637073e-08
1.919999999999000753e-08
1.759999999999962820e-08
1.589999999999208895e-08
1.390000000000422067e-08
1.239999999999542588e-08
1.029999999999082119e-08
8.600000000018010284e-09
6.799999999994158130e-09
4.899999999988297912e-09
3.299999999997495068e-09
1.500000000008371265e-09
1.000000000167364136e-10
-1.600000000025531195e-09
-2.900000000000429632e-09
-4.099999999993320007e-09
-5.400000000002946795e-09
-6.299999999945627929e-09
-7.300000000112568548e-09
-7.999999999952743670e-09
-8.899999999964881505e-09
-9.499999999995843285e-09
-9.899999999993332238e-09
-1.040000000000798112e-08
-1.080000000000547007e-08
-1.099999999996948620e-08
-1.140000000003643185e-08
-1.140000000003643185e-08
-1.160000000000087150e-08
-1.169999999994815121e-08
-1.160000000000044798e-08
-1.160000000006990468e-08
-1.179999999996446410e-08
-1.149999999998371157e-08
-1.150000000005316827e-08
-1.139999999996697515e-08
-1.139999999996697515e-08
-1.130000000001969544e-08
-1.109999999998622261e-08
-1.109999999998622261e-08
-1.090000000009123967e-08
-1.099999999989960598e-08
-1.080000000007450326e-08
-1.069999999991885344e-08
-1.050000000009375072e-08
-1.049999999995526083e-08
-1.039999999993852442e-08
-1.040000000007701431e-08
-1.019999999997408478e-08
-1.010000000002680507e-08
-1.009999999995734836e-08
-9.799999999976595824e-09
-9.900000000062788940e-09
-9.699999999959859411e-09
-9.600000000012156182e-09
-9.499999999995419769e-09
-9.500000000064876471e-09
-9.199999999945210528e-09
-9.300000000031827160e-09
-8.999999999981617919e-09
-9.000000000050651104e-09
-8.899999999964457989e-09
-8.699999999930985162e-09
-8.700000000069898565e-09
-8.500000000036425738e-09
-8.399999999950232623e-09
-8.399999999950232623e-09
-8.100000000038513269e-09
-8.099999999969056567e-09
-8.000000000021776855e-09
-7.900000000005040441e-09
-7.700000000041024316e-09
-7.799999999919270843e-09
-7.500000000007551489e-09
-7.399999999990815075e-09
-7.300000000043535363e-09
-7.299999999974078662e-09
-7.100000000079519238e-09
-7.099999999940605834e-09
-6.800000000029309997e-09
-6.799999999959853295e-09
-6.800000000028886480e-09
-6.499999999978677240e-09
-6.499999999978677240e-09
-6.400000000031397528e-09
-6.199999999997924700e-09
-6.099999999981188287e-09
-6.099999999981188287e-09
-5.900000000017172161e-09
-5.700000000053156036e-09
-5.699999999983699334e-09
-5.499999999950226507e-09
-5.400000000071979980e-09
-5.299999999985786865e-09
-5.200000000038507153e-09
-4.899999999918841211e-09
-4.900000000057331097e-09
-4.700000000023858270e-09
-4.599999999937665155e-09
-4.600000000007121857e-09
-4.299999999956912616e-09
-4.099999999992896490e-09
-4.200000000009632904e-09
-3.900000000028880365e-09
-3.699999999995407538e-09
-3.800000000012143951e-09
-3.500000000031391412e-09
-3.299999999997918585e-09
-3.399999999945198297e-09
-3.000000000016742529e-09
-3.000000000016742529e-09
-2.899999999930549414e-09
-2.699999999966533288e-09
-2.600000000158166980e-09
-2.399999999985780749e-09
-2.199999999952307922e-09
-2.199999999952307922e-09
-2.000000000057324982e-09
-1.899999999971555383e-09
-1.799999999884938751e-09
-1.600000000129292731e-09
-1.499999999904186212e-09
-1.300000000148540192e-09
-1.300000000009626788e-09
-1.099999999976153961e-09
-8.999999999426811339e-10
-8.999999999426811339e-10
-6.000000001004184816e-10
-6.999999999092083067e-10
-4.000000000669456544e-10
-2.999999999807525391e-10
-2.000000000334728272e-10
-2.000000000334728272e-10
9.999999994727971193e-11
1.000000000861931153e-10
4.000000000669456544e-10
2.999999999807525391e-10
5.999999999619285947e-10
7.000000000476981935e-10
7.000000000476981935e-10
9.999999998899608458e-10
1.000000000028874249e-09
1.300000000009626788e-09
1.199999999923433673e-09
1.400000000095819904e-09
1.499999999904186212e-09
1.700000000076995959e-09
1.800000000024275671e-09
1.799999999885362268e-09
2.000000000057748498e-09
2.199999999952307922e-09
2.200000000091221325e-09
2.299999999899587634e-09
2.500000000071973865e-09
2.500000000071973865e-09
2.600000000019253577e-09
2.699999999966533288e-09
2.799999999913813000e-09
2.900000000000006116e-09
2.900000000000006116e-09
3.000000000086199231e-09
3.100000000033478943e-09
3.199999999981182171e-09
3.199999999842268768e-09
3.300000000067375287e-09
3.200000000120095575e-09
3.399999999875741595e-09
3.300000000067375287e-09
3.399999999875741595e-09
3.500000000100848114e-09
3.400000000014654998e-09
3.499999999961934710e-09
3.399999999875741595e-09
3.500000000100848114e-09
3.499999999961934710e-09
3.400000000014654998e-09
3.400000000014654998e-09
3.400000000014654998e-09
3.400000000014654998e-09
3.300000000067375287e-09
3.299999999928461883e-09
3.199999999981182171e-09
3.199999999981182171e-09
3.100000000033902459e-09
3.099999999894989056e-09
3.100000000033902459e-09
3.000000000086622747e-09
2.800000000052726404e-09
2.799999999914236517e-09
2.700000000105446692e-09
2.699999999966956805e-09
2.499999999933060461e-09
2.500000000071550348e-09
2.399999999985357233e-09
2.299999999899587634e-09
2.200000000090797809e-09
2.199999999952307922e-09
1.999999999918411578e-09
1.900000000110045270e-09
1.899999999971131867e-09
1.800000000023852155e-09
1.599999999990379327e-09
1.700000000076572443e-09
1.499999999904186212e-09
1.500000000043099615e-09
1.300000000009626788e-09
1.200000000062347076e-09
1.299999999870713385e-09
1.099999999976153961e-09
1.100000000115067364e-09
9.999999998899608458e-10
8.000000001338913088e-10
8.999999998041912470e-10
7.000000000476981935e-10
7.999999999949779055e-10
5.000000001531387697e-10
5.999999999619285947e-10
4.999999998757354795e-10
5.000000000146488828e-10
4.000000000669456544e-10
4.000000000669456544e-10
2.999999998422626523e-10
3.000000001196659425e-10
2.999999999807525391e-10
1.999999998945594239e-10
3.000000001196659425e-10
2.999999999807525391e-10
0.000000000000000000e+00
0.000000000000000000e+00
0.000000000000000000e+00
0.000000000000000000e+00
0.000000000000000000e+00
1.000000000028874249e-09
-1.000000000028874249e-09
9.999999998899608458e-10
1.389134033497052556e-19
-1.389134033497052556e-19
0.000000000000000000e+00
0.000000000000000000e+00
0.000000000000000000e+00
0.000000000000000000e+00
1.000000000167787652e-09
0.000000000000000000e+00
0.000000000000000000e+00
-1.389134033497052556e-19
1.389134033497052556e-19
0.000000000000000000e+00
9.999999998899608458e-10
1.000000000028450733e-09
-9.999999998899608458e-10
-1.384898868760781054e-19
1.000000000167364136e-09
-1.384898868760781054e-19
1.384898868760781054e-19
9.999999998899608458e-10
9.999999998899608458e-10
1.384898868760781054e-19
0.000000000000000000e+00
0.000000000000000000e+00
2.000000000057324982e-09
-1.389134033497052556e-19
0.000000000000000000e+00
1.000000000028874249e-09
0.000000000000000000e+00
1.000000000028874249e-09
0.000000000000000000e+00
1.000000000028874249e-09
9.999999998899608458e-10
0.000000000000000000e+00
1.000000000167787652e-09
9.999999998899608458e-10
1.389134033497052556e-19
1.999999999918835095e-09
0.000000000000000000e+00
1.000000000028874249e-09
0.000000000000000000e+00
1.000000000028874249e-09
1.000000000028874249e-09
9.999999997510474424e-10
1.000000000028874249e-09
0.000000000000000000e+00
1.000000000028874249e-09
1.000000000028874249e-09
1.000000000028874249e-09
0.000000000000000000e+00
1.000000000028874249e-09
1.000000000028874249e-09
0.000000000000000000e+00
1.000000000028874249e-09
9.999999998899608458e-10
1.000000000028874249e-09
0.000000000000000000e+00
1.000000000028874249e-09
0.000000000000000000e+00
2.000000000057324982e-09
0.000000000000000000e+00
1.000000000028874249e-09
0.000000000000000000e+00
9.999999997510474424e-10
1.389134033497052556e-19
9.999999998899608458e-10
1.389134033497052556e-19
9.999999998899608458e-10
1.389134033497052556e-19
0.000000000000000000e+00
1.000000000028874249e-09
-1.000000000028450733e-09
1.000000000028874249e-09
0.000000000000000000e+00
0.000000000000000000e+00
0.000000000000000000e+00
-2.778268066994105112e-19
2.778268066994105112e-19
-2.778268066994105112e-19
2.778268066994105112e-19
0.000000000000000000e+00
0.000000000000000000e+00
-1.000000000028874249e-09
-1.000000000306277539e-09
2.778268066994105112e-19
0.000000000000000000e+00
-1.000000000028450733e-09
-1.000000000028874249e-09
-1.000000000028874249e-09
0.000000000000000000e+00
-2.000000000057748498e-09
2.774032902257833610e-19
-1.000000000028874249e-09
-1.000000000306277539e-09
-9.999999997514709589e-10
-2.000000000057324982e-09
-1.000000000028874249e-09
-1.999999999779921692e-09
-2.000000000057324982e-09
-1.000000000306277539e-09
-2.000000000057324982e-09
-9.999999997510474424e-10
-3.000000000086199231e-09
-1.000000000028450733e-09
-2.000000000057324982e-09
-1.999999999779921692e-09
-2.000000000057324982e-09
-2.000000000057324982e-09
-1.000000000028874249e-09
-3.000000000086199231e-09
-9.999999997510474424e-10
-3.000000000086199231e-09
-2.000000000057748498e-09
-2.000000000057748498e-09
-3.000000000086622747e-09
-1.999999999780345208e-09
-2.000000000057748498e-09
-2.999999999808795941e-09
-2.000000000057748498e-09
-3.000000000086622747e-09
-2.000000000057748498e-09
-2.999999999808795941e-09
-2.000000000057748498e-09
-2.000000000057748498e-09
-3.000000000086199231e-09
-3.000000000086199231e-09
-1.999999999779921692e-09
-2.000000000057324982e-09
-3.000000000086199231e-09
-2.999999999808795941e-09
-2.000000000057324982e-09
-2.000000000057324982e-09
-2.999999999808795941e-09
-2.000000000057324982e-09
-2.000000000057324982e-09
-3.000000000363602521e-09
-2.999999999808795941e-09
-2.000000000057324982e-09
-1.999999999779921692e-09
-3.000000000086199231e-09
-2.000000000057324982e-09
-1.999999999779921692e-09
-3.000000000086199231e-09
-2.000000000057748498e-09
-2.000000000057324982e-09
-2.000000000057324982e-09
-1.999999999779921692e-09
-2.000000000057324982e-09
-1.000000000306277539e-09
-2.999999999808372424e-09
-2.000000000057324982e-09
-9.999999997514709589e-10
-2.000000000057324982e-09
-2.000000000057324982e-09
-1.000000000028874249e-09
-2.000000000057324982e-09
-1.000000000028874249e-09
-1.000000000028874249e-09
-9.999999997514709589e-10
-2.000000000057748498e-09
-1.000000000028874249e-09
-2.000000000057324982e-09
-1.000000000028874249e-09
-9.999999997514709589e-10
-2.774032902257833610e-19
-1.000000000028874249e-09
2.774032902257833610e-19
-1.000000000306277539e-09
-9.999999997514709589e-10
-1.000000000028874249e-09
-2.774032902257833610e-19
-9.999999997514709589e-10
1.000000000028874249e-09
-1.000000000306277539e-09
2.774032902257833610e-19
0.000000000000000000e+00
-1.000000000028874249e-09
1.000000000028874249e-09
0.000000000000000000e+00
0.000000000000000000e+00
-1.000000000028874249e-09
0.000000000000000000e+00
1.000000000028874249e-09
0.000000000000000000e+00
