-5.000000000000000000e+04 1.000000000069955347e-11
-4.990000000000000000e+04 9.000000000629598124e-11
-4.980000000000000000e+04 -9.999999999344300755e-11
-4.970000000000000000e+04 0.000000000000000000e+00
-4.960000000000000000e+04 9.999999993923289893e-11
-4.950000000000000000e+04 6.776263578034402713e-20
-4.940000000000000000e+04 -1.000000000205480619e-10
-4.930000000000000000e+04 0.000000000000000000e+00
-4.920000000000000000e+04 1.000000000205480619e-10
-4.910000000000000000e+04 -6.776263578034402713e-20
-4.900000000000000000e+04 1.355252715606880543e-19
-4.890000000000000000e+04 0.000000000000000000e+00
-4.880000000000000000e+04 -1.355252715606880543e-19
-4.870000000000000000e+04 1.355252715606880543e-19
-4.860000000000000000e+04 9.999999995278542608e-11
-4.850000000000000000e+04 -2.000000000410961237e-10
-4.840000000000000000e+04 1.000000000029297766e-09
-4.830000000000000000e+04 -1.355252715606880543e-19
-4.820000000000000000e+04 1.355252715606880543e-19
-4.810000000000000000e+04 0.000000000000000000e+00
-4.800000000000000000e+04 0.000000000000000000e+00
-4.790000000000000000e+04 0.000000000000000000e+00
-4.780000000000000000e+04 0.000000000000000000e+00
-4.770000000000000000e+04 -1.000000000029297766e-09
-4.760000000000000000e+04 0.000000000000000000e+00
-4.750000000000000000e+04 0.000000000000000000e+00
-4.740000000000000000e+04 0.000000000000000000e+00
-4.730000000000000000e+04 0.000000000000000000e+00
-4.720000000000000000e+04 0.000000000000000000e+00
-4.710000000000000000e+04 0.000000000000000000e+00
-4.700000000000000000e+04 0.000000000000000000e+00
-4.690000000000000000e+04 0.000000000000000000e+00
-4.680000000000000000e+04 0.000000000000000000e+00
-4.670000000000000000e+04 0.000000000000000000e+00
-4.660000000000000000e+04 0.000000000000000000e+00
-4.650000000000000000e+04 0.000000000000000000e+00
-4.640000000000000000e+04 0.000000000000000000e+00
-4.630000000000000000e+04 0.000000000000000000e+00
-4.620000000000000000e+04 0.000000000000000000e+00
-4.610000000000000000e+04 0.000000000000000000e+00
-4.600000000000000000e+04 0.000000000000000000e+00
-4.590000000000000000e+04 0.000000000000000000e+00
-4.580000000000000000e+04 0.000000000000000000e+00
-4.570000000000000000e+04 0.000000000000000000e+00
-4.560000000000000000e+04 0.000000000000000000e+00
-4.550000000000000000e+04 0.000000000000000000e+00
-4.540000000000000000e+04 0.000000000000000000e+00
-4.530000000000000000e+04 0.000000000000000000e+00
-4.520000000000000000e+04 1.000000000029297766e-09
-4.510000000000000000e+04 0.000000000000000000e+00
-4.500000000000000000e+04 0.000000000000000000e+00
-4.490000000000000000e+04 0.000000000000000000e+00
-4.480000000000000000e+04 0.000000000000000000e+00
-4.470000000000000000e+04 0.000000000000000000e+00
-4.460000000000000000e+04 0.000000000000000000e+00
-4.450000000000000000e+04 0.000000000000000000e+00
-4.440000000000000000e+04 0.000000000000000000e+00
-4.430000000000000000e+04 0.000000000000000000e+00
-4.420000000000000000e+04 0.000000000000000000e+00
-4.410000000000000000e+04 0.000000000000000000e+00
-4.400000000000000000e+04 0.000000000000000000e+00
-4.390000000000000000e+04 -5.556536133988210224e-19
-4.380000000000000000e+04 5.556536133988210224e-19
-4.370000000000000000e+04 0.000000000000000000e+00
-4.360000000000000000e+04 0.000000000000000000e+00
-4.350000000000000000e+04 0.000000000000000000e+00
-4.340000000000000000e+04 0.000000000000000000e+00
-4.330000000000000000e+04 0.000000000000000000e+00
-4.320000000000000000e+04 -1.000000000029297766e-09
-4.310000000000000000e+04 0.000000000000000000e+00
-4.300000000000000000e+04 0.000000000000000000e+00
-4.290000000000000000e+04 0.000000000000000000e+00
-4.280000000000000000e+04 0.000000000000000000e+00
-4.270000000000000000e+04 0.000000000000000000e+00
-4.260000000000000000e+04 0.000000000000000000e+00
-4.250000000000000000e+04 0.000000000000000000e+00
-4.240000000000000000e+04 0.000000000000000000e+00
-4.230000000000000000e+04 0.000000000000000000e+00
-4.220000000000000000e+04 0.000000000000000000e+00
-4.210000000000000000e+04 0.000000000000000000e+00
-4.200000000000000000e+04 1.000000000584951379e-09
-4.190000000000000000e+04 -1.111307226797642045e-18
-4.180000000000000000e+04 1.111307226797642045e-18
-4.170000000000000000e+04 -1.111307226797642045e-18
-4.160000000000000000e+04 1.111307226797642045e-18
-4.150000000000000000e+04 -1.111307226797642045e-18
-4.140000000000000000e+04 0.000000000000000000e+00
-4.130000000000000000e+04 1.111307226797642045e-18
-4.120000000000000000e+04 -1.111307226797642045e-18
-4.110000000000000000e+04 1.111307226797642045e-18
-4.100000000000000000e+04 -1.111307226797642045e-18
-4.090000000000000000e+04 1.111307226797642045e-18
-4.080000000000000000e+04 -1.111307226797642045e-18
-4.070000000000000000e+04 1.111307226797642045e-18
-4.060000000000000000e+04 -1.111307226797642045e-18
-4.050000000000000000e+04 0.000000000000000000e+00
-4.040000000000000000e+04 1.111307226797642045e-18
-4.030000000000000000e+04 -1.111307226797642045e-18
-4.020000000000000000e+04 1.111307226797642045e-18
-4.010000000000000000e+04 -1.111307226797642045e-18
-4.000000000000000000e+04 1.111307226797642045e-18
-3.990000000000000000e+04 -1.111307226797642045e-18
-3.980000000000000000e+04 1.111307226797642045e-18
-3.970000000000000000e+04 -1.111307226797642045e-18
-3.960000000000000000e+04 1.111307226797642045e-18
-3.950000000000000000e+04 0.000000000000000000e+00
-3.940000000000000000e+04 -1.111307226797642045e-18
-3.930000000000000000e+04 1.111307226797642045e-18
-3.920000000000000000e+04 -1.111307226797642045e-18
-3.910000000000000000e+04 1.111307226797642045e-18
-3.900000000000000000e+04 -1.111307226797642045e-18
-3.890000000000000000e+04 1.111307226797642045e-18
-3.880000000000000000e+04 9.999999994736441522e-10
-3.870000000000000000e+04 -1.000000000584951379e-09
-3.860000000000000000e+04 0.000000000000000000e+00
-3.850000000000000000e+04 1.111307226797642045e-18
-3.840000000000000000e+04 -1.111307226797642045e-18
-3.830000000000000000e+04 1.111307226797642045e-18
-3.820000000000000000e+04 -1.111307226797642045e-18
-3.810000000000000000e+04 1.111307226797642045e-18
-3.800000000000000000e+04 -1.111307226797642045e-18
-3.790000000000000000e+04 1.111307226797642045e-18
-3.780000000000000000e+04 -1.111307226797642045e-18
-3.770000000000000000e+04 0.000000000000000000e+00
-3.760000000000000000e+04 1.111307226797642045e-18
-3.750000000000000000e+04 -1.111307226797642045e-18
-3.740000000000000000e+04 1.111307226797642045e-18
-3.730000000000000000e+04 -1.111307226797642045e-18
-3.720000000000000000e+04 1.111307226797642045e-18
-3.710000000000000000e+04 -1.111307226797642045e-18
-3.700000000000000000e+04 1.111307226797642045e-18
-3.690000000000000000e+04 -1.111307226797642045e-18
-3.680000000000000000e+04 1.111307226797642045e-18
-3.670000000000000000e+04 -1.111307226797642045e-18
-3.660000000000000000e+04 0.000000000000000000e+00
-3.650000000000000000e+04 1.111307226797642045e-18
-3.640000000000000000e+04 -1.111307226797642045e-18
-3.630000000000000000e+04 1.111307226797642045e-18
-3.620000000000000000e+04 -1.111307226797642045e-18
-3.610000000000000000e+04 1.111307226797642045e-18
-3.600000000000000000e+04 -1.111307226797642045e-18
-3.590000000000000000e+04 1.111307226797642045e-18
-3.580000000000000000e+04 -1.111307226797642045e-18
-3.570000000000000000e+04 0.000000000000000000e+00
-3.560000000000000000e+04 1.000000000584951379e-09
-3.550000000000000000e+04 0.000000000000000000e+00
-3.540000000000000000e+04 0.000000000000000000e+00
-3.530000000000000000e+04 0.000000000000000000e+00
-3.520000000000000000e+04 0.000000000000000000e+00
-3.510000000000000000e+04 0.000000000000000000e+00
-3.500000000000000000e+04 0.000000000000000000e+00
-3.490000000000000000e+04 0.000000000000000000e+00
-3.480000000000000000e+04 0.000000000000000000e+00
-3.470000000000000000e+04 -2.000000000058595531e-09
-3.460000000000000000e+04 0.000000000000000000e+00
-3.450000000000000000e+04 0.000000000000000000e+00
-3.440000000000000000e+04 0.000000000000000000e+00
-3.430000000000000000e+04 0.000000000000000000e+00
-3.420000000000000000e+04 0.000000000000000000e+00
-3.410000000000000000e+04 0.000000000000000000e+00
-3.400000000000000000e+04 0.000000000000000000e+00
-3.390000000000000000e+04 0.000000000000000000e+00
-3.380000000000000000e+04 0.000000000000000000e+00
-3.370000000000000000e+04 0.000000000000000000e+00
-3.360000000000000000e+04 1.000000000140428488e-08
-3.350000000000000000e+04 -1.000000000140428488e-08
-3.340000000000000000e+04 0.000000000000000000e+00
-3.330000000000000000e+04 0.000000000000000000e+00
-3.320000000000000000e+04 0.000000000000000000e+00
-3.310000000000000000e+04 9.999999999181670429e-09
-3.300000000000000000e+04 -9.999999999181670429e-09
-3.290000000000000000e+04 0.000000000000000000e+00
-3.280000000000000000e+04 0.000000000000000000e+00
-3.270000000000000000e+04 0.000000000000000000e+00
-3.260000000000000000e+04 9.999999999181670429e-09
-3.250000000000000000e+04 -9.999999999181670429e-09
-3.240000000000000000e+04 0.000000000000000000e+00
-3.230000000000000000e+04 0.000000000000000000e+00
-3.220000000000000000e+04 0.000000000000000000e+00
-3.210000000000000000e+04 1.000000000140428488e-08
-3.200000000000000000e+04 -1.000000000140428488e-08
-3.190000000000000000e+04 0.000000000000000000e+00
-3.180000000000000000e+04 0.000000000000000000e+00
-3.170000000000000000e+04 0.000000000000000000e+00
-3.160000000000000000e+04 9.999999999181670429e-09
-3.150000000000000000e+04 -9.999999999181670429e-09
-3.140000000000000000e+04 0.000000000000000000e+00
-3.130000000000000000e+04 0.000000000000000000e+00
-3.120000000000000000e+04 0.000000000000000000e+00
-3.110000000000000000e+04 9.999999999181670429e-09
-3.100000000000000000e+04 -9.999999999181670429e-09
-3.090000000000000000e+04 0.000000000000000000e+00
-3.080000000000000000e+04 0.000000000000000000e+00
-3.070000000000000000e+04 0.000000000000000000e+00
-3.060000000000000000e+04 1.000000000140428488e-08
-3.050000000000000000e+04 -1.000000000140428488e-08
-3.040000000000000000e+04 0.000000000000000000e+00
-3.030000000000000000e+04 0.000000000000000000e+00
-3.020000000000000000e+04 0.000000000000000000e+00
-3.010000000000000000e+04 9.999999999181670429e-09
-3.000000000000000000e+04 -9.999999999181670429e-09
-2.990000000000000000e+04 0.000000000000000000e+00
-2.980000000000000000e+04 0.000000000000000000e+00
-2.970000000000000000e+04 0.000000000000000000e+00
-2.960000000000000000e+04 1.000000000140428488e-08
-2.950000000000000000e+04 -1.000000000140428488e-08
-2.940000000000000000e+04 0.000000000000000000e+00
-2.930000000000000000e+04 0.000000000000000000e+00
-2.920000000000000000e+04 0.000000000000000000e+00
-2.910000000000000000e+04 9.999999999181670429e-09
-2.900000000000000000e+04 -9.999999999181670429e-09
-2.890000000000000000e+04 0.000000000000000000e+00
-2.880000000000000000e+04 0.000000000000000000e+00
-2.870000000000000000e+04 0.000000000000000000e+00
-2.860000000000000000e+04 9.999999999181670429e-09
-2.850000000000000000e+04 -9.999999999181670429e-09
-2.840000000000000000e+04 0.000000000000000000e+00
-2.830000000000000000e+04 0.000000000000000000e+00
-2.820000000000000000e+04 0.000000000000000000e+00
-2.810000000000000000e+04 1.000000000140428488e-08
-2.800000000000000000e+04 -1.000000000140428488e-08
-2.790000000000000000e+04 0.000000000000000000e+00
-2.780000000000000000e+04 0.000000000000000000e+00
-2.770000000000000000e+04 0.000000000000000000e+00
-2.760000000000000000e+04 0.000000000000000000e+00
-2.750000000000000000e+04 0.000000000000000000e+00
-2.740000000000000000e+04 9.999999999181670429e-09
-2.730000000000000000e+04 -9.999999999181670429e-09
-2.720000000000000000e+04 0.000000000000000000e+00
-2.710000000000000000e+04 0.000000000000000000e+00
-2.700000000000000000e+04 0.000000000000000000e+00
-2.690000000000000000e+04 1.000000000140428488e-08
-2.680000000000000000e+04 -1.000000000140428488e-08
-2.670000000000000000e+04 0.000000000000000000e+00
-2.660000000000000000e+04 0.000000000000000000e+00
-2.650000000000000000e+04 0.000000000000000000e+00
-2.640000000000000000e+04 9.999999999181670429e-09
-2.630000000000000000e+04 -9.999999999181670429e-09
-2.620000000000000000e+04 0.000000000000000000e+00
-2.610000000000000000e+04 0.000000000000000000e+00
-2.600000000000000000e+04 0.000000000000000000e+00
-2.590000000000000000e+04 9.999999999181670429e-09
-2.580000000000000000e+04 -9.999999999181670429e-09
-2.570000000000000000e+04 0.000000000000000000e+00
-2.560000000000000000e+04 0.000000000000000000e+00
-2.550000000000000000e+04 0.000000000000000000e+00
-2.540000000000000000e+04 1.000000000140428488e-08
-2.530000000000000000e+04 -1.000000000140428488e-08
-2.520000000000000000e+04 0.000000000000000000e+00
-2.510000000000000000e+04 0.000000000000000000e+00
-2.500000000000000000e+04 0.000000000000000000e+00
-2.490000000000000000e+04 9.999999999181670429e-09
-2.480000000000000000e+04 -9.999999999181670429e-09
-2.470000000000000000e+04 0.000000000000000000e+00
-2.460000000000000000e+04 0.000000000000000000e+00
-2.450000000000000000e+04 0.000000000000000000e+00
-2.440000000000000000e+04 9.999999999181670429e-09
-2.430000000000000000e+04 -9.999999999181670429e-09
-2.420000000000000000e+04 0.000000000000000000e+00
-2.410000000000000000e+04 0.000000000000000000e+00
-2.400000000000000000e+04 0.000000000000000000e+00
-2.390000000000000000e+04 1.000000000140428488e-08
-2.380000000000000000e+04 -1.000000000140428488e-08
-2.370000000000000000e+04 0.000000000000000000e+00
-2.360000000000000000e+04 0.000000000000000000e+00
-2.350000000000000000e+04 0.000000000000000000e+00
-2.340000000000000000e+04 9.999999999181670429e-09
-2.330000000000000000e+04 -9.999999999181670429e-09
-2.320000000000000000e+04 0.000000000000000000e+00
-2.310000000000000000e+04 0.000000000000000000e+00
-2.300000000000000000e+04 0.000000000000000000e+00
-2.290000000000000000e+04 1.000000000140428488e-08
-2.280000000000000000e+04 -1.000000000140428488e-08
-2.270000000000000000e+04 0.000000000000000000e+00
-2.260000000000000000e+04 0.000000000000000000e+00
-2.250000000000000000e+04 0.000000000000000000e+00
-2.240000000000000000e+04 9.999999999181670429e-09
-2.230000000000000000e+04 -9.999999999181670429e-09
-2.220000000000000000e+04 0.000000000000000000e+00
-2.210000000000000000e+04 0.000000000000000000e+00
-2.200000000000000000e+04 0.000000000000000000e+00
-2.190000000000000000e+04 9.999999999181670429e-09
-2.180000000000000000e+04 -9.999999999181670429e-09
-2.170000000000000000e+04 0.000000000000000000e+00
-2.160000000000000000e+04 0.000000000000000000e+00
-2.150000000000000000e+04 0.000000000000000000e+00
-2.140000000000000000e+04 1.000000000140428488e-08
-2.130000000000000000e+04 -1.000000000140428488e-08
-2.120000000000000000e+04 0.000000000000000000e+00
-2.110000000000000000e+04 0.000000000000000000e+00
-2.100000000000000000e+04 0.000000000000000000e+00
-2.090000000000000000e+04 9.999999999181670429e-09
-2.080000000000000000e+04 -9.999999999181670429e-09
-2.070000000000000000e+04 9.999999999181670429e-09
-2.060000000000000000e+04 -9.999999999181670429e-09
-2.050000000000000000e+04 0.000000000000000000e+00
-2.040000000000000000e+04 9.999999999181670429e-09
-2.030000000000000000e+04 -9.999999999181670429e-09
-2.020000000000000000e+04 1.000000000140428488e-08
-2.010000000000000000e+04 -1.000000000140428488e-08
-2.000000000000000000e+04 0.000000000000000000e+00
-1.990000000000000000e+04 1.000000000140428488e-08
-1.980000000000000000e+04 -1.000000000140428488e-08
-1.970000000000000000e+04 9.999999999181670429e-09
-1.960000000000000000e+04 -9.999999999181670429e-09
-1.950000000000000000e+04 0.000000000000000000e+00
-1.940000000000000000e+04 0.000000000000000000e+00
-1.930000000000000000e+04 0.000000000000000000e+00
-1.920000000000000000e+04 1.000000000140428488e-08
-1.910000000000000000e+04 -1.000000000140428488e-08
-1.900000000000000000e+04 0.000000000000000000e+00
-1.890000000000000000e+04 0.000000000000000000e+00
-1.880000000000000000e+04 0.000000000000000000e+00
-1.870000000000000000e+04 1.000000000140428488e-08
-1.860000000000000000e+04 -1.000000000140428488e-08
-1.850000000000000000e+04 0.000000000000000000e+00
-1.840000000000000000e+04 0.000000000000000000e+00
-1.830000000000000000e+04 0.000000000000000000e+00
-1.820000000000000000e+04 1.000000000140428488e-08
-1.810000000000000000e+04 -1.000000000140428488e-08
-1.800000000000000000e+04 0.000000000000000000e+00
-1.790000000000000000e+04 0.000000000000000000e+00
-1.780000000000000000e+04 0.000000000000000000e+00
-1.770000000000000000e+04 9.999999996959055976e-09
-1.760000000000000000e+04 -9.999999996959055976e-09
-1.750000000000000000e+04 0.000000000000000000e+00
-1.740000000000000000e+04 0.000000000000000000e+00
-1.730000000000000000e+04 0.000000000000000000e+00
-1.720000000000000000e+04 9.999999996959055976e-09
-1.710000000000000000e+04 -9.999999996959055976e-09
-1.700000000000000000e+04 0.000000000000000000e+00
-1.690000000000000000e+04 0.000000000000000000e+00
-1.680000000000000000e+04 0.000000000000000000e+00
-1.670000000000000000e+04 1.000000000139073236e-08
-1.660000000000000000e+04 -1.000000000140428488e-08
-1.650000000000000000e+04 0.000000000000000000e+00
-1.640000000000000000e+04 0.000000000000000000e+00
-1.630000000000000000e+04 0.000000000000000000e+00
-1.620000000000000000e+04 1.000000000140428488e-08
-1.610000000000000000e+04 -1.000000000140428488e-08
-1.600000000000000000e+04 0.000000000000000000e+00
-1.590000000000000000e+04 0.000000000000000000e+00
-1.580000000000000000e+04 0.000000000000000000e+00
-1.570000000000000000e+04 1.000000000140428488e-08
-1.560000000000000000e+04 -1.000000000140428488e-08
-1.550000000000000000e+04 0.000000000000000000e+00
-1.540000000000000000e+04 0.000000000000000000e+00
-1.530000000000000000e+04 0.000000000000000000e+00
-1.520000000000000000e+04 1.000000000140428488e-08
-1.510000000000000000e+04 -1.000000000139073236e-08
-1.500000000000000000e+04 0.000000000000000000e+00
-1.490000000000000000e+04 0.000000000000000000e+00
-1.480000000000000000e+04 0.000000000000000000e+00
-1.470000000000000000e+04 9.999999996959055976e-09
-1.460000000000000000e+04 -9.999999996959055976e-09
-1.450000000000000000e+04 1.000000000140428488e-08
-1.440000000000000000e+04 -1.000000000140428488e-08
-1.430000000000000000e+04 0.000000000000000000e+00
-1.420000000000000000e+04 1.000000000139073236e-08
-1.410000000000000000e+04 -1.000000000140428488e-08
-1.400000000000000000e+04 1.000000000140428488e-08
-1.390000000000000000e+04 -1.000000000140428488e-08
-1.380000000000000000e+04 0.000000000000000000e+00
-1.370000000000000000e+04 1.000000000140428488e-08
-1.360000000000000000e+04 -1.000000000140428488e-08
-1.350000000000000000e+04 9.999999996959055976e-09
-1.340000000000000000e+04 -9.999999996959055976e-09
-1.330000000000000000e+04 0.000000000000000000e+00
-1.320000000000000000e+04 1.000000000140428488e-08
-1.310000000000000000e+04 -1.000000000140428488e-08
-1.300000000000000000e+04 9.999999996959055976e-09
-1.290000000000000000e+04 -9.999999996959055976e-09
-1.280000000000000000e+04 0.000000000000000000e+00
-1.270000000000000000e+04 1.000000000140428488e-08
-1.260000000000000000e+04 -1.000000000139073236e-08
-1.250000000000000000e+04 1.000000000140428488e-08
-1.240000000000000000e+04 -1.000000000140428488e-08
-1.230000000000000000e+04 0.000000000000000000e+00
-1.220000000000000000e+04 9.999999996959055976e-09
-1.210000000000000000e+04 -9.999999996959055976e-09
-1.200000000000000000e+04 1.000000000140428488e-08
-1.190000000000000000e+04 -1.000000000140428488e-08
-1.180000000000000000e+04 0.000000000000000000e+00
-1.170000000000000000e+04 9.999999996959055976e-09
-1.160000000000000000e+04 -9.999999996959055976e-09
-1.150000000000000000e+04 1.000000000140428488e-08
-1.140000000000000000e+04 -1.000000000140428488e-08
-1.130000000000000000e+04 0.000000000000000000e+00
-1.120000000000000000e+04 0.000000000000000000e+00
-1.110000000000000000e+04 0.000000000000000000e+00
-1.100000000000000000e+04 9.999999996959055976e-09
-1.090000000000000000e+04 -9.999999996959055976e-09
-1.080000000000000000e+04 0.000000000000000000e+00
-1.070000000000000000e+04 0.000000000000000000e+00
-1.060000000000000000e+04 0.000000000000000000e+00
-1.050000000000000000e+04 9.999999996959055976e-09
-1.040000000000000000e+04 -9.999999996959055976e-09
-1.030000000000000000e+04 0.000000000000000000e+00
-1.020000000000000000e+04 0.000000000000000000e+00
-1.010000000000000000e+04 0.000000000000000000e+00
-1.000000000000000000e+04 1.000000000139073236e-08
-9.900000000000000000e+03 -1.000000000140428488e-08
-9.800000000000000000e+03 0.000000000000000000e+00
-9.700000000000000000e+03 0.000000000000000000e+00
-9.600000000000000000e+03 0.000000000000000000e+00
-9.500000000000000000e+03 1.000000000140428488e-08
-9.400000000000000000e+03 -1.000000000140428488e-08
-9.300000000000000000e+03 0.000000000000000000e+00
-9.200000000000000000e+03 0.000000000000000000e+00
-9.100000000000000000e+03 0.000000000000000000e+00
-9.000000000000000000e+03 1.000000000140428488e-08
-8.900000000000000000e+03 -1.000000000140428488e-08
-8.800000000000000000e+03 0.000000000000000000e+00
-8.700000000000000000e+03 0.000000000000000000e+00
-8.600000000000000000e+03 0.000000000000000000e+00
-8.500000000000000000e+03 1.000000000140428488e-08
-8.400000000000000000e+03 -1.000000000139073236e-08
-8.300000000000000000e+03 1.000000000140428488e-08
-8.200000000000000000e+03 -1.000000000140428488e-08
-8.100000000000000000e+03 0.000000000000000000e+00
-8.000000000000000000e+03 9.999999996959055976e-09
-7.900000000000000000e+03 -9.999999996959055976e-09
-7.800000000000000000e+03 1.000000000140428488e-08
-7.700000000000000000e+03 -1.000000000140428488e-08
-7.600000000000000000e+03 0.000000000000000000e+00
-7.500000000000000000e+03 1.000000000139073236e-08
-7.400000000000000000e+03 -1.000000000140428488e-08
-7.300000000000000000e+03 1.000000000140428488e-08
-7.200000000000000000e+03 -1.000000000139073236e-08
-7.100000000000000000e+03 0.000000000000000000e+00
-7.000000000000000000e+03 1.000000000140428488e-08
-6.900000000000000000e+03 -1.000000000140428488e-08
-6.800000000000000000e+03 9.999999996959055976e-09
-6.700000000000000000e+03 -9.999999996959055976e-09
-6.600000000000000000e+03 0.000000000000000000e+00
-6.500000000000000000e+03 1.000000000140428488e-08
-6.400000000000000000e+03 -1.000000000140428488e-08
-6.300000000000000000e+03 9.999999996959055976e-09
-6.200000000000000000e+03 -9.999999996959055976e-09
-6.100000000000000000e+03 0.000000000000000000e+00
-6.000000000000000000e+03 1.000000000140428488e-08
-5.900000000000000000e+03 -1.000000000139073236e-08
-5.800000000000000000e+03 1.000000000140428488e-08
-5.700000000000000000e+03 -1.000000000140428488e-08
-5.600000000000000000e+03 0.000000000000000000e+00
-5.500000000000000000e+03 9.999999996959055976e-09
-5.400000000000000000e+03 -9.999999996959055976e-09
-5.300000000000000000e+03 1.000000000140428488e-08
-5.200000000000000000e+03 -1.000000000140428488e-08
-5.100000000000000000e+03 0.000000000000000000e+00
-5.000000000000000000e+03 9.999999996959055976e-09
-4.900000000000000000e+03 -9.999999996959055976e-09
-4.800000000000000000e+03 1.000000000140428488e-08
-4.700000000000000000e+03 -1.000000000140428488e-08
-4.600000000000000000e+03 0.000000000000000000e+00
-4.500000000000000000e+03 1.000000000140428488e-08
-4.400000000000000000e+03 -1.000000000140428488e-08
-4.300000000000000000e+03 9.999999996959055976e-09
-4.200000000000000000e+03 -9.999999996959055976e-09
-4.100000000000000000e+03 0.000000000000000000e+00
-4.000000000000000000e+03 1.000000000140428488e-08
-3.900000000000000000e+03 -1.000000000140428488e-08
-3.800000000000000000e+03 9.999999996959055976e-09
-3.700000000000000000e+03 -9.999999996959055976e-09
-3.600000000000000000e+03 0.000000000000000000e+00
-3.500000000000000000e+03 0.000000000000000000e+00
-3.400000000000000000e+03 0.000000000000000000e+00
-3.300000000000000000e+03 1.000000000139073236e-08
-3.200000000000000000e+03 -1.000000000140428488e-08
-3.100000000000000000e+03 0.000000000000000000e+00
-3.000000000000000000e+03 0.000000000000000000e+00
-2.900000000000000000e+03 0.000000000000000000e+00
-2.800000000000000000e+03 1.000000000140428488e-08
-2.700000000000000000e+03 -1.000000000140428488e-08
-2.600000000000000000e+03 0.000000000000000000e+00
-2.500000000000000000e+03 0.000000000000000000e+00
-2.400000000000000000e+03 0.000000000000000000e+00
-2.300000000000000000e+03 1.000000000140428488e-08
-2.200000000000000000e+03 -1.000000000140428488e-08
-2.100000000000000000e+03 0.000000000000000000e+00
-2.000000000000000000e+03 0.000000000000000000e+00
-1.900000000000000000e+03 0.000000000000000000e+00
-1.800000000000000000e+03 1.000000000140428488e-08
-1.700000000000000000e+03 -1.000000000139073236e-08
-1.600000000000000000e+03 1.000000000140428488e-08
-1.500000000000000000e+03 -1.000000000140428488e-08
-1.400000000000000000e+03 0.000000000000000000e+00
-1.300000000000000000e+03 9.999999996959055976e-09
-1.200000000000000000e+03 -9.999999996959055976e-09
-1.100000000000000000e+03 1.000000000140428488e-08
-1.000000000000000000e+03 -1.000000000140428488e-08
-9.000000000000000000e+02 0.000000000000000000e+00
-8.000000000000000000e+02 1.000000000139073236e-08
-7.000000000000000000e+02 -1.000000000140428488e-08
-6.000000000000000000e+02 1.000000000140428488e-08
-5.000000000000000000e+02 -1.000000000139073236e-08
-4.000000000000000000e+02 0.000000000000000000e+00
-3.000000000000000000e+02 1.000000000140428488e-08
-2.000000000000000000e+02 -1.000000000140428488e-08
-1.000000000000000000e+02 9.999999996959055976e-09
0.000000000000000000e+00 -9.999999996959055976e-09
1.000000000000000000e+02 0.000000000000000000e+00
2.000000000000000000e+02 1.000000000140428488e-08
3.000000000000000000e+02 -1.000000000140428488e-08
4.000000000000000000e+02 9.999999996959055976e-09
5.000000000000000000e+02 -9.999999996959055976e-09
6.000000000000000000e+02 0.000000000000000000e+00
7.000000000000000000e+02 1.000000000140428488e-08
8.000000000000000000e+02 -1.000000000139073236e-08
9.000000000000000000e+02 1.000000000140428488e-08
1.000000000000000000e+03 -1.000000000140428488e-08
1.100000000000000000e+03 0.000000000000000000e+00
1.200000000000000000e+03 9.999999996959055976e-09
1.300000000000000000e+03 -9.999999996959055976e-09
1.400000000000000000e+03 1.000000000140428488e-08
1.500000000000000000e+03 -1.000000000140428488e-08
1.600000000000000000e+03 0.000000000000000000e+00
1.700000000000000000e+03 9.999999996959055976e-09
1.800000000000000000e+03 -9.999999996959055976e-09
1.900000000000000000e+03 1.000000000140428488e-08
2.000000000000000000e+03 -1.000000000140428488e-08
2.100000000000000000e+03 0.000000000000000000e+00
2.200000000000000000e+03 1.000000000140428488e-08
2.300000000000000000e+03 -1.000000000140428488e-08
2.400000000000000000e+03 9.999999996959055976e-09
2.500000000000000000e+03 -9.999999996959055976e-09
2.600000000000000000e+03 0.000000000000000000e+00
2.700000000000000000e+03 1.000000000140428488e-08
2.800000000000000000e+03 -1.000000000140428488e-08
2.900000000000000000e+03 9.999999996959055976e-09
3.000000000000000000e+03 -9.999999996959055976e-09
3.100000000000000000e+03 0.000000000000000000e+00
3.200000000000000000e+03 1.000000000140428488e-08
3.300000000000000000e+03 -1.000000000140428488e-08
3.400000000000000000e+03 1.000000000139073236e-08
3.500000000000000000e+03 -1.000000000140428488e-08
3.600000000000000000e+03 0.000000000000000000e+00
3.700000000000000000e+03 9.999999996959055976e-09
3.800000000000000000e+03 -9.999999996959055976e-09
3.900000000000000000e+03 1.000000000140428488e-08
4.000000000000000000e+03 -1.000000000140428488e-08
4.100000000000000000e+03 0.000000000000000000e+00
4.200000000000000000e+03 0.000000000000000000e+00
4.300000000000000000e+03 0.000000000000000000e+00
4.400000000000000000e+03 1.000000000140428488e-08
4.500000000000000000e+03 -1.000000000140428488e-08
4.600000000000000000e+03 1.000000000139073236e-08
4.700000000000000000e+03 -1.000000000140428488e-08
4.800000000000000000e+03 0.000000000000000000e+00
4.900000000000000000e+03 1.000000000140428488e-08
5.000000000000000000e+03 -1.000000000139073236e-08
5.100000000000000000e+03 1.000000000140428488e-08
5.200000000000000000e+03 -1.000000000140428488e-08
5.300000000000000000e+03 0.000000000000000000e+00
5.400000000000000000e+03 9.999999996959055976e-09
5.500000000000000000e+03 -9.999999996959055976e-09
5.600000000000000000e+03 1.000000000140428488e-08
5.700000000000000000e+03 -1.000000000140428488e-08
5.800000000000000000e+03 0.000000000000000000e+00
5.900000000000000000e+03 1.000000000139073236e-08
6.000000000000000000e+03 -1.000000000140428488e-08
6.100000000000000000e+03 1.000000000140428488e-08
6.200000000000000000e+03 -1.000000000139073236e-08
6.300000000000000000e+03 0.000000000000000000e+00
6.400000000000000000e+03 1.000000000140428488e-08
6.500000000000000000e+03 -1.000000000140428488e-08
6.600000000000000000e+03 9.999999996959055976e-09
6.700000000000000000e+03 -9.999999996959055976e-09
6.800000000000000000e+03 0.000000000000000000e+00
6.900000000000000000e+03 1.000000000140428488e-08
7.000000000000000000e+03 -1.000000000140428488e-08
7.100000000000000000e+03 9.999999996959055976e-09
7.200000000000000000e+03 -9.999999996959055976e-09
7.300000000000000000e+03 0.000000000000000000e+00
7.400000000000000000e+03 1.000000000140428488e-08
7.500000000000000000e+03 -1.000000000139073236e-08
7.600000000000000000e+03 1.000000000140428488e-08
7.700000000000000000e+03 -1.000000000140428488e-08
7.800000000000000000e+03 0.000000000000000000e+00
7.900000000000000000e+03 9.999999996959055976e-09
8.000000000000000000e+03 -9.999999996959055976e-09
8.100000000000000000e+03 1.000000000140428488e-08
8.200000000000000000e+03 -1.000000000140428488e-08
8.300000000000000000e+03 0.000000000000000000e+00
8.400000000000000000e+03 9.999999996959055976e-09
8.500000000000000000e+03 -9.999999996959055976e-09
8.600000000000000000e+03 1.000000000140428488e-08
8.700000000000000000e+03 -1.000000000140428488e-08
8.800000000000000000e+03 0.000000000000000000e+00
8.900000000000000000e+03 1.000000000140428488e-08
9.000000000000000000e+03 -1.000000000140428488e-08
9.100000000000000000e+03 9.999999996959055976e-09
9.200000000000000000e+03 -9.999999996959055976e-09
9.300000000000000000e+03 0.000000000000000000e+00
9.400000000000000000e+03 1.000000000140428488e-08
9.500000000000000000e+03 -1.000000000140428488e-08
9.600000000000000000e+03 9.999999996959055976e-09
9.700000000000000000e+03 -9.999999996959055976e-09
9.800000000000000000e+03 0.000000000000000000e+00
9.900000000000000000e+03 1.000000000140428488e-08
1.000000000000000000e+04 -1.000000000140428488e-08
1.010000000000000000e+04 1.000000000139073236e-08
1.020000000000000000e+04 -1.000000000140428488e-08
1.030000000000000000e+04 0.000000000000000000e+00
1.040000000000000000e+04 9.999999996959055976e-09
1.050000000000000000e+04 -9.999999996959055976e-09
1.060000000000000000e+04 1.000000000140428488e-08
1.070000000000000000e+04 -1.000000000140428488e-08
1.080000000000000000e+04 0.000000000000000000e+00
1.090000000000000000e+04 9.999999996959055976e-09
1.100000000000000000e+04 -9.999999996959055976e-09
1.110000000000000000e+04 1.000000000140428488e-08
1.120000000000000000e+04 -1.000000000140428488e-08
1.130000000000000000e+04 1.000000000139073236e-08
1.140000000000000000e+04 -1.000000000140428488e-08
1.150000000000000000e+04 0.000000000000000000e+00
1.160000000000000000e+04 1.000000000140428488e-08
1.170000000000000000e+04 -1.000000000140428488e-08
1.180000000000000000e+04 1.000000000140428488e-08
1.190000000000000000e+04 -1.000000000140428488e-08
1.200000000000000000e+04 0.000000000000000000e+00
1.210000000000000000e+04 1.000000000140428488e-08
1.220000000000000000e+04 -1.000000000140428488e-08
1.230000000000000000e+04 9.999999992513827068e-09
1.240000000000000000e+04 -9.999999992513827068e-09
1.250000000000000000e+04 0.000000000000000000e+00
1.260000000000000000e+04 1.000000000140428488e-08
1.270000000000000000e+04 -1.000000000140428488e-08
1.280000000000000000e+04 1.000000000140428488e-08
1.290000000000000000e+04 -1.000000000140428488e-08
1.300000000000000000e+04 0.000000000000000000e+00
1.310000000000000000e+04 9.999999992513827068e-09
1.320000000000000000e+04 -9.999999992513827068e-09
1.330000000000000000e+04 1.000000000140428488e-08
1.340000000000000000e+04 -1.000000000140428488e-08
1.350000000000000000e+04 0.000000000000000000e+00
1.360000000000000000e+04 1.000000000140428488e-08
1.370000000000000000e+04 -1.000000000140428488e-08
1.380000000000000000e+04 1.000000000140428488e-08
1.390000000000000000e+04 -1.000000000140428488e-08
1.400000000000000000e+04 0.000000000000000000e+00
1.410000000000000000e+04 1.000000000139073236e-08
1.420000000000000000e+04 -1.000000000140428488e-08
1.430000000000000000e+04 1.000000000140428488e-08
1.440000000000000000e+04 -1.000000000140428488e-08
1.450000000000000000e+04 0.000000000000000000e+00
1.460000000000000000e+04 1.000000000140428488e-08
1.470000000000000000e+04 -1.000000000140428488e-08
1.480000000000000000e+04 9.999999992513827068e-09
1.490000000000000000e+04 -9.999999992513827068e-09
1.500000000000000000e+04 0.000000000000000000e+00
1.510000000000000000e+04 1.000000000140428488e-08
1.520000000000000000e+04 -1.000000000140428488e-08
1.530000000000000000e+04 1.000000000140428488e-08
1.540000000000000000e+04 -1.000000000140428488e-08
1.550000000000000000e+04 0.000000000000000000e+00
1.560000000000000000e+04 1.000000000140428488e-08
1.570000000000000000e+04 -1.000000000139073236e-08
1.580000000000000000e+04 1.000000000140428488e-08
1.590000000000000000e+04 -1.000000000140428488e-08
1.600000000000000000e+04 0.000000000000000000e+00
1.610000000000000000e+04 1.000000000140428488e-08
1.620000000000000000e+04 -1.000000000140428488e-08
1.630000000000000000e+04 1.000000000140428488e-08
1.640000000000000000e+04 -1.000000000140428488e-08
1.650000000000000000e+04 0.000000000000000000e+00
1.660000000000000000e+04 1.000000000139073236e-08
1.670000000000000000e+04 -1.000000000140428488e-08
1.680000000000000000e+04 1.000000000140428488e-08
1.690000000000000000e+04 -1.000000000140428488e-08
1.700000000000000000e+04 0.000000000000000000e+00
1.710000000000000000e+04 1.000000000140428488e-08
1.720000000000000000e+04 -1.000000000140428488e-08
1.730000000000000000e+04 9.999999992513827068e-09
1.740000000000000000e+04 -9.999999992513827068e-09
1.750000000000000000e+04 1.000000000140428488e-08
1.760000000000000000e+04 0.000000000000000000e+00
1.770000000000000000e+04 -1.000000000140428488e-08
1.780000000000000000e+04 1.000000000140428488e-08
1.790000000000000000e+04 -1.000000000140428488e-08
1.800000000000000000e+04 1.000000000140428488e-08
1.810000000000000000e+04 0.000000000000000000e+00
1.820000000000000000e+04 -1.000000000139073236e-08
1.830000000000000000e+04 1.000000000140428488e-08
1.840000000000000000e+04 -1.000000000140428488e-08
1.850000000000000000e+04 1.000000000140428488e-08
1.860000000000000000e+04 -1.000000000140428488e-08
1.870000000000000000e+04 0.000000000000000000e+00
1.880000000000000000e+04 1.000000000140428488e-08
1.890000000000000000e+04 -1.000000000140428488e-08
1.900000000000000000e+04 9.999999992513827068e-09
1.910000000000000000e+04 -9.999999992513827068e-09
1.920000000000000000e+04 0.000000000000000000e+00
1.930000000000000000e+04 1.000000000140428488e-08
1.940000000000000000e+04 -1.000000000140428488e-08
1.950000000000000000e+04 1.000000000140428488e-08
1.960000000000000000e+04 -1.000000000140428488e-08
1.970000000000000000e+04 0.000000000000000000e+00
1.980000000000000000e+04 9.999999992513827068e-09
1.990000000000000000e+04 -9.999999992513827068e-09
2.000000000000000000e+04 1.000000000140428488e-08
2.010000000000000000e+04 -1.000000000140428488e-08
2.020000000000000000e+04 0.000000000000000000e+00
2.030000000000000000e+04 1.000000000140428488e-08
2.040000000000000000e+04 -1.000000000140428488e-08
2.050000000000000000e+04 1.000000000140428488e-08
2.060000000000000000e+04 -1.000000000140428488e-08
2.070000000000000000e+04 0.000000000000000000e+00
2.080000000000000000e+04 1.000000000140428488e-08
2.090000000000000000e+04 -1.000000000140428488e-08
2.100000000000000000e+04 1.000000000140428488e-08
2.110000000000000000e+04 -1.000000000140428488e-08
2.120000000000000000e+04 0.000000000000000000e+00
2.130000000000000000e+04 1.000000000140428488e-08
2.140000000000000000e+04 -1.000000000140428488e-08
2.150000000000000000e+04 9.999999992513827068e-09
2.160000000000000000e+04 -9.999999992513827068e-09
2.170000000000000000e+04 0.000000000000000000e+00
2.180000000000000000e+04 1.000000000140428488e-08
2.190000000000000000e+04 -1.000000000140428488e-08
2.200000000000000000e+04 1.000000000140428488e-08
2.210000000000000000e+04 -1.000000000140428488e-08
2.220000000000000000e+04 0.000000000000000000e+00
2.230000000000000000e+04 1.000000000140428488e-08
2.240000000000000000e+04 -1.000000000139073236e-08
2.250000000000000000e+04 1.000000000140428488e-08
2.260000000000000000e+04 -1.000000000140428488e-08
2.270000000000000000e+04 0.000000000000000000e+00
2.280000000000000000e+04 1.000000000140428488e-08
2.290000000000000000e+04 -1.000000000140428488e-08
2.300000000000000000e+04 1.000000000140428488e-08
2.310000000000000000e+04 -1.000000000140428488e-08
2.320000000000000000e+04 0.000000000000000000e+00
2.330000000000000000e+04 1.000000000139073236e-08
2.340000000000000000e+04 -1.000000000140428488e-08
2.350000000000000000e+04 1.000000000140428488e-08
2.360000000000000000e+04 -1.000000000140428488e-08
2.370000000000000000e+04 0.000000000000000000e+00
2.380000000000000000e+04 1.000000000140428488e-08
2.390000000000000000e+04 -1.000000000140428488e-08
2.400000000000000000e+04 9.999999992513827068e-09
2.410000000000000000e+04 -9.999999992513827068e-09
2.420000000000000000e+04 1.000000000140428488e-08
2.430000000000000000e+04 0.000000000000000000e+00
2.440000000000000000e+04 -1.000000000140428488e-08
2.450000000000000000e+04 1.000000000140428488e-08
2.460000000000000000e+04 -1.000000000140428488e-08
2.470000000000000000e+04 1.000000000140428488e-08
2.480000000000000000e+04 0.000000000000000000e+00
2.490000000000000000e+04 -1.000000000139073236e-08
2.500000000000000000e+04 1.000000000140428488e-08
2.510000000000000000e+04 -1.000000000140428488e-08
2.520000000000000000e+04 1.000000000140428488e-08
2.530000000000000000e+04 0.000000000000000000e+00
2.540000000000000000e+04 -1.000000000140428488e-08
2.550000000000000000e+04 1.000000000140428488e-08
2.560000000000000000e+04 -1.000000000140428488e-08
2.570000000000000000e+04 9.999999992513827068e-09
2.580000000000000000e+04 -9.999999992513827068e-09
2.590000000000000000e+04 0.000000000000000000e+00
2.600000000000000000e+04 1.000000000140428488e-08
2.610000000000000000e+04 -1.000000000140428488e-08
2.620000000000000000e+04 1.000000000140428488e-08
2.630000000000000000e+04 -1.000000000140428488e-08
2.640000000000000000e+04 0.000000000000000000e+00
2.650000000000000000e+04 9.999999992513827068e-09
2.660000000000000000e+04 -9.999999992513827068e-09
2.670000000000000000e+04 1.000000000140428488e-08
2.680000000000000000e+04 -1.000000000140428488e-08
2.690000000000000000e+04 0.000000000000000000e+00
2.700000000000000000e+04 1.000000000140428488e-08
2.710000000000000000e+04 -1.000000000140428488e-08
2.720000000000000000e+04 1.000000000140428488e-08
2.730000000000000000e+04 -1.000000000140428488e-08
2.740000000000000000e+04 0.000000000000000000e+00
2.750000000000000000e+04 1.000000000140428488e-08
2.760000000000000000e+04 -1.000000000140428488e-08
2.770000000000000000e+04 1.000000000140428488e-08
2.780000000000000000e+04 -1.000000000140428488e-08
2.790000000000000000e+04 0.000000000000000000e+00
2.800000000000000000e+04 1.000000000140428488e-08
2.810000000000000000e+04 -1.000000000140428488e-08
2.820000000000000000e+04 9.999999992513827068e-09
2.830000000000000000e+04 -9.999999992513827068e-09
2.840000000000000000e+04 0.000000000000000000e+00
2.850000000000000000e+04 1.000000000140428488e-08
2.860000000000000000e+04 -1.000000000140428488e-08
2.870000000000000000e+04 1.000000000140428488e-08
2.880000000000000000e+04 -1.000000000140428488e-08
2.890000000000000000e+04 0.000000000000000000e+00
2.900000000000000000e+04 1.000000000140428488e-08
2.910000000000000000e+04 -1.000000000139073236e-08
2.920000000000000000e+04 1.000000000140428488e-08
2.930000000000000000e+04 -1.000000000140428488e-08
2.940000000000000000e+04 0.000000000000000000e+00
2.950000000000000000e+04 1.000000000140428488e-08
2.960000000000000000e+04 -1.000000000140428488e-08
2.970000000000000000e+04 1.000000000140428488e-08
2.980000000000000000e+04 -1.000000000140428488e-08
2.990000000000000000e+04 0.000000000000000000e+00
3.000000000000000000e+04 1.000000000139073236e-08
3.010000000000000000e+04 -1.000000000140428488e-08
3.020000000000000000e+04 1.000000000140428488e-08
3.030000000000000000e+04 -1.000000000140428488e-08
3.040000000000000000e+04 1.000000000140428488e-08
3.050000000000000000e+04 0.000000000000000000e+00
3.060000000000000000e+04 -1.000000000140428488e-08
3.070000000000000000e+04 9.999999992513827068e-09
3.080000000000000000e+04 -9.999999992513827068e-09
3.090000000000000000e+04 1.000000000140428488e-08
3.100000000000000000e+04 0.000000000000000000e+00
3.110000000000000000e+04 -1.000000000140428488e-08
3.120000000000000000e+04 1.000000000140428488e-08
3.130000000000000000e+04 -1.000000000140428488e-08
3.140000000000000000e+04 1.000000000140428488e-08
3.150000000000000000e+04 0.000000000000000000e+00
3.160000000000000000e+04 -1.000000000139073236e-08
3.170000000000000000e+04 1.000000000140428488e-08
3.180000000000000000e+04 -1.000000000140428488e-08
3.190000000000000000e+04 1.000000000140428488e-08
3.200000000000000000e+04 0.000000000000000000e+00
3.210000000000000000e+04 -1.000000000140428488e-08
3.220000000000000000e+04 1.000000000140428488e-08
3.230000000000000000e+04 -1.000000000140428488e-08
3.240000000000000000e+04 9.999999992513827068e-09
3.250000000000000000e+04 -9.999999992513827068e-09
3.260000000000000000e+04 0.000000000000000000e+00
3.270000000000000000e+04 1.000000000140428488e-08
3.280000000000000000e+04 -1.000000000140428488e-08
3.290000000000000000e+04 1.000000000140428488e-08
3.300000000000000000e+04 -1.000000000140428488e-08
3.310000000000000000e+04 0.000000000000000000e+00
3.320000000000000000e+04 9.999999992513827068e-09
3.330000000000000000e+04 -9.999999992513827068e-09
3.340000000000000000e+04 1.000000000140428488e-08
3.350000000000000000e+04 -1.000000000140428488e-08
3.360000000000000000e+04 0.000000000000000000e+00
3.370000000000000000e+04 1.000000000140428488e-08
3.380000000000000000e+04 -1.000000000140428488e-08
3.390000000000000000e+04 1.000000000140428488e-08
3.400000000000000000e+04 -1.000000000140428488e-08
3.410000000000000000e+04 0.000000000000000000e+00
3.420000000000000000e+04 1.000000000140428488e-08
3.430000000000000000e+04 -1.000000000140428488e-08
3.440000000000000000e+04 1.000000000140428488e-08
3.450000000000000000e+04 -1.000000000140428488e-08
3.460000000000000000e+04 0.000000000000000000e+00
3.470000000000000000e+04 1.000000000140428488e-08
3.480000000000000000e+04 -1.000000000140428488e-08
3.490000000000000000e+04 9.999999992513827068e-09
3.500000000000000000e+04 -9.999999992513827068e-09
3.510000000000000000e+04 0.000000000000000000e+00
3.520000000000000000e+04 1.000000000140428488e-08
3.530000000000000000e+04 -1.000000000140428488e-08
3.540000000000000000e+04 1.000000000140428488e-08
3.550000000000000000e+04 -1.000000000140428488e-08
3.560000000000000000e+04 0.000000000000000000e+00
3.570000000000000000e+04 9.999999992513827068e-09
3.580000000000000000e+04 -9.999999992513827068e-09
3.590000000000000000e+04 1.000000000140428488e-08
3.600000000000000000e+04 -1.000000000140428488e-08
3.610000000000000000e+04 0.000000000000000000e+00
3.620000000000000000e+04 1.000000000140428488e-08
3.630000000000000000e+04 -1.000000000140428488e-08
3.640000000000000000e+04 1.000000000140428488e-08
3.650000000000000000e+04 0.000000000000000000e+00
3.660000000000000000e+04 0.000000000000000000e+00
3.670000000000000000e+04 0.000000000000000000e+00
3.680000000000000000e+04 0.000000000000000000e+00
3.690000000000000000e+04 1.999999999391811195e-08
3.700000000000000000e+04 8.876905287225067553e-18
3.710000000000000000e+04 0.000000000000000000e+00
3.720000000000000000e+04 0.000000000000000000e+00
3.730000000000000000e+04 0.000000000000000000e+00
3.740000000000000000e+04 -8.890457814381136359e-18
3.750000000000000000e+04 -1.000000000140428488e-08
3.760000000000000000e+04 8.890457814381136359e-18
3.770000000000000000e+04 -2.000000000279501724e-08
3.780000000000000000e+04 -3.000000000419930212e-08
3.790000000000000000e+04 -1.999999999390455942e-08
3.800000000000000000e+04 -3.999999999671312919e-08
3.810000000000000000e+04 -4.000000000559003448e-08
3.820000000000000000e+04 -5.999999999950814643e-08
3.830000000000000000e+04 -7.000000000089887878e-08
3.840000000000000000e+04 -7.000000000089887878e-08
3.850000000000000000e+04 -9.999999999622127562e-08
3.860000000000000000e+04 -1.099999999976120080e-07
3.870000000000000000e+04 -1.300000000004070252e-07
3.880000000000000000e+04 -1.500000000032020425e-07
3.890000000000000000e+04 -1.699999999971201544e-07
3.900000000000000000e+04 -1.899999999999151716e-07
3.910000000000000000e+04 -2.100000000116006467e-07
3.920000000000000000e+04 -2.499999999994233181e-07
3.930000000000000000e+04 -2.799999999947321624e-07
3.940000000000000000e+04 -2.899999999961228947e-07
3.950000000000000000e+04 -3.400000000031172141e-07
3.960000000000000000e+04 -3.699999999984260584e-07
3.970000000000000000e+04 -4.099999999951391876e-07
3.980000000000000000e+04 -4.399999999993384897e-07
3.990000000000000000e+04 -4.800000000138054295e-07
4.000000000000000000e+04 -5.399999999955462128e-07
4.010000000000000000e+04 -5.699999999997319624e-07
4.020000000000000000e+04 -6.299999999992401088e-07
4.030000000000000000e+04 -6.799999999973575229e-07
4.040000000000000000e+04 -7.200000000029340048e-07
4.050000000000000000e+04 -7.899999999949695309e-07
4.060000000000000000e+04 -8.400000000019502977e-07
4.070000000000000000e+04 -9.099999999939722712e-07
4.080000000000000000e+04 -9.800000000126385131e-07
4.090000000000000000e+04 -1.039999999994379296e-06
4.100000000000000000e+04 -1.120000000005559365e-06
4.110000000000000000e+04 -1.189999999997581339e-06
4.120000000000000000e+04 -1.279999999992398330e-06
4.130000000000000000e+04 -1.360000000003578399e-06
4.140000000000000000e+04 -1.439999999996991104e-06
4.150000000000000000e+04 -1.530000000000698553e-06
4.160000000000000000e+04 -1.610000000003001717e-06
4.170000000000000000e+04 -1.709999999999209440e-06
4.180000000000000000e+04 -1.800000000002916888e-06
4.190000000000000000e+04 -1.879999999996329594e-06
4.200000000000000000e+04 -1.970000000000037043e-06
4.210000000000000000e+04 -2.060000000003717386e-06
4.220000000000000000e+04 -2.159999999991061756e-06
4.230000000000000000e+04 -2.240000000002241825e-06
4.240000000000000000e+04 -2.330000000005949274e-06
4.250000000000000000e+04 -2.420000000000752712e-06
4.260000000000000000e+04 -2.509999999995569703e-06
4.270000000000000000e+04 -2.590000000006763324e-06
4.280000000000000000e+04 -2.689999999994094142e-06
4.290000000000000000e+04 -2.750000000002465641e-06
4.300000000000000000e+04 -2.849999999998686917e-06
4.310000000000000000e+04 -2.919999999999585796e-06
4.320000000000000000e+04 -2.999999999993012054e-06
4.330000000000000000e+04 -3.070000000011678296e-06
4.340000000000000000e+04 -3.149999999996214097e-06
4.350000000000000000e+04 -3.220000000006003433e-06
4.360000000000000000e+04 -3.269999999995216837e-06
4.370000000000000000e+04 -3.349999999997520001e-06
4.380000000000000000e+04 -3.399999999995623862e-06
4.390000000000000000e+04 -3.460000000004022466e-06
4.400000000000000000e+04 -3.519999999994640155e-06
4.410000000000000000e+04 -3.550000000007716362e-06
4.420000000000000000e+04 -3.600000000005820224e-06
4.430000000000000000e+04 -3.639999999993642895e-06
4.440000000000000000e+04 -3.679999999999246482e-06
4.450000000000000000e+04 -3.710000000003432232e-06
4.460000000000000000e+04 -3.719999999995946059e-06
4.470000000000000000e+04 -3.750000000000145361e-06
4.480000000000000000e+04 -3.750000000000145361e-06
4.490000000000000000e+04 -3.779999999995454205e-06
4.500000000000000000e+04 -3.770000000011817284e-06
4.510000000000000000e+04 -3.759999999992659188e-06
4.520000000000000000e+04 -3.760000000001549646e-06
4.530000000000000000e+04 -3.729999999997350344e-06
4.540000000000000000e+04 -3.720000000004836517e-06
4.550000000000000000e+04 -3.669999999997842197e-06
4.560000000000000000e+04 -3.619999999999738336e-06
4.570000000000000000e+04 -3.569999999992744017e-06
4.580000000000000000e+04 -3.510000000011016786e-06
4.590000000000000000e+04 -3.440000000001227449e-06
4.600000000000000000e+04 -3.379999999992842397e-06
4.610000000000000000e+04 -3.289999999998011854e-06
4.620000000000000000e+04 -3.210000000004599148e-06
4.630000000000000000e+04 -3.120000000000891700e-06
4.640000000000000000e+04 -3.029999999997211356e-06
4.650000000000000000e+04 -2.939999999993503908e-06
4.660000000000000000e+04 -2.830000000013659263e-06
4.670000000000000000e+04 -2.740000000001074909e-06
4.680000000000000000e+04 -2.629999999994572443e-06
4.690000000000000000e+04 -2.519999999996973988e-06
4.700000000000000000e+04 -2.420000000000752712e-06
4.710000000000000000e+04 -2.300000000001736419e-06
4.720000000000000000e+04 -2.189999999995261059e-06
4.730000000000000000e+04 -2.069999999996244766e-06
4.740000000000000000e+04 -1.959999999998632758e-06
4.750000000000000000e+04 -1.840000000008506923e-06
4.760000000000000000e+04 -1.720000000000613725e-06
4.770000000000000000e+04 -1.610000000003001717e-06
4.780000000000000000e+04 -1.479999999993704234e-06
4.790000000000000000e+04 -1.379999999997496511e-06
4.800000000000000000e+04 -1.269999999999884503e-06
4.810000000000000000e+04 -1.139999999999477477e-06
4.820000000000000000e+04 -1.040000000003269754e-06
4.830000000000000000e+04 -9.200000000042534614e-07
4.840000000000000000e+04 -8.300000000005595653e-07
4.850000000000000000e+04 -7.300000000043382897e-07
4.860000000000000000e+04 -6.199999999978358239e-07
4.870000000000000000e+04 -5.299999999941554804e-07
4.880000000000000000e+04 -4.299999999979342048e-07
4.890000000000000000e+04 -3.599999999970353260e-07
4.900000000000000000e+04 -2.700000000022183353e-07
4.910000000000000000e+04 -2.000000000101963618e-07
4.920000000000000000e+04 -1.400000000018113101e-07
4.930000000000000000e+04 -6.999999999202197350e-08
4.940000000000000000e+04 -4.000000000559003448e-08
4.950000000000000000e+04 8.890457814381136359e-18
4.960000000000000000e+04 1.999999999390455942e-08
4.970000000000000000e+04 1.000000000139073236e-08
4.980000000000000000e+04 2.000000000279501724e-08
4.990000000000000000e+04 -1.000000000140428488e-08
5.000000000000000000e+04 0.000000000000000000e+00
