4.900000000000000000e+04 1.589393000000000056e-01 -2.197473000000000135e-03
4.910000000000000000e+04 1.592609000000000108e-01 -2.179631000000000016e-03
4.770000000000000000e+04 1.547823000000000115e-01 -2.295882999999999865e-03
4.780000000000000000e+04 1.551010999999999918e-01 -2.298791000000000116e-03
4.640000000000000000e+04 1.506336000000000064e-01 -2.083282000000000102e-03
4.650000000000000000e+04 1.509537999999999991e-01 -2.110178999999999788e-03
4.510000000000000000e+04 1.464435000000000042e-01 -1.632184999999999973e-03
4.520000000000000000e+04 1.467681000000000124e-01 -1.670713000000000103e-03
4.380000000000000000e+04 1.421919000000000100e-01 -1.162990999999999938e-03
4.390000000000000000e+04 1.425210000000000088e-01 -1.194196999999999924e-03
4.250000000000000000e+04 1.378973000000000004e-01 -8.951144999999999761e-04
4.260000000000000000e+04 1.382282999999999984e-01 -9.055190000000000287e-04
4.120000000000000000e+04 1.336007999999999918e-01 -9.196503000000000403e-04
4.130000000000000000e+04 1.339303000000000021e-01 -9.082883999999999619e-04
3.990000000000000000e+04 1.293436000000000030e-01 -1.155964999999999901e-03
4.000000000000000000e+04 1.296689000000000036e-01 -1.134643000000000066e-03
3.860000000000000000e+04 1.251443999999999890e-01 -1.395318999999999900e-03
3.870000000000000000e+04 1.254655000000000076e-01 -1.382149000000000051e-03
3.730000000000000000e+04 1.209847000000000006e-01 -1.425105000000000078e-03
3.740000000000000000e+04 1.213043000000000038e-01 -1.432990999999999996e-03
3.600000000000000000e+04 1.168167999999999984e-01 -1.176378999999999966e-03
3.610000000000000000e+04 1.171389999999999931e-01 -1.203431000000000032e-03
3.460000000000000000e+04 1.122718999999999939e-01 -7.462051000000000361e-04
3.470000000000000000e+04 1.125990000000000046e-01 -7.766242999999999497e-04
3.330000000000000000e+04 1.079929000000000028e-01 -4.421552000000000251e-04
3.340000000000000000e+04 1.083236000000000060e-01 -4.573207999999999939e-04
3.200000000000000000e+04 1.036886000000000058e-01 -4.099185000000000090e-04
3.210000000000000000e+04 1.040195000000000008e-01 -4.013768000000000023e-04
3.060000000000000000e+04 9.907581000000000027e-02 -6.928191000000000427e-04
3.070000000000000000e+04 9.940335000000000143e-02 -6.648586000000000383e-04
2.930000000000000000e+04 9.485058999999999851e-02 -1.082791999999999956e-03
2.940000000000000000e+04 9.517319000000000473e-02 -1.054170000000000107e-03
2.800000000000000000e+04 9.068384999999999641e-02 -1.347593000000000011e-03
2.810000000000000000e+04 9.100289999999999768e-02 -1.336495000000000044e-03
2.660000000000000000e+04 8.621977000000000113e-02 -1.299755000000000094e-03
2.670000000000000000e+04 8.653932000000000291e-02 -1.315271000000000018e-03
2.520000000000000000e+04 8.171747000000000039e-02 -9.453734999999999569e-04
2.530000000000000000e+04 8.204145000000000187e-02 -9.760262000000000234e-04
2.390000000000000000e+04 7.747360000000000357e-02 -5.652364999999999473e-04
2.400000000000000000e+04 7.780215999999999521e-02 -5.903682999999999631e-04
2.250000000000000000e+04 7.285287999999999486e-02 -3.659458000000000090e-04
2.260000000000000000e+04 7.318370000000000430e-02 -3.693022000000000232e-04
2.110000000000000000e+04 6.822915000000000230e-02 -5.023634999999999819e-04
2.120000000000000000e+04 6.855822999999999778e-02 -4.825723999999999877e-04
1.980000000000000000e+04 6.397861999999999993e-02 -8.393969999999999730e-04
1.990000000000000000e+04 6.430334000000000050e-02 -8.110549999999999791e-04
1.840000000000000000e+04 5.946771000000000001e-02 -1.173163000000000070e-03
1.850000000000000000e+04 5.978784000000000182e-02 -1.156401999999999951e-03
1.700000000000000000e+04 5.499860000000000165e-02 -1.222488999999999998e-03
1.710000000000000000e+04 5.531777999999999695e-02 -1.231005999999999984e-03
1.560000000000000000e+04 5.050894999999999690e-02 -9.372528000000000196e-04
1.570000000000000000e+04 5.083171000000000217e-02 -9.653221000000000458e-04
1.420000000000000000e+04 4.595276000000000222e-02 -5.242575000000000403e-04
1.430000000000000000e+04 4.628068999999999933e-02 -5.514142999999999562e-04
1.270000000000000000e+04 4.100556000000000340e-02 -2.726701999999999902e-04
1.280000000000000000e+04 4.133647000000000016e-02 -2.782225999999999948e-04
1.130000000000000000e+04 3.637838999999999656e-02 -3.823413999999999914e-04
1.140000000000000000e+04 3.670782000000000211e-02 -3.639873999999999974e-04
9.900000000000000000e+03 3.179703999999999864e-02 -7.417661999999999997e-04
1.000000000000000000e+04 3.212185000000000040e-02 -7.129678999999999878e-04
8.500000000000000000e+03 2.728507000000000154e-02 -1.086607999999999975e-03
8.600000000000000000e+03 2.760525000000000131e-02 -1.068780000000000077e-03
7.000000000000000000e+03 2.249715000000000048e-02 -1.144299000000000097e-03
7.100000000000000000e+03 2.281634000000000093e-02 -1.153357000000000037e-03
5.600000000000000000e+03 1.800666999999999893e-02 -8.547388000000000164e-04
5.700000000000000000e+03 1.832951999999999845e-02 -8.828562999999999992e-04
4.100000000000000000e+03 1.312186000000000081e-02 -4.184182000000000049e-04
4.200000000000000000e+03 1.345010999999999950e-02 -4.443353999999999945e-04
2.600000000000000000e+03 8.172155000000000391e-03 -1.951171000000000025e-04
2.700000000000000000e+03 8.503070999999999199e-03 -1.984792999999999887e-04
1.100000000000000000e+03 3.217111999999999836e-03 -3.556955999999999898e-04
1.200000000000000000e+03 3.546099999999999947e-03 -3.341851999999999865e-04
-3.000000000000000000e+02 -1.355782000000000037e-03 -7.410029999999999525e-04
-2.000000000000000000e+02 -1.031678999999999973e-03 -7.116752000000000061e-04
-1.800000000000000000e+03 -6.178384999999999780e-03 -1.084413999999999908e-03
-1.700000000000000000e+03 -5.858907000000000004e-03 -1.070561999999999946e-03
-3.400000000000000000e+03 -1.128261000000000021e-02 -1.051150999999999952e-03
-3.300000000000000000e+03 -1.096289999999999938e-02 -1.066990999999999990e-03
-4.900000000000000000e+03 -1.611152000000000070e-02 -6.649730000000000181e-04
-4.800000000000000000e+03 -1.578695999999999919e-02 -6.956764999999999520e-04
-6.400000000000000000e+03 -2.102035999999999835e-02 -2.545593000000000074e-04
-6.300000000000000000e+03 -2.069087999999999830e-02 -2.753796000000000087e-04
-8.000000000000000000e+03 -2.630872999999999892e-02 -1.459319000000000046e-04
-7.900000000000000000e+03 -2.597814000000000026e-02 -1.395687000000000110e-04
-9.500000000000000000e+03 -3.124535000000000159e-02 -4.205651000000000029e-04
-9.400000000000000000e+03 -3.091835000000000069e-02 -3.945579999999999856e-04
-1.110000000000000000e+04 -3.643128000000000338e-02 -8.459767000000000415e-04
-1.100000000000000000e+04 -3.610992999999999842e-02 -8.234234999999999471e-04
-1.270000000000000000e+04 -4.154653999999999986e-02 -1.000227000000000017e-03
-1.260000000000000000e+04 -4.122747000000000217e-02 -1.003741000000000052e-03
-1.430000000000000000e+04 -4.667233999999999966e-02 -7.183940999999999461e-04
-1.420000000000000000e+04 -4.634980999999999823e-02 -7.455463000000000281e-04
-1.590000000000000000e+04 -5.187880000000000269e-02 -2.561810000000000194e-04
-1.580000000000000000e+04 -5.155065000000000341e-02 -2.820833000000000238e-04
-1.750000000000000000e+04 -5.715702999999999756e-02 -2.819506000000000106e-05
-1.740000000000000000e+04 -5.682626999999999817e-02 -3.017543999999999852e-05
-1.920000000000000000e+04 -6.276445999999999414e-02 -2.515171000000000182e-04
-1.910000000000000000e+04 -6.243652000000000230e-02 -2.274098000000000059e-04
-2.080000000000000000e+04 -6.796638000000000679e-02 -6.913127000000000464e-04
-2.070000000000000000e+04 -6.764420000000000155e-02 -6.654824999999999630e-04
-2.250000000000000000e+04 -7.340560000000000140e-02 -9.232565999999999993e-04
-2.240000000000000000e+04 -7.308684000000000014e-02 -9.233342000000000068e-04
-2.420000000000000000e+04 -7.884199000000000068e-02 -6.456294000000000225e-04
-2.410000000000000000e+04 -7.852001999999999593e-02 -6.735375000000000476e-04
-2.590000000000000000e+04 -8.436902999999999764e-02 -1.218990000000000064e-04
-2.580000000000000000e+04 -8.404082000000000219e-02 -1.499553000000000040e-04
-2.770000000000000000e+04 -9.031174999999999620e-02 1.375190999999999892e-04
-2.760000000000000000e+04 -8.998082000000000302e-02 1.376550999999999892e-04
-2.940000000000000000e+04 -9.591536999999999979e-02 -1.157178999999999988e-04
-2.930000000000000000e+04 -9.558801000000000103e-02 -9.082296000000000499e-05
-3.120000000000000000e+04 -1.017504000000000047e-01 -5.829484999999999702e-04
-3.110000000000000000e+04 -1.014293000000000000e-01 -5.617808999999999867e-04
-3.310000000000000000e+04 -1.078236999999999945e-01 -6.809019000000000139e-04
-3.300000000000000000e+04 -1.075040000000000023e-01 -6.914948000000000188e-04
-3.490000000000000000e+04 -1.136204999999999993e-01 -2.717360000000000153e-04
-3.480000000000000000e+04 -1.132953000000000016e-01 -3.002677000000000254e-04
-3.680000000000000000e+04 -1.198590999999999962e-01 1.433108999999999902e-04
-3.670000000000000000e+04 -1.195283000000000040e-01 1.328380000000000045e-04
-3.760000000000000000e+04 -1.225095999999999963e-01 1.601092999999999885e-04
-3.750000000000000000e+04 -1.221780999999999978e-01 1.647553999999999913e-04
-3.770000000000000000e+04 -1.228410999999999947e-01 1.535092999999999907e-04
-3.780000000000000000e+04 -1.231725000000000042e-01 1.449628000000000006e-04
-3.790000000000000000e+04 -1.235038999999999998e-01 1.344852999999999912e-04
-3.800000000000000000e+04 -1.238352000000000064e-01 1.221004999999999942e-04
-3.820000000000000000e+04 -1.244973999999999942e-01 9.174301999999999360e-05
-3.830000000000000000e+04 -1.248283000000000031e-01 7.385143999999999845e-05
-3.840000000000000000e+04 -1.251589999999999925e-01 5.421637000000000282e-05
-3.850000000000000000e+04 -1.254895000000000038e-01 3.289398999999999980e-05
-3.860000000000000000e+04 -1.258198000000000094e-01 9.944552999999999382e-06
-3.870000000000000000e+04 -1.261499000000000092e-01 -1.456747000000000030e-05
-3.900000000000000000e+04 -1.271386999999999934e-01 -9.673864999999999916e-05
-3.890000000000000000e+04 -1.268093999999999888e-01 -6.798875999999999921e-05
-3.910000000000000000e+04 -1.274676999999999893e-01 -1.267324000000000065e-04
-3.920000000000000000e+04 -1.277964000000000044e-01 -1.578786999999999899e-04
-3.930000000000000000e+04 -1.281248000000000109e-01 -1.900817000000000066e-04
-3.940000000000000000e+04 -1.284529000000000087e-01 -2.232415999999999871e-04
-3.960000000000000000e+04 -1.291078999999999977e-01 -2.920004000000000241e-04
-3.970000000000000000e+04 -1.294348999999999916e-01 -3.273722999999999759e-04
-3.980000000000000000e+04 -1.297615000000000018e-01 -3.632476000000000151e-04
-3.990000000000000000e+04 -1.300877000000000006e-01 -3.995072000000000228e-04
-4.000000000000000000e+04 -1.304134999999999878e-01 -4.360332999999999982e-04
-4.010000000000000000e+04 -1.307389999999999941e-01 -4.727121000000000036e-04
-4.020000000000000000e+04 -1.310640999999999889e-01 -5.094334999999999532e-04
-4.050000000000000000e+04 -1.320369999999999877e-01 -6.187166000000000454e-04
-4.040000000000000000e+04 -1.317130999999999996e-01 -5.825522000000000295e-04
-4.060000000000000000e+04 -1.323605999999999949e-01 -6.544552999999999612e-04
-4.070000000000000000e+04 -1.326837999999999906e-01 -6.896473000000000403e-04
-4.080000000000000000e+04 -1.330066000000000026e-01 -7.241735000000000012e-04
-4.090000000000000000e+04 -1.333291000000000059e-01 -7.579235000000000355e-04
-4.100000000000000000e+04 -1.336513000000000007e-01 -7.907978000000000403e-04
-4.110000000000000000e+04 -1.339731000000000116e-01 -8.227049000000000384e-04
-4.130000000000000000e+04 -1.346160000000000134e-01 -8.832590999999999880e-04
-4.140000000000000000e+04 -1.349368999999999985e-01 -9.117247999999999889e-04
-4.150000000000000000e+04 -1.352576000000000056e-01 -9.388603000000000139e-04
-4.160000000000000000e+04 -1.355781000000000069e-01 -9.645759999999999751e-04
-4.170000000000000000e+04 -1.358982999999999997e-01 -9.887878999999999592e-04
-4.180000000000000000e+04 -1.362182999999999866e-01 -1.011425000000000041e-03
-4.190000000000000000e+04 -1.365380999999999956e-01 -1.032431000000000104e-03
-4.200000000000000000e+04 -1.368578000000000017e-01 -1.051761999999999923e-03
-4.210000000000000000e+04 -1.371774000000000049e-01 -1.069382000000000015e-03
-4.230000000000000000e+04 -1.378163000000000027e-01 -1.099396000000000097e-03
-4.240000000000000000e+04 -1.381357000000000002e-01 -1.111750000000000108e-03
-4.250000000000000000e+04 -1.384549999999999947e-01 -1.122313999999999907e-03
-4.260000000000000000e+04 -1.387742999999999893e-01 -1.131075000000000049e-03
-4.270000000000000000e+04 -1.390936000000000117e-01 -1.138033000000000100e-03
-4.280000000000000000e+04 -1.394130000000000091e-01 -1.143190000000000092e-03
-4.290000000000000000e+04 -1.397324000000000066e-01 -1.146557999999999996e-03
-4.300000000000000000e+04 -1.400519000000000069e-01 -1.148156999999999910e-03
-4.310000000000000000e+04 -1.403715000000000102e-01 -1.148020999999999937e-03
-4.330000000000000000e+04 -1.410112000000000032e-01 -1.142715000000000094e-03
-4.340000000000000000e+04 -1.413312999999999930e-01 -1.137655000000000003e-03
-4.350000000000000000e+04 -1.416516999999999915e-01 -1.131080000000000019e-03
-4.360000000000000000e+04 -1.419722999999999957e-01 -1.123068999999999977e-03
-4.370000000000000000e+04 -1.422931000000000057e-01 -1.113707000000000022e-03
-4.380000000000000000e+04 -1.426141999999999965e-01 -1.103082000000000021e-03
-4.390000000000000000e+04 -1.429355999999999960e-01 -1.091285999999999905e-03
-4.400000000000000000e+04 -1.432573000000000041e-01 -1.078411000000000040e-03
-4.410000000000000000e+04 -1.435792999999999930e-01 -1.064545999999999982e-03
-4.420000000000000000e+04 -1.439015999999999906e-01 -1.049772000000000031e-03
-4.430000000000000000e+04 -1.442240999999999940e-01 -1.034172000000000086e-03
-4.440000000000000000e+04 -1.445470000000000088e-01 -1.017827999999999919e-03
-4.470000000000000000e+04 -1.455175999999999970e-01 -9.653103999999999591e-04
-4.460000000000000000e+04 -1.451937000000000089e-01 -9.832894999999999917e-04
-4.480000000000000000e+04 -1.458419999999999994e-01 -9.470225000000000084e-04
-4.490000000000000000e+04 -1.461667000000000105e-01 -9.285622999999999577e-04
-4.500000000000000000e+04 -1.464918000000000053e-01 -9.100698999999999855e-04
-4.510000000000000000e+04 -1.468173999999999868e-01 -8.916831000000000279e-04
-4.520000000000000000e+04 -1.471433000000000046e-01 -8.735328999999999794e-04
-4.530000000000000000e+04 -1.474696000000000062e-01 -8.557436000000000513e-04
-4.540000000000000000e+04 -1.477961999999999887e-01 -8.384316999999999638e-04
-4.550000000000000000e+04 -1.481232000000000104e-01 -8.217044999999999861e-04
-4.560000000000000000e+04 -1.484505000000000130e-01 -8.056582999999999974e-04
-4.570000000000000000e+04 -1.487780999999999965e-01 -7.903777000000000068e-04
-4.580000000000000000e+04 -1.491059000000000134e-01 -7.759356999999999713e-04
-4.590000000000000000e+04 -1.494340000000000113e-01 -7.623983999999999882e-04
-4.600000000000000000e+04 -1.497622999999999871e-01 -7.498274999999999559e-04
-4.630000000000000000e+04 -1.507487000000000132e-01 -7.185934999999999632e-04
-4.620000000000000000e+04 -1.504196999999999895e-01 -7.278475999999999869e-04
-4.640000000000000000e+04 -1.510780999999999930e-01 -7.106130999999999472e-04
-4.650000000000000000e+04 -1.514077000000000062e-01 -7.040005999999999695e-04
-4.660000000000000000e+04 -1.517374999999999974e-01 -6.988450000000000217e-04
-4.670000000000000000e+04 -1.520674999999999943e-01 -6.952272000000000443e-04
-4.680000000000000000e+04 -1.523977999999999999e-01 -6.932143000000000419e-04
-4.690000000000000000e+04 -1.527282000000000084e-01 -6.928600000000000037e-04
-4.700000000000000000e+04 -1.530586999999999920e-01 -6.942049000000000050e-04
-4.710000000000000000e+04 -1.533893000000000062e-01 -6.972795000000000382e-04
-4.720000000000000000e+04 -1.537199999999999955e-01 -7.021078000000000475e-04
-4.730000000000000000e+04 -1.540507000000000126e-01 -7.087057999999999596e-04
-4.740000000000000000e+04 -1.543815000000000048e-01 -7.170832000000000464e-04
-4.750000000000000000e+04 -1.547121999999999942e-01 -7.272430000000000300e-04
-4.760000000000000000e+04 -1.550429999999999864e-01 -7.391842000000000031e-04
-4.770000000000000000e+04 -1.553737000000000035e-01 -7.528996000000000039e-04
-4.780000000000000000e+04 -1.557042999999999899e-01 -7.683748000000000010e-04
-4.790000000000000000e+04 -1.560349000000000041e-01 -7.855886999999999549e-04
-4.800000000000000000e+04 -1.563653999999999877e-01 -8.045135000000000350e-04
-4.810000000000000000e+04 -1.566956999999999933e-01 -8.251178999999999762e-04
-4.820000000000000000e+04 -1.570258999999999960e-01 -8.473639999999999731e-04
-4.830000000000000000e+04 -1.573559999999999959e-01 -8.712054000000000326e-04
-4.840000000000000000e+04 -1.576858999999999900e-01 -8.965887999999999766e-04
-4.850000000000000000e+04 -1.580155000000000032e-01 -9.234561999999999762e-04
-4.860000000000000000e+04 -1.583450000000000135e-01 -9.517456000000000310e-04
-4.870000000000000000e+04 -1.586741999999999875e-01 -9.813876000000000023e-04
-4.880000000000000000e+04 -1.590031000000000083e-01 -1.012303999999999895e-03
-4.890000000000000000e+04 -1.593316999999999928e-01 -1.044407999999999925e-03
-4.900000000000000000e+04 -1.596599999999999964e-01 -1.077606999999999957e-03
-4.910000000000000000e+04 -1.599879999999999913e-01 -1.111800000000000028e-03
-4.920000000000000000e+04 -1.603156000000000025e-01 -1.146873000000000076e-03
-4.930000000000000000e+04 -1.606429000000000051e-01 -1.182700999999999978e-03
-4.940000000000000000e+04 -1.609696999999999933e-01 -1.219152000000000039e-03
-4.950000000000000000e+04 -1.612960999999999978e-01 -1.256079000000000006e-03
-4.960000000000000000e+04 -1.616221999999999936e-01 -1.293331999999999902e-03
-4.970000000000000000e+04 -1.619478000000000029e-01 -1.330753000000000057e-03
-4.980000000000000000e+04 -1.622731000000000035e-01 -1.368157000000000054e-03
-5.000000000000000000e+04 -1.629231999999999903e-01 -1.442523000000000026e-03
-4.990000000000000000e+04 -1.625981999999999983e-01 -1.405418999999999983e-03
-4.610000000000000000e+04 -1.500908999999999993e-01 -7.382874999999999681e-04
-4.450000000000000000e+04 -1.448702000000000045e-01 -1.000833000000000018e-03
-4.320000000000000000e+04 -1.406912999999999914e-01 -1.146190000000000056e-03
-4.220000000000000000e+04 -1.374969000000000052e-01 -1.085267000000000003e-03
-4.120000000000000000e+04 -1.342946999999999891e-01 -8.535559999999999979e-04
-4.030000000000000000e+04 -1.313888000000000000e-01 -5.460852999999999671e-04
-3.950000000000000000e+04 -1.287805999999999951e-01 -2.572510999999999873e-04
-3.880000000000000000e+04 -1.264798000000000033e-01 -4.057012000000000113e-05
-3.810000000000000000e+04 -1.241662999999999933e-01 1.078409999999999997e-04
-3.740000000000000000e+04 -1.218465999999999994e-01 1.674457000000000018e-04
-3.730000000000000000e+04 -1.215152000000000038e-01 1.681866000000000068e-04
-3.720000000000000000e+04 -1.211837999999999943e-01 1.669908000000000004e-04
-3.710000000000000000e+04 -1.208525000000000016e-01 1.638769000000000098e-04
-3.700000000000000000e+04 -1.205211999999999950e-01 1.588705999999999896e-04
-3.690000000000000000e+04 -1.201900999999999942e-01 1.520030000000000014e-04
-3.660000000000000000e+04 -1.191977000000000037e-01 1.206335999999999964e-04
-3.650000000000000000e+04 -1.188672999999999952e-01 1.067585999999999980e-04
-3.640000000000000000e+04 -1.185371000000000064e-01 9.128102999999999770e-05
-3.630000000000000000e+04 -1.182070999999999955e-01 7.427686999999999820e-05
-3.620000000000000000e+04 -1.178774999999999962e-01 5.582812999999999703e-05
-3.610000000000000000e+04 -1.175481000000000026e-01 3.602144999999999712e-05
-3.600000000000000000e+04 -1.172190000000000037e-01 1.494857000000000077e-05
-3.590000000000000000e+04 -1.168901999999999997e-01 -7.294950000000000349e-06
-3.580000000000000000e+04 -1.165617999999999932e-01 -3.061033000000000276e-05
-3.570000000000000000e+04 -1.162336000000000064e-01 -5.489598999999999683e-05
-3.560000000000000000e+04 -1.159058000000000033e-01 -8.004701000000000188e-05
-3.550000000000000000e+04 -1.155783999999999978e-01 -1.059553000000000052e-04
-3.540000000000000000e+04 -1.152513000000000010e-01 -1.325134999999999909e-04
-3.530000000000000000e+04 -1.149244999999999989e-01 -1.596187999999999904e-04
-3.520000000000000000e+04 -1.145980000000000054e-01 -1.871773999999999877e-04
-3.510000000000000000e+04 -1.142718999999999957e-01 -2.151034999999999980e-04
-3.500000000000000000e+04 -1.139460000000000056e-01 -2.433170000000000016e-04
-3.470000000000000000e+04 -1.129705000000000015e-01 -3.288065000000000172e-04
-3.460000000000000000e+04 -1.126460999999999990e-01 -3.572299000000000134e-04
-3.450000000000000000e+04 -1.123221999999999970e-01 -3.853954999999999729e-04
-3.440000000000000000e+04 -1.119987000000000066e-01 -4.131534000000000074e-04
-3.430000000000000000e+04 -1.116755999999999999e-01 -4.403505999999999848e-04
-3.420000000000000000e+04 -1.113529000000000047e-01 -4.668402000000000098e-04
-3.410000000000000000e+04 -1.110306999999999961e-01 -4.924871999999999627e-04
-3.400000000000000000e+04 -1.107087999999999961e-01 -5.171699999999999561e-04
-3.390000000000000000e+04 -1.103872000000000048e-01 -5.407785999999999930e-04
-3.380000000000000000e+04 -1.100659999999999972e-01 -5.632127000000000227e-04
-3.370000000000000000e+04 -1.097450999999999982e-01 -5.843798999999999782e-04
-3.360000000000000000e+04 -1.094244000000000050e-01 -6.041959999999999865e-04
-3.350000000000000000e+04 -1.091039000000000037e-01 -6.225876999999999887e-04
-3.340000000000000000e+04 -1.087835999999999942e-01 -6.394954999999999693e-04
-3.330000000000000000e+04 -1.084635000000000044e-01 -6.548730999999999693e-04
-3.320000000000000000e+04 -1.081436000000000064e-01 -6.686850999999999516e-04
-3.290000000000000000e+04 -1.071843999999999991e-01 -7.004271000000000282e-04
-3.280000000000000000e+04 -1.068650000000000017e-01 -7.076636999999999988e-04
-3.270000000000000000e+04 -1.065456000000000042e-01 -7.131591000000000275e-04
-3.260000000000000000e+04 -1.062262999999999957e-01 -7.168698000000000257e-04
-3.250000000000000000e+04 -1.059071000000000040e-01 -7.187572999999999835e-04
-3.240000000000000000e+04 -1.055880000000000013e-01 -7.187947999999999777e-04
-3.230000000000000000e+04 -1.052688999999999986e-01 -7.169707999999999897e-04
-3.220000000000000000e+04 -1.049497000000000069e-01 -7.132914000000000398e-04
-3.210000000000000000e+04 -1.046305000000000013e-01 -7.077763000000000153e-04
-3.200000000000000000e+04 -1.043111000000000038e-01 -7.004570999999999584e-04
-3.190000000000000000e+04 -1.039917000000000064e-01 -6.913737999999999568e-04
-3.180000000000000000e+04 -1.036721000000000031e-01 -6.805745999999999671e-04
-3.170000000000000000e+04 -1.033522999999999942e-01 -6.681146999999999477e-04
-3.160000000000000000e+04 -1.030322999999999933e-01 -6.540521000000000529e-04
-3.150000000000000000e+04 -1.027122000000000035e-01 -6.384452000000000313e-04
-3.140000000000000000e+04 -1.023918000000000050e-01 -6.213513000000000152e-04
-3.130000000000000000e+04 -1.020712000000000008e-01 -6.028303999999999737e-04
-3.100000000000000000e+04 -1.011079000000000006e-01 -5.394173000000000370e-04
-3.090000000000000000e+04 -1.007862000000000063e-01 -5.159558999999999977e-04
-3.080000000000000000e+04 -1.004641000000000006e-01 -4.915108999999999971e-04
-3.070000000000000000e+04 -1.001415999999999973e-01 -4.662075000000000117e-04
-3.060000000000000000e+04 -9.981874999999999776e-02 -4.401771000000000177e-04
-3.050000000000000000e+04 -9.949547999999999726e-02 -4.135507999999999979e-04
-3.040000000000000000e+04 -9.917180999999999913e-02 -3.864566999999999959e-04
-3.030000000000000000e+04 -9.884774999999999812e-02 -3.590204000000000160e-04
-3.020000000000000000e+04 -9.852331000000000283e-02 -3.313661000000000189e-04
-3.010000000000000000e+04 -9.819848999999999939e-02 -3.036162000000000019e-04
-3.000000000000000000e+04 -9.787329000000000168e-02 -2.758902000000000034e-04
-2.990000000000000000e+04 -9.754775000000000251e-02 -2.483016000000000216e-04
-2.980000000000000000e+04 -9.722187000000000190e-02 -2.209552999999999951e-04
-2.970000000000000000e+04 -9.689567999999999792e-02 -1.939451999999999875e-04
-2.960000000000000000e+04 -9.656918999999999920e-02 -1.673536000000000099e-04
-2.950000000000000000e+04 -9.624241999999999519e-02 -1.412538999999999928e-04
-2.920000000000000000e+04 -9.526031999999999555e-02 -6.665768000000000246e-05
-2.910000000000000000e+04 -9.493229000000000251e-02 -4.333223000000000033e-05
-2.900000000000000000e+04 -9.460390000000000466e-02 -2.096401999999999923e-05
-2.890000000000000000e+04 -9.427513999999999339e-02 3.187015000000000034e-07
-2.880000000000000000e+04 -9.394603999999999455e-02 2.038895000000000068e-05
-2.870000000000000000e+04 -9.361661000000000288e-02 3.912939999999999843e-05
-2.860000000000000000e+04 -9.328688999999999731e-02 5.643786000000000110e-05
-2.850000000000000000e+04 -9.295691999999999844e-02 7.222839000000000050e-05
-2.840000000000000000e+04 -9.262673000000000434e-02 8.642880999999999557e-05
-2.830000000000000000e+04 -9.229634000000000449e-02 9.897821000000000115e-05
-2.820000000000000000e+04 -9.196580000000000032e-02 1.098264999999999962e-04
-2.810000000000000000e+04 -9.163514000000000381e-02 1.189345999999999980e-04
-2.800000000000000000e+04 -9.130438000000000442e-02 1.262737000000000104e-04
-2.790000000000000000e+04 -9.097354000000000551e-02 1.318240000000000037e-04
-2.780000000000000000e+04 -9.064265999999999990e-02 1.355744999999999943e-04
-2.750000000000000000e+04 -8.964988000000000123e-02 1.359823999999999874e-04
-2.740000000000000000e+04 -8.931893999999999945e-02 1.324967999999999882e-04
-2.730000000000000000e+04 -8.898802999999999574e-02 1.271977000000000036e-04
-2.720000000000000000e+04 -8.865713999999999539e-02 1.200856999999999944e-04
-2.710000000000000000e+04 -8.832631000000000510e-02 1.111678999999999966e-04
-2.700000000000000000e+04 -8.799556000000000044e-02 1.004599999999999970e-04
-2.690000000000000000e+04 -8.766491999999999341e-02 8.798870999999999396e-05
-2.680000000000000000e+04 -8.733441000000000121e-02 7.379206000000000513e-05
-2.670000000000000000e+04 -8.700407000000000279e-02 5.791854000000000062e-05
-2.660000000000000000e+04 -8.667391000000000678e-02 4.042476999999999751e-05
-2.650000000000000000e+04 -8.634393999999999403e-02 2.137282999999999845e-05
-2.640000000000000000e+04 -8.601419000000000425e-02 8.286186999999999605e-07
-2.630000000000000000e+04 -8.568467000000000444e-02 -2.113977999999999905e-05
-2.620000000000000000e+04 -8.535537999999999459e-02 -4.446395000000000311e-05
-2.610000000000000000e+04 -8.502634000000000580e-02 -6.907681000000000314e-05
-2.600000000000000000e+04 -8.469754000000000171e-02 -9.491198000000000061e-05
-2.570000000000000000e+04 -8.371294999999999431e-02 -1.789887999999999896e-04
-2.560000000000000000e+04 -8.338544999999999985e-02 -2.088872999999999880e-04
-2.550000000000000000e+04 -8.305833999999999440e-02 -2.395266999999999915e-04
-2.540000000000000000e+04 -8.273165000000000380e-02 -2.707734000000000052e-04
-2.530000000000000000e+04 -8.240538000000000030e-02 -3.024888000000000099e-04
-2.520000000000000000e+04 -8.207952999999999777e-02 -3.345334999999999845e-04
-2.510000000000000000e+04 -8.175411000000000483e-02 -3.667715000000000103e-04
-2.500000000000000000e+04 -8.142908999999999564e-02 -3.990702000000000268e-04
-2.490000000000000000e+04 -8.110448000000000657e-02 -4.313011999999999966e-04
-2.480000000000000000e+04 -8.078024999999999789e-02 -4.633406999999999869e-04
-2.470000000000000000e+04 -8.045639000000000263e-02 -4.950717999999999785e-04
-2.460000000000000000e+04 -8.013288000000000355e-02 -5.263852999999999761e-04
-2.450000000000000000e+04 -7.980969999999999731e-02 -5.571817999999999649e-04
-2.440000000000000000e+04 -7.948682999999999443e-02 -5.873732999999999689e-04
-2.430000000000000000e+04 -7.916426000000000018e-02 -6.168811000000000390e-04
-2.400000000000000000e+04 -7.819839000000000651e-02 -7.005082000000000366e-04
-2.390000000000000000e+04 -7.787710999999999939e-02 -7.264364000000000368e-04
-2.380000000000000000e+04 -7.755618999999999708e-02 -7.511974999999999512e-04
-2.370000000000000000e+04 -7.723562999999999956e-02 -7.746641999999999547e-04
-2.360000000000000000e+04 -7.691539999999999488e-02 -7.967115999999999565e-04
-2.350000000000000000e+04 -7.659549000000000218e-02 -8.172251000000000168e-04
-2.340000000000000000e+04 -7.627586000000000088e-02 -8.361052000000000328e-04
-2.330000000000000000e+04 -7.595644999999999480e-02 -8.532693999999999522e-04
-2.320000000000000000e+04 -7.563725000000000309e-02 -8.686505999999999872e-04
-2.310000000000000000e+04 -7.531820999999999655e-02 -8.821954000000000341e-04
-2.300000000000000000e+04 -7.499930999999999959e-02 -8.938610999999999519e-04
-2.290000000000000000e+04 -7.468049000000000215e-02 -9.036155000000000359e-04
-2.280000000000000000e+04 -7.436173999999999562e-02 -9.114376999999999895e-04
-2.270000000000000000e+04 -7.404302999999999579e-02 -9.173179000000000489e-04
-2.260000000000000000e+04 -7.372431999999999597e-02 -9.212553999999999752e-04
-2.230000000000000000e+04 -7.276804000000000605e-02 -9.215007999999999576e-04
-2.220000000000000000e+04 -7.244916999999999330e-02 -9.177747999999999462e-04
-2.210000000000000000e+04 -7.213021999999999490e-02 -9.121748999999999526e-04
-2.200000000000000000e+04 -7.181115999999999888e-02 -9.047247000000000015e-04
-2.190000000000000000e+04 -7.149197999999999664e-02 -8.954552999999999645e-04
-2.180000000000000000e+04 -7.117263999999999535e-02 -8.844074999999999853e-04
-2.170000000000000000e+04 -7.085312000000000554e-02 -8.716340999999999629e-04
-2.160000000000000000e+04 -7.053339000000000136e-02 -8.571991000000000376e-04
-2.150000000000000000e+04 -7.021344000000000196e-02 -8.411754999999999493e-04
-2.140000000000000000e+04 -6.989323999999999537e-02 -8.236419999999999722e-04
-2.130000000000000000e+04 -6.957278000000000073e-02 -8.046808999999999820e-04
-2.120000000000000000e+04 -6.925204999999999556e-02 -7.843757000000000463e-04
-2.110000000000000000e+04 -6.893104999999999372e-02 -7.628084999999999727e-04
-2.100000000000000000e+04 -6.860979000000000383e-02 -7.400577999999999670e-04
-2.090000000000000000e+04 -6.828823000000000532e-02 -7.161996999999999591e-04
-2.060000000000000000e+04 -6.732164999999999677e-02 -6.388143999999999463e-04
-2.050000000000000000e+04 -6.699871999999999772e-02 -6.114271999999999589e-04
-2.040000000000000000e+04 -6.667536000000000296e-02 -5.834559999999999920e-04
-2.030000000000000000e+04 -6.635156999999999861e-02 -5.550461999999999714e-04
-2.020000000000000000e+04 -6.602734000000000381e-02 -5.263463000000000126e-04
-2.010000000000000000e+04 -6.570267999999999942e-02 -4.975019000000000012e-04
-2.000000000000000000e+04 -6.537759999999999405e-02 -4.686534999999999811e-04
-1.990000000000000000e+04 -6.505212000000000494e-02 -4.399334000000000187e-04
-1.980000000000000000e+04 -6.472625999999999380e-02 -4.114648999999999846e-04
-1.970000000000000000e+04 -6.440005000000000035e-02 -3.833611999999999914e-04
-1.960000000000000000e+04 -6.407351000000000019e-02 -3.557246000000000128e-04
-1.950000000000000000e+04 -6.374667000000000527e-02 -3.286459999999999837e-04
-1.940000000000000000e+04 -6.341953999999999647e-02 -3.022050999999999774e-04
-1.930000000000000000e+04 -6.309212999999999627e-02 -2.764724999999999995e-04
-1.900000000000000000e+04 -6.210828000000000182e-02 -2.042299999999999877e-04
-1.890000000000000000e+04 -6.177972999999999798e-02 -1.820751000000000010e-04
-1.880000000000000000e+04 -6.145086999999999772e-02 -1.610489999999999958e-04
-1.870000000000000000e+04 -6.112168999999999935e-02 -1.412638000000000077e-04
-1.860000000000000000e+04 -6.079222000000000098e-02 -1.228287000000000053e-04
-1.850000000000000000e+04 -6.046247999999999900e-02 -1.058419999999999939e-04
-1.840000000000000000e+04 -6.013249999999999845e-02 -9.038838000000000211e-05
-1.830000000000000000e+04 -5.980230999999999741e-02 -7.653893000000000209e-05
-1.820000000000000000e+04 -5.947195000000000259e-02 -6.435165999999999976e-05
-1.810000000000000000e+04 -5.914144999999999819e-02 -5.387208000000000074e-05
-1.800000000000000000e+04 -5.881084000000000311e-02 -4.513444000000000218e-05
-1.790000000000000000e+04 -5.848013999999999990e-02 -3.816417000000000089e-05
-1.780000000000000000e+04 -5.814939000000000219e-02 -3.297928000000000318e-05
-1.770000000000000000e+04 -5.781860999999999945e-02 -2.958977000000000045e-05
-1.760000000000000000e+04 -5.748781000000000030e-02 -2.799702000000000118e-05
-1.730000000000000000e+04 -5.649553999999999687e-02 -3.392582000000000106e-05
-1.720000000000000000e+04 -5.616486999999999868e-02 -3.943657999999999978e-05
-1.710000000000000000e+04 -5.583425999999999667e-02 -4.669331999999999698e-05
-1.700000000000000000e+04 -5.550371999999999945e-02 -5.567779999999999740e-05
-1.690000000000000000e+04 -5.517330000000000151e-02 -6.636520000000000624e-05
-1.680000000000000000e+04 -5.484299000000000118e-02 -7.872231000000000421e-05
-1.670000000000000000e+04 -5.451282999999999823e-02 -9.270715000000000227e-05
-1.660000000000000000e+04 -5.418284000000000294e-02 -1.082694999999999974e-04
-1.650000000000000000e+04 -5.385303999999999786e-02 -1.253522000000000024e-04
-1.640000000000000000e+04 -5.352342999999999684e-02 -1.438925999999999985e-04
-1.630000000000000000e+04 -5.319403999999999799e-02 -1.638251999999999981e-04
-1.620000000000000000e+04 -5.286487000000000130e-02 -1.850850000000000075e-04
-1.610000000000000000e+04 -5.253593000000000152e-02 -2.076078000000000081e-04
-1.600000000000000000e+04 -5.220723000000000030e-02 -2.313294999999999880e-04
-1.570000000000000000e+04 -5.122282999999999697e-02 -3.089480000000000243e-04
-1.560000000000000000e+04 -5.089534999999999892e-02 -3.366687000000000043e-04
-1.550000000000000000e+04 -5.056824000000000041e-02 -3.651268999999999956e-04
-1.540000000000000000e+04 -5.024152999999999952e-02 -3.941943999999999743e-04
-1.530000000000000000e+04 -4.991522000000000320e-02 -4.237380999999999808e-04
-1.520000000000000000e+04 -4.958930999999999756e-02 -4.536243999999999932e-04
-1.510000000000000000e+04 -4.926380000000000342e-02 -4.837226999999999825e-04
-1.500000000000000000e+04 -4.893866999999999662e-02 -5.139072000000000388e-04
-1.490000000000000000e+04 -4.861391999999999797e-02 -5.440567999999999576e-04
-1.480000000000000000e+04 -4.828952000000000244e-02 -5.740561000000000145e-04
-1.470000000000000000e+04 -4.796547000000000310e-02 -6.037978000000000485e-04
-1.460000000000000000e+04 -4.764174000000000186e-02 -6.331855999999999639e-04
-1.450000000000000000e+04 -4.731831000000000231e-02 -6.621333999999999987e-04
-1.440000000000000000e+04 -4.699517000000000277e-02 -6.905620999999999591e-04
-1.410000000000000000e+04 -4.602761999999999826e-02 -7.719222999999999666e-04
-1.400000000000000000e+04 -4.570576999999999973e-02 -7.974167999999999578e-04
-1.390000000000000000e+04 -4.538429000000000074e-02 -8.219053999999999726e-04
-1.380000000000000000e+04 -4.506316999999999962e-02 -8.452597000000000279e-04
-1.370000000000000000e+04 -4.474238999999999994e-02 -8.673532999999999547e-04
-1.360000000000000000e+04 -4.442192999999999836e-02 -8.880697000000000330e-04
-1.350000000000000000e+04 -4.410175999999999680e-02 -9.073061000000000103e-04
-1.340000000000000000e+04 -4.378184000000000242e-02 -9.249752999999999665e-04
-1.330000000000000000e+04 -4.346213000000000160e-02 -9.410046000000000469e-04
-1.320000000000000000e+04 -4.314260000000000317e-02 -9.553340999999999916e-04
-1.310000000000000000e+04 -4.282322000000000212e-02 -9.679159999999999804e-04
-1.300000000000000000e+04 -4.250394999999999868e-02 -9.787152000000000785e-04
-1.290000000000000000e+04 -4.218476000000000170e-02 -9.877081999999999702e-04
-1.280000000000000000e+04 -4.186563000000000090e-02 -9.948812000000000454e-04
-1.250000000000000000e+04 -4.090839999999999754e-02 -1.005419000000000018e-03
-1.240000000000000000e+04 -4.058934000000000153e-02 -1.005260000000000008e-03
-1.230000000000000000e+04 -4.027025000000000049e-02 -1.003262999999999898e-03
-1.220000000000000000e+04 -3.995113000000000136e-02 -9.994309000000000266e-04
-1.210000000000000000e+04 -3.963194999999999912e-02 -9.937724999999999250e-04
-1.200000000000000000e+04 -3.931267000000000095e-02 -9.863077999999999082e-04
-1.190000000000000000e+04 -3.899327999999999822e-02 -9.770691999999999659e-04
-1.180000000000000000e+04 -3.867373999999999812e-02 -9.661008999999999916e-04
-1.170000000000000000e+04 -3.835402000000000255e-02 -9.534574000000000304e-04
-1.160000000000000000e+04 -3.803411999999999765e-02 -9.391997999999999926e-04
-1.150000000000000000e+04 -3.771400999999999920e-02 -9.233928000000000405e-04
-1.140000000000000000e+04 -3.739369000000000026e-02 -9.061014000000000047e-04
-1.130000000000000000e+04 -3.707313000000000275e-02 -8.873902000000000135e-04
-1.120000000000000000e+04 -3.675234000000000140e-02 -8.673249999999999536e-04
-1.090000000000000000e+04 -3.578826000000000229e-02 -7.997606000000000420e-04
-1.080000000000000000e+04 -3.546623000000000137e-02 -7.750937000000000495e-04
-1.070000000000000000e+04 -3.514381999999999923e-02 -7.495441000000000256e-04
-1.060000000000000000e+04 -3.482100999999999946e-02 -7.232427999999999730e-04
-1.050000000000000000e+04 -3.449780000000000207e-02 -6.963254999999999792e-04
-1.040000000000000000e+04 -3.417419000000000012e-02 -6.689283999999999768e-04
-1.030000000000000000e+04 -3.385016999999999887e-02 -6.411840999999999721e-04
-1.020000000000000000e+04 -3.352576000000000167e-02 -6.132206000000000289e-04
-1.010000000000000000e+04 -3.320097999999999799e-02 -5.851600000000000421e-04
-1.000000000000000000e+04 -3.287584000000000339e-02 -5.571181999999999610e-04
-9.900000000000000000e+03 -3.255036000000000040e-02 -5.292018999999999586e-04
-9.800000000000000000e+03 -3.222454999999999764e-02 -5.015068999999999604e-04
-9.700000000000000000e+03 -3.189845000000000180e-02 -4.741179000000000096e-04
-9.600000000000000000e+03 -3.157204999999999734e-02 -4.471119000000000178e-04
-9.300000000000000000e+03 -3.059102000000000002e-02 -3.691823999999999909e-04
-9.200000000000000000e+03 -3.026333999999999969e-02 -3.445483000000000161e-04
-9.100000000000000000e+03 -2.993530000000000149e-02 -3.207732999999999939e-04
-9.000000000000000000e+03 -2.960689999999999850e-02 -2.979847000000000203e-04
-8.900000000000000000e+03 -2.927814000000000111e-02 -2.763083000000000054e-04
-8.800000000000000000e+03 -2.894907000000000036e-02 -2.558613000000000163e-04
-8.700000000000000000e+03 -2.861970000000000139e-02 -2.367472000000000023e-04
-8.600000000000000000e+03 -2.829007000000000049e-02 -2.190538000000000066e-04
-8.500000000000000000e+03 -2.796022000000000091e-02 -2.028541999999999932e-04
-8.400000000000000000e+03 -2.763018999999999892e-02 -1.882079000000000044e-04
-8.300000000000000000e+03 -2.730000000000000135e-02 -1.751610999999999923e-04
-8.200000000000000000e+03 -2.696967999999999935e-02 -1.637493000000000011e-04
-8.100000000000000000e+03 -2.663924999999999974e-02 -1.539989000000000071e-04
-7.800000000000000000e+03 -2.564746999999999860e-02 -1.349265999999999899e-04
-7.700000000000000000e+03 -2.531674000000000077e-02 -1.320295999999999937e-04
-7.600000000000000000e+03 -2.498596000000000150e-02 -1.308987000000000009e-04
-7.500000000000000000e+03 -2.465513999999999900e-02 -1.315549999999999966e-04
-7.400000000000000000e+03 -2.432430000000000009e-02 -1.340152999999999906e-04
-7.300000000000000000e+03 -2.399346000000000118e-02 -1.382873000000000067e-04
-7.200000000000000000e+03 -2.366267000000000023e-02 -1.443662000000000070e-04
-7.100000000000000000e+03 -2.333193999999999893e-02 -1.522352999999999890e-04
-7.000000000000000000e+03 -2.300129000000000062e-02 -1.618682000000000031e-04
-6.900000000000000000e+03 -2.267076000000000160e-02 -1.732318000000000106e-04
-6.800000000000000000e+03 -2.234034999999999840e-02 -1.862881999999999895e-04
-6.700000000000000000e+03 -2.201008999999999952e-02 -2.009958000000000111e-04
-6.600000000000000000e+03 -2.168000000000000135e-02 -2.173098000000000043e-04
-6.500000000000000000e+03 -2.135008000000000045e-02 -2.351820999999999925e-04
-6.200000000000000000e+03 -2.036164000000000029e-02 -2.975736000000000201e-04
-6.100000000000000000e+03 -2.003268999999999883e-02 -3.210560999999999905e-04
-6.000000000000000000e+03 -1.970405000000000073e-02 -3.457326999999999840e-04
-5.900000000000000000e+03 -1.937573000000000073e-02 -3.714993000000000093e-04
-5.800000000000000000e+03 -1.904776000000000039e-02 -3.982464000000000229e-04
-5.700000000000000000e+03 -1.872013999999999970e-02 -4.258614999999999883e-04
-5.600000000000000000e+03 -1.839286999999999866e-02 -4.542306000000000078e-04
-5.500000000000000000e+03 -1.806595000000000076e-02 -4.832401999999999748e-04
-5.400000000000000000e+03 -1.773937999999999904e-02 -5.127795000000000530e-04
-5.300000000000000000e+03 -1.741314999999999877e-02 -5.427432000000000046e-04
-5.200000000000000000e+03 -1.708725999999999995e-02 -5.730334999999999812e-04
-5.100000000000000000e+03 -1.676168000000000102e-02 -6.035596000000000277e-04
-5.000000000000000000e+03 -1.643642999999999840e-02 -6.342351999999999886e-04
-4.700000000000000000e+03 -1.546278000000000062e-02 -7.262371999999999795e-04
-4.600000000000000000e+03 -1.513900999999999962e-02 -7.565322000000000409e-04
-4.500000000000000000e+03 -1.481565999999999959e-02 -7.864210999999999641e-04
-4.400000000000000000e+03 -1.449275000000000042e-02 -8.157570999999999963e-04
-4.300000000000000000e+03 -1.417026000000000049e-02 -8.443915999999999878e-04
-4.200000000000000000e+03 -1.384816999999999992e-02 -8.721824000000000200e-04
-4.100000000000000000e+03 -1.352647000000000051e-02 -8.989981999999999878e-04
-4.000000000000000000e+03 -1.320512000000000075e-02 -9.247205000000000312e-04
-3.900000000000000000e+03 -1.288407999999999914e-02 -9.492440000000000209e-04
-3.800000000000000000e+03 -1.256333999999999923e-02 -9.724771999999999800e-04
-3.700000000000000000e+03 -1.224283999999999963e-02 -9.943432000000000312e-04
-3.600000000000000000e+03 -1.192257000000000039e-02 -1.014778999999999941e-03
-3.500000000000000000e+03 -1.160249000000000003e-02 -1.033730999999999973e-03
-3.200000000000000000e+03 -1.064337999999999916e-02 -1.081195000000000073e-03
-3.100000000000000000e+03 -1.032403999999999961e-02 -1.093708000000000093e-03
-3.000000000000000000e+03 -1.000487000000000078e-02 -1.104465000000000004e-03
-2.900000000000000000e+03 -9.685859999999999262e-03 -1.113403000000000006e-03
-2.800000000000000000e+03 -9.366988999999999177e-03 -1.120464999999999959e-03
-2.700000000000000000e+03 -9.048219999999999180e-03 -1.125602000000000069e-03
-2.600000000000000000e+03 -8.729516999999999138e-03 -1.128782999999999957e-03
-2.500000000000000000e+03 -8.410841999999999971e-03 -1.129994000000000050e-03
-2.400000000000000000e+03 -8.092159999999999284e-03 -1.129236000000000042e-03
-2.300000000000000000e+03 -7.773442000000000199e-03 -1.126517999999999964e-03
-2.200000000000000000e+03 -7.454660000000000106e-03 -1.121859000000000007e-03
-2.100000000000000000e+03 -7.135787000000000206e-03 -1.115282999999999899e-03
-2.000000000000000000e+03 -6.816799999999999596e-03 -1.106823000000000052e-03
-1.900000000000000000e+03 -6.497674000000000158e-03 -1.096519000000000009e-03
-1.600000000000000000e+03 -5.539213000000000296e-03 -1.055023999999999892e-03
-1.500000000000000000e+03 -5.219274000000000309e-03 -1.037872999999999921e-03
-1.400000000000000000e+03 -4.899067000000000005e-03 -1.019188999999999989e-03
-1.300000000000000000e+03 -4.578569999999999689e-03 -9.990635000000000748e-04
-1.200000000000000000e+03 -4.257765000000000161e-03 -9.775953000000000420e-04
-1.100000000000000000e+03 -3.936638999999999590e-03 -9.548869000000000410e-04
-1.000000000000000000e+03 -3.615184000000000019e-03 -9.310435999999999842e-04
-9.000000000000000000e+02 -3.293396000000000084e-03 -9.061718000000000507e-04
-8.000000000000000000e+02 -2.971272999999999970e-03 -8.803778999999999858e-04
-7.000000000000000000e+02 -2.648820000000000081e-03 -8.537659000000000177e-04
-6.000000000000000000e+02 -2.326042999999999861e-03 -8.264340999999999484e-04
-5.000000000000000000e+02 -2.002948000000000055e-03 -7.984726000000000367e-04
-4.000000000000000000e+02 -1.679532000000000073e-03 -7.699668999999999481e-04
-1.000000000000000000e+02 -7.071932000000000175e-04 -6.820933999999999634e-04
0.000000000000000000e+00 -3.822984000000000191e-04 -6.523835999999999654e-04
1.000000000000000000e+02 -5.697497000000000043e-05 -6.226833999999999885e-04
2.000000000000000000e+02 2.687856999999999768e-04 -5.931406000000000178e-04
3.000000000000000000e+02 5.949791999999999971e-04 -5.639046999999999680e-04
4.000000000000000000e+02 9.215884000000000142e-04 -5.351207999999999876e-04
5.000000000000000000e+02 1.248587000000000004e-03 -5.069230000000000524e-04
6.000000000000000000e+02 1.575945000000000037e-03 -4.794304999999999899e-04
7.000000000000000000e+02 1.903628999999999998e-03 -4.527461999999999784e-04
8.000000000000000000e+02 2.231611000000000098e-03 -4.269586999999999818e-04
9.000000000000000000e+02 2.559863999999999803e-03 -4.021442000000000181e-04
1.000000000000000000e+03 2.888367000000000191e-03 -3.783692999999999757e-04
1.300000000000000000e+03 3.875336000000000058e-03 -3.139058999999999925e-04
1.400000000000000000e+03 4.204824999999999709e-03 -2.949402000000000057e-04
1.500000000000000000e+03 4.534568000000000106e-03 -2.773712999999999916e-04
1.600000000000000000e+03 4.864559000000000070e-03 -2.612870000000000210e-04
1.700000000000000000e+03 5.194780000000000404e-03 -2.467716999999999806e-04
1.800000000000000000e+03 5.525203000000000232e-03 -2.339019999999999977e-04
1.900000000000000000e+03 5.855797999999999733e-03 -2.227416000000000020e-04
2.000000000000000000e+03 6.186529999999999981e-03 -2.133389999999999983e-04
2.100000000000000000e+03 6.517366999999999605e-03 -2.057293000000000023e-04
2.200000000000000000e+03 6.848278999999999651e-03 -1.999368000000000065e-04
2.300000000000000000e+03 7.179238999999999586e-03 -1.959766999999999900e-04
2.400000000000000000e+03 7.510219999999999743e-03 -1.938556999999999878e-04
2.500000000000000000e+03 7.841199000000000086e-03 -1.935719000000000025e-04
2.800000000000000000e+03 8.833930999999999728e-03 -2.036425999999999872e-04
2.900000000000000000e+03 9.164716999999999308e-03 -2.105890000000000127e-04
3.000000000000000000e+03 9.495411999999999950e-03 -2.192945000000000126e-04
3.100000000000000000e+03 9.825999000000000191e-03 -2.297299000000000042e-04
3.200000000000000000e+03 1.015646000000000083e-02 -2.418599000000000118e-04
3.300000000000000000e+03 1.048675999999999948e-02 -2.556427000000000113e-04
3.400000000000000000e+03 1.081690000000000082e-02 -2.710289000000000166e-04
3.500000000000000000e+03 1.114683999999999987e-02 -2.879611000000000236e-04
3.600000000000000000e+03 1.147659000000000006e-02 -3.063766000000000102e-04
3.700000000000000000e+03 1.180611999999999981e-02 -3.262103999999999828e-04
3.800000000000000000e+03 1.213541999999999919e-02 -3.473977000000000163e-04
3.900000000000000000e+03 1.246448999999999994e-02 -3.698733999999999746e-04
4.000000000000000000e+03 1.279331000000000045e-02 -3.935707999999999893e-04
4.300000000000000000e+03 1.377804000000000008e-02 -4.712342000000000223e-04
4.400000000000000000e+03 1.410561999999999927e-02 -4.990075000000000500e-04
4.500000000000000000e+03 1.443281000000000078e-02 -5.275351000000000172e-04
4.600000000000000000e+03 1.475960999999999940e-02 -5.566867000000000516e-04
4.700000000000000000e+03 1.508600000000000045e-02 -5.863278999999999670e-04
4.800000000000000000e+03 1.541199000000000041e-02 -6.163250999999999582e-04
4.900000000000000000e+03 1.573756999999999934e-02 -6.465468999999999947e-04
5.000000000000000000e+03 1.606277000000000052e-02 -6.768659000000000004e-04
5.100000000000000000e+03 1.638759000000000049e-02 -7.071609999999999875e-04
5.200000000000000000e+03 1.671206000000000080e-02 -7.373212000000000516e-04
5.300000000000000000e+03 1.703618999999999967e-02 -7.672469999999999811e-04
5.400000000000000000e+03 1.736000000000000043e-02 -7.968480999999999915e-04
5.500000000000000000e+03 1.768350000000000130e-02 -8.260398000000000393e-04
5.800000000000000000e+03 1.865201999999999832e-02 -9.102913000000000237e-04
5.900000000000000000e+03 1.897414999999999866e-02 -9.369326000000000087e-04
6.000000000000000000e+03 1.929590000000000125e-02 -9.626504999999999611e-04
6.100000000000000000e+03 1.961726999999999915e-02 -9.873111999999998993e-04
6.200000000000000000e+03 1.993827000000000099e-02 -1.010782999999999907e-03
6.300000000000000000e+03 2.025893999999999959e-02 -1.032944999999999957e-03
6.400000000000000000e+03 2.057929999999999829e-02 -1.053686999999999983e-03
6.500000000000000000e+03 2.089939999999999853e-02 -1.072919000000000086e-03
6.600000000000000000e+03 2.121926999999999841e-02 -1.090564999999999937e-03
6.700000000000000000e+03 2.153895000000000115e-02 -1.106564999999999892e-03
6.800000000000000000e+03 2.185847000000000137e-02 -1.120876000000000034e-03
6.900000000000000000e+03 2.217786999999999883e-02 -1.133464000000000043e-03
7.200000000000000000e+03 2.313544000000000017e-02 -1.160610000000000070e-03
7.300000000000000000e+03 2.345445999999999989e-02 -1.166036000000000069e-03
7.400000000000000000e+03 2.377341999999999997e-02 -1.169607999999999932e-03
7.500000000000000000e+03 2.409232999999999861e-02 -1.171299999999999902e-03
7.600000000000000000e+03 2.441122000000000083e-02 -1.171095999999999943e-03
7.700000000000000000e+03 2.473012000000000127e-02 -1.168989999999999960e-03
7.800000000000000000e+03 2.504906999999999967e-02 -1.164988999999999955e-03
7.900000000000000000e+03 2.536808999999999939e-02 -1.159113999999999934e-03
8.000000000000000000e+03 2.568720999999999852e-02 -1.151392999999999904e-03
8.100000000000000000e+03 2.600645999999999861e-02 -1.141864999999999937e-03
8.200000000000000000e+03 2.632585000000000133e-02 -1.130572999999999951e-03
8.300000000000000000e+03 2.664539999999999964e-02 -1.117565000000000051e-03
8.400000000000000000e+03 2.696513000000000035e-02 -1.102890999999999941e-03
8.700000000000000000e+03 2.792568999999999954e-02 -1.049484000000000051e-03
8.800000000000000000e+03 2.824642999999999946e-02 -1.028809000000000104e-03
8.900000000000000000e+03 2.856747999999999926e-02 -1.006855999999999984e-03
9.000000000000000000e+03 2.888887999999999873e-02 -9.837345999999999851e-04
9.100000000000000000e+03 2.921063000000000132e-02 -9.595606000000000231e-04
9.200000000000000000e+03 2.953273000000000009e-02 -9.344530000000000197e-04
9.300000000000000000e+03 2.985519000000000020e-02 -9.085299999999999496e-04
9.400000000000000000e+03 3.017799999999999996e-02 -8.819058000000000496e-04
9.500000000000000000e+03 3.050115999999999938e-02 -8.546877000000000467e-04
9.600000000000000000e+03 3.082464000000000037e-02 -8.269751000000000098e-04
9.700000000000000000e+03 3.114845000000000114e-02 -7.988593999999999903e-04
9.800000000000000000e+03 3.147258000000000000e-02 -7.704276999999999827e-04
1.010000000000000000e+04 3.244704000000000338e-02 -6.841389000000000237e-04
1.020000000000000000e+04 3.277262000000000230e-02 -6.554014999999999624e-04
1.030000000000000000e+04 3.309861000000000053e-02 -6.268892000000000084e-04
1.040000000000000000e+04 3.342503000000000141e-02 -5.987453000000000219e-04
1.050000000000000000e+04 3.375186000000000158e-02 -5.711143999999999813e-04
1.060000000000000000e+04 3.407908999999999938e-02 -5.441346999999999590e-04
1.070000000000000000e+04 3.440668999999999672e-02 -5.179326000000000155e-04
1.080000000000000000e+04 3.473463000000000245e-02 -4.926201999999999968e-04
1.090000000000000000e+04 3.506287999999999766e-02 -4.682946000000000005e-04
1.100000000000000000e+04 3.539140000000000341e-02 -4.450391000000000264e-04
1.110000000000000000e+04 3.572017000000000247e-02 -4.229230000000000164e-04
1.120000000000000000e+04 3.604916999999999844e-02 -4.020057000000000057e-04
1.150000000000000000e+04 3.703747999999999763e-02 -3.470023999999999830e-04
1.160000000000000000e+04 3.736735000000000056e-02 -3.314594000000000134e-04
1.170000000000000000e+04 3.769745000000000040e-02 -3.174302999999999955e-04
1.180000000000000000e+04 3.802776000000000073e-02 -3.049902999999999859e-04
1.190000000000000000e+04 3.835825999999999819e-02 -2.942112999999999998e-04
1.200000000000000000e+04 3.868892000000000164e-02 -2.851562999999999993e-04
1.210000000000000000e+04 3.901972000000000079e-02 -2.778756000000000064e-04
1.220000000000000000e+04 3.935061000000000114e-02 -2.724051999999999919e-04
1.230000000000000000e+04 3.968158000000000102e-02 -2.687682000000000265e-04
1.240000000000000000e+04 4.001257999999999898e-02 -2.669767999999999881e-04
1.250000000000000000e+04 4.034358999999999862e-02 -2.670339999999999780e-04
1.260000000000000000e+04 4.067458999999999658e-02 -2.689351999999999997e-04
1.290000000000000000e+04 4.166730999999999907e-02 -2.855711000000000143e-04
1.300000000000000000e+04 4.199804000000000037e-02 -2.946878000000000214e-04
1.310000000000000000e+04 4.232866999999999880e-02 -3.055399999999999783e-04
1.320000000000000000e+04 4.265914999999999985e-02 -3.180902999999999791e-04
1.330000000000000000e+04 4.298947999999999658e-02 -3.322946000000000016e-04
1.340000000000000000e+04 4.331963999999999954e-02 -3.481005000000000123e-04
1.350000000000000000e+04 4.364959999999999674e-02 -3.654477999999999741e-04
1.360000000000000000e+04 4.397935000000000039e-02 -3.842703000000000264e-04
1.370000000000000000e+04 4.430887000000000020e-02 -4.044990999999999843e-04
1.380000000000000000e+04 4.463816000000000311e-02 -4.260638000000000186e-04
1.390000000000000000e+04 4.496719999999999884e-02 -4.488930000000000134e-04
1.400000000000000000e+04 4.529599000000000125e-02 -4.729161999999999971e-04
1.410000000000000000e+04 4.562452000000000174e-02 -4.980626999999999841e-04
1.440000000000000000e+04 4.660828000000000193e-02 -5.794382000000000048e-04
1.450000000000000000e+04 4.693549999999999806e-02 -6.082162000000000332e-04
1.460000000000000000e+04 4.726231999999999656e-02 -6.376233999999999505e-04
1.470000000000000000e+04 4.758873000000000270e-02 -6.675245999999999480e-04
1.480000000000000000e+04 4.791470999999999925e-02 -6.977771000000000451e-04
1.490000000000000000e+04 4.824028999999999817e-02 -7.282394000000000193e-04
1.500000000000000000e+04 4.856545000000000306e-02 -7.587765999999999478e-04
1.510000000000000000e+04 4.889022999999999980e-02 -7.892638999999999905e-04
1.520000000000000000e+04 4.921464999999999868e-02 -8.195862000000000373e-04
1.530000000000000000e+04 4.953870999999999969e-02 -8.496381000000000332e-04
1.540000000000000000e+04 4.986244000000000093e-02 -8.793241999999999725e-04
1.550000000000000000e+04 5.018585999999999880e-02 -9.085572000000000092e-04
1.580000000000000000e+04 5.115411000000000263e-02 -9.926621000000000923e-04
1.590000000000000000e+04 5.147615999999999997e-02 -1.019162000000000106e-03
1.600000000000000000e+04 5.179782000000000136e-02 -1.044692999999999967e-03
1.610000000000000000e+04 5.211911000000000321e-02 -1.069126000000000104e-03
1.620000000000000000e+04 5.244004000000000026e-02 -1.092328999999999956e-03
1.630000000000000000e+04 5.276064999999999922e-02 -1.114184999999999958e-03
1.640000000000000000e+04 5.308095000000000174e-02 -1.134585000000000021e-03
1.650000000000000000e+04 5.340099999999999708e-02 -1.153441000000000058e-03
1.660000000000000000e+04 5.372082000000000246e-02 -1.170679999999999898e-03
1.670000000000000000e+04 5.404047000000000017e-02 -1.186241999999999895e-03
1.680000000000000000e+04 5.435995999999999884e-02 -1.200085000000000041e-03
1.690000000000000000e+04 5.467932999999999821e-02 -1.212175000000000015e-03
1.720000000000000000e+04 5.563689000000000134e-02 -1.237699999999999998e-03
1.730000000000000000e+04 5.595594000000000262e-02 -1.242550999999999942e-03
1.740000000000000000e+04 5.627493000000000078e-02 -1.245535000000000088e-03
1.750000000000000000e+04 5.659390000000000254e-02 -1.246633000000000029e-03
1.760000000000000000e+04 5.691285000000000094e-02 -1.245833000000000010e-03
1.770000000000000000e+04 5.723183999999999910e-02 -1.243130999999999967e-03
1.780000000000000000e+04 5.755086999999999703e-02 -1.238539999999999997e-03
1.790000000000000000e+04 5.786999000000000309e-02 -1.232082999999999920e-03
1.800000000000000000e+04 5.818921999999999983e-02 -1.223792000000000022e-03
1.810000000000000000e+04 5.850858999999999921e-02 -1.213707000000000067e-03
1.820000000000000000e+04 5.882811000000000290e-02 -1.201873999999999911e-03
1.830000000000000000e+04 5.914781000000000205e-02 -1.188341000000000093e-03
1.860000000000000000e+04 6.010822999999999861e-02 -1.138136000000000096e-03
1.870000000000000000e+04 6.042891000000000234e-02 -1.118452000000000031e-03
1.880000000000000000e+04 6.074990000000000251e-02 -1.097450000000000031e-03
1.890000000000000000e+04 6.107122000000000245e-02 -1.075238000000000062e-03
1.900000000000000000e+04 6.139290000000000025e-02 -1.051927999999999934e-03
1.910000000000000000e+04 6.171491999999999950e-02 -1.027638999999999896e-03
1.920000000000000000e+04 6.203729999999999661e-02 -1.002487000000000040e-03
1.930000000000000000e+04 6.236002999999999685e-02 -9.765874000000000343e-04
1.940000000000000000e+04 6.268310000000000548e-02 -9.500491000000000448e-04
1.950000000000000000e+04 6.300648999999999833e-02 -9.229718999999999510e-04
1.960000000000000000e+04 6.333020999999999789e-02 -8.954464999999999994e-04
1.970000000000000000e+04 6.365424999999999556e-02 -8.675587999999999919e-04
2.000000000000000000e+04 6.462843000000000060e-02 -7.826419000000000258e-04
2.010000000000000000e+04 6.495391000000000359e-02 -7.542805000000000299e-04
2.020000000000000000e+04 6.527980999999999367e-02 -7.261045000000000476e-04
2.030000000000000000e+04 6.560612000000000388e-02 -6.982578999999999609e-04
2.040000000000000000e+04 6.593285000000000118e-02 -6.708865000000000488e-04
2.050000000000000000e+04 6.625997000000000137e-02 -6.441291000000000464e-04
2.060000000000000000e+04 6.658745000000000636e-02 -6.181113999999999923e-04
2.070000000000000000e+04 6.691524999999999557e-02 -5.929416000000000287e-04
2.080000000000000000e+04 6.724334999999999340e-02 -5.687106000000000366e-04
2.090000000000000000e+04 6.757170999999999317e-02 -5.454941999999999517e-04
2.100000000000000000e+04 6.790032000000000012e-02 -5.233580000000000263e-04
2.130000000000000000e+04 6.888753000000000237e-02 -4.640496999999999829e-04
2.140000000000000000e+04 6.921707000000000554e-02 -4.468726000000000013e-04
2.150000000000000000e+04 6.954684999999999340e-02 -4.311199000000000259e-04
2.160000000000000000e+04 6.987685999999999897e-02 -4.168751000000000162e-04
2.170000000000000000e+04 7.020708000000000504e-02 -4.042178000000000112e-04
2.180000000000000000e+04 7.053748999999999436e-02 -3.932186999999999965e-04
2.190000000000000000e+04 7.086805000000000188e-02 -3.839361000000000119e-04
2.200000000000000000e+04 7.119873000000000174e-02 -3.764147000000000131e-04
2.210000000000000000e+04 7.152949000000000113e-02 -3.706857000000000142e-04
2.220000000000000000e+04 7.186032000000000530e-02 -3.667685000000000172e-04
2.230000000000000000e+04 7.219116999999999895e-02 -3.646726000000000091e-04
2.240000000000000000e+04 7.252203000000000122e-02 -3.643998000000000072e-04
2.270000000000000000e+04 7.351446999999999843e-02 -3.744544999999999840e-04
2.280000000000000000e+04 7.384517000000000164e-02 -3.813868999999999788e-04
2.290000000000000000e+04 7.417580000000000007e-02 -3.900789000000000101e-04
2.300000000000000000e+04 7.450632000000000088e-02 -4.005060999999999973e-04
2.310000000000000000e+04 7.483673000000000408e-02 -4.126377000000000083e-04
2.320000000000000000e+04 7.516699999999999771e-02 -4.264351999999999791e-04
2.330000000000000000e+04 7.549711000000000616e-02 -4.418522000000000248e-04
2.340000000000000000e+04 7.582703999999999833e-02 -4.588363999999999832e-04
2.350000000000000000e+04 7.615679000000000198e-02 -4.773313999999999747e-04
2.360000000000000000e+04 7.648633000000000515e-02 -4.972794000000000216e-04
2.370000000000000000e+04 7.681564999999999921e-02 -5.186210999999999599e-04
2.380000000000000000e+04 7.714474999999999805e-02 -5.412956000000000018e-04
2.410000000000000000e+04 7.813043000000000071e-02 -6.166054999999999496e-04
2.420000000000000000e+04 7.845836000000000476e-02 -6.438465999999999894e-04
2.430000000000000000e+04 7.878593000000000401e-02 -6.719798000000000134e-04
2.440000000000000000e+04 7.911311999999999511e-02 -7.008831000000000522e-04
2.450000000000000000e+04 7.943994000000000055e-02 -7.304292999999999897e-04
2.460000000000000000e+04 7.976637000000000310e-02 -7.604909000000000408e-04
2.470000000000000000e+04 8.009243000000000612e-02 -7.909451999999999976e-04
2.480000000000000000e+04 8.041811999999999572e-02 -8.216767999999999728e-04
2.490000000000000000e+04 8.074346000000000301e-02 -8.525794000000000384e-04
2.500000000000000000e+04 8.106847000000000358e-02 -8.835562999999999620e-04
2.510000000000000000e+04 8.139314000000000271e-02 -9.145175999999999869e-04
2.540000000000000000e+04 8.236504999999999521e-02 -1.006366000000000075e-03
2.550000000000000000e+04 8.268825000000000480e-02 -1.036271000000000067e-03
2.560000000000000000e+04 8.301102999999999954e-02 -1.065607000000000099e-03
2.570000000000000000e+04 8.333340000000000192e-02 -1.094230000000000072e-03
2.580000000000000000e+04 8.365537000000000667e-02 -1.121999000000000043e-03
2.590000000000000000e+04 8.397693999999999992e-02 -1.148776000000000007e-03
2.600000000000000000e+04 8.429815999999999698e-02 -1.174434000000000025e-03
2.610000000000000000e+04 8.461905000000000121e-02 -1.198863000000000099e-03
2.620000000000000000e+04 8.493966000000000016e-02 -1.221969999999999957e-03
2.630000000000000000e+04 8.526000000000000245e-02 -1.243673999999999951e-03
2.640000000000000000e+04 8.558011999999999564e-02 -1.263908000000000002e-03
2.650000000000000000e+04 8.590003999999999695e-02 -1.282617999999999909e-03
2.680000000000000000e+04 8.685869000000000228e-02 -1.329108999999999976e-03
2.690000000000000000e+04 8.717787999999999926e-02 -1.341215999999999893e-03
2.700000000000000000e+04 8.749690999999999719e-02 -1.351526999999999937e-03
2.710000000000000000e+04 8.781577999999999606e-02 -1.359980999999999907e-03
2.720000000000000000e+04 8.813451999999999398e-02 -1.366524000000000037e-03
2.730000000000000000e+04 8.845316000000000289e-02 -1.371108999999999913e-03
2.740000000000000000e+04 8.877174999999999649e-02 -1.373707000000000053e-03
2.750000000000000000e+04 8.909031000000000589e-02 -1.374304000000000020e-03
2.760000000000000000e+04 8.940887999999999614e-02 -1.372900999999999939e-03
2.770000000000000000e+04 8.972748999999999309e-02 -1.369505000000000028e-03
2.780000000000000000e+04 9.004616999999999483e-02 -1.364137000000000075e-03
2.790000000000000000e+04 9.036494999999999944e-02 -1.356821000000000025e-03
2.820000000000000000e+04 9.132212000000000662e-02 -1.323577999999999951e-03
2.830000000000000000e+04 9.164155000000000217e-02 -1.308899000000000087e-03
2.840000000000000000e+04 9.196120000000000683e-02 -1.292526000000000005e-03
2.850000000000000000e+04 9.228110000000000479e-02 -1.274533000000000003e-03
2.860000000000000000e+04 9.260126000000000468e-02 -1.255005000000000009e-03
2.870000000000000000e+04 9.292169999999999597e-02 -1.234029999999999893e-03
2.880000000000000000e+04 9.324243000000000114e-02 -1.211698999999999892e-03
2.890000000000000000e+04 9.356345000000000633e-02 -1.188103000000000032e-03
2.900000000000000000e+04 9.388477000000000627e-02 -1.163329000000000056e-03
2.910000000000000000e+04 9.420639999999999570e-02 -1.137462000000000108e-03
2.920000000000000000e+04 9.452832999999999375e-02 -1.110588000000000027e-03
2.950000000000000000e+04 9.549617999999999995e-02 -1.024832000000000043e-03
2.960000000000000000e+04 9.581955999999999807e-02 -9.948977000000000341e-04
2.970000000000000000e+04 9.614338000000000051e-02 -9.645034000000000463e-04
2.980000000000000000e+04 9.646762999999999866e-02 -9.337943999999999715e-04
2.990000000000000000e+04 9.679232000000000113e-02 -9.029195000000000276e-04
3.000000000000000000e+04 9.711743000000000459e-02 -8.720235999999999699e-04
3.010000000000000000e+04 9.744295000000000040e-02 -8.412413000000000529e-04
3.020000000000000000e+04 9.776885000000000436e-02 -8.106939000000000072e-04
3.030000000000000000e+04 9.809510000000000451e-02 -7.804879999999999717e-04
3.040000000000000000e+04 9.842169000000000612e-02 -7.507171999999999890e-04
3.050000000000000000e+04 9.874858999999999720e-02 -7.214666999999999478e-04
3.080000000000000000e+04 9.973121999999999543e-02 -6.376765999999999858e-04
3.090000000000000000e+04 1.000594000000000067e-01 -6.113797000000000242e-04
3.100000000000000000e+04 1.003880000000000050e-01 -5.860802999999999933e-04
3.110000000000000000e+04 1.007168999999999981e-01 -5.618974999999999578e-04
3.120000000000000000e+04 1.010462000000000027e-01 -5.389476000000000032e-04
3.130000000000000000e+04 1.013756999999999991e-01 -5.173387999999999468e-04
3.140000000000000000e+04 1.017055999999999932e-01 -4.971669000000000392e-04
3.150000000000000000e+04 1.020356000000000041e-01 -4.785136999999999854e-04
3.160000000000000000e+04 1.023658999999999958e-01 -4.614455999999999853e-04
3.170000000000000000e+04 1.026963999999999932e-01 -4.460153999999999920e-04
3.180000000000000000e+04 1.030269999999999936e-01 -4.322635000000000127e-04
3.190000000000000000e+04 1.033576999999999968e-01 -4.202222999999999831e-04
3.220000000000000000e+04 1.043506000000000017e-01 -3.946191999999999842e-04
3.230000000000000000e+04 1.046817000000000025e-01 -3.896727999999999802e-04
3.240000000000000000e+04 1.050129000000000062e-01 -3.865601999999999992e-04
3.250000000000000000e+04 1.053440999999999961e-01 -3.853028000000000204e-04
3.260000000000000000e+04 1.056754000000000027e-01 -3.859161999999999966e-04
3.270000000000000000e+04 1.060066000000000064e-01 -3.884080000000000258e-04
3.280000000000000000e+04 1.063378999999999991e-01 -3.927768999999999900e-04
3.290000000000000000e+04 1.066691000000000028e-01 -3.990124999999999748e-04
3.300000000000000000e+04 1.070002000000000036e-01 -4.070958000000000064e-04
3.310000000000000000e+04 1.073312000000000016e-01 -4.170019999999999760e-04
3.320000000000000000e+04 1.076620999999999967e-01 -4.287005999999999998e-04
3.350000000000000000e+04 1.086540000000000006e-01 -4.741454999999999888e-04
3.360000000000000000e+04 1.089843000000000062e-01 -4.925643000000000165e-04
3.370000000000000000e+04 1.093143000000000031e-01 -5.125051000000000476e-04
3.380000000000000000e+04 1.096440000000000053e-01 -5.338870999999999591e-04
3.390000000000000000e+04 1.099735000000000018e-01 -5.566228999999999795e-04
3.400000000000000000e+04 1.103027000000000035e-01 -5.806210000000000234e-04
3.410000000000000000e+04 1.106315999999999966e-01 -6.057890999999999493e-04
3.420000000000000000e+04 1.109601999999999949e-01 -6.320380000000000225e-04
3.430000000000000000e+04 1.112886000000000014e-01 -6.592839999999999985e-04
3.440000000000000000e+04 1.116165999999999964e-01 -6.874471999999999527e-04
3.450000000000000000e+04 1.119443999999999995e-01 -7.164485000000000168e-04
3.480000000000000000e+04 1.129257000000000039e-01 -8.076058999999999582e-04
3.490000000000000000e+04 1.132520999999999944e-01 -8.390319999999999723e-04
3.500000000000000000e+04 1.135781000000000013e-01 -8.707711000000000357e-04
3.510000000000000000e+04 1.139036999999999966e-01 -9.026830000000000444e-04
3.520000000000000000e+04 1.142288000000000053e-01 -9.346244999999999553e-04
3.530000000000000000e+04 1.145535000000000025e-01 -9.664556999999999835e-04
3.540000000000000000e+04 1.148779000000000050e-01 -9.980437999999999463e-04
3.550000000000000000e+04 1.152017999999999931e-01 -1.029264999999999911e-03
3.560000000000000000e+04 1.155254000000000003e-01 -1.060008999999999995e-03
3.570000000000000000e+04 1.158486999999999989e-01 -1.090173999999999961e-03
3.580000000000000000e+04 1.161717000000000027e-01 -1.119675000000000097e-03
3.590000000000000000e+04 1.164943999999999980e-01 -1.148434000000000043e-03
3.620000000000000000e+04 1.174608000000000041e-01 -1.229503000000000063e-03
3.630000000000000000e+04 1.177823999999999954e-01 -1.254502000000000004e-03
3.640000000000000000e+04 1.181036000000000030e-01 -1.278323000000000046e-03
3.650000000000000000e+04 1.184245000000000020e-01 -1.300858000000000006e-03
3.660000000000000000e+04 1.187451999999999952e-01 -1.322002999999999980e-03
3.670000000000000000e+04 1.190655999999999937e-01 -1.341663000000000100e-03
3.680000000000000000e+04 1.193858000000000003e-01 -1.359759000000000098e-03
3.690000000000000000e+04 1.197058000000000011e-01 -1.376227000000000049e-03
3.700000000000000000e+04 1.200255999999999962e-01 -1.391022000000000005e-03
3.710000000000000000e+04 1.203454000000000051e-01 -1.404111999999999895e-03
3.720000000000000000e+04 1.206650999999999974e-01 -1.415477000000000055e-03
3.750000000000000000e+04 1.216238999999999931e-01 -1.439132000000000085e-03
3.760000000000000000e+04 1.219435999999999992e-01 -1.443527999999999912e-03
3.770000000000000000e+04 1.222632000000000024e-01 -1.446180999999999942e-03
3.780000000000000000e+04 1.225828999999999946e-01 -1.447099000000000085e-03
3.790000000000000000e+04 1.229026000000000007e-01 -1.446297999999999941e-03
3.800000000000000000e+04 1.232223999999999958e-01 -1.443796999999999919e-03
3.810000000000000000e+04 1.235422999999999938e-01 -1.439628000000000088e-03
3.820000000000000000e+04 1.238623999999999975e-01 -1.433830000000000087e-03
3.830000000000000000e+04 1.241826000000000041e-01 -1.426448999999999990e-03
3.840000000000000000e+04 1.245030000000000026e-01 -1.417534000000000025e-03
3.850000000000000000e+04 1.248236000000000068e-01 -1.407136999999999928e-03
3.880000000000000000e+04 1.257868000000000042e-01 -1.367710999999999970e-03
3.890000000000000000e+04 1.261084000000000094e-01 -1.352095999999999897e-03
3.900000000000000000e+04 1.264303999999999983e-01 -1.335409000000000075e-03
3.910000000000000000e+04 1.267526999999999959e-01 -1.317767000000000070e-03
3.920000000000000000e+04 1.270754000000000050e-01 -1.299290000000000037e-03
3.930000000000000000e+04 1.273983999999999950e-01 -1.280097000000000006e-03
3.940000000000000000e+04 1.277217999999999964e-01 -1.260309000000000039e-03
3.950000000000000000e+04 1.280455000000000065e-01 -1.240034000000000101e-03
3.960000000000000000e+04 1.283694999999999975e-01 -1.219372999999999941e-03
3.970000000000000000e+04 1.286939000000000000e-01 -1.198417999999999923e-03
3.980000000000000000e+04 1.290186000000000111e-01 -1.177253999999999974e-03
4.010000000000000000e+04 1.299945999999999879e-01 -1.113391999999999941e-03
4.020000000000000000e+04 1.303207000000000115e-01 -1.092330000000000080e-03
4.030000000000000000e+04 1.306470999999999882e-01 -1.071584999999999899e-03
4.040000000000000000e+04 1.309740000000000071e-01 -1.051295999999999958e-03
4.050000000000000000e+04 1.313013000000000097e-01 -1.031599999999999922e-03
4.060000000000000000e+04 1.316288999999999931e-01 -1.012630999999999948e-03
4.070000000000000000e+04 1.319568999999999881e-01 -9.945082999999999528e-04
4.080000000000000000e+04 1.322851999999999917e-01 -9.773335000000001049e-04
4.090000000000000000e+04 1.326137000000000010e-01 -9.611936000000000395e-04
4.100000000000000000e+04 1.329424999999999912e-01 -9.461597999999999667e-04
4.110000000000000000e+04 1.332715999999999901e-01 -9.322932000000000137e-04
4.140000000000000000e+04 1.342599999999999905e-01 -8.982671999999999705e-04
4.150000000000000000e+04 1.345899000000000123e-01 -8.896594999999999547e-04
4.160000000000000000e+04 1.349200000000000121e-01 -8.825382000000000539e-04
4.170000000000000000e+04 1.352502999999999900e-01 -8.769799999999999688e-04
4.180000000000000000e+04 1.355809000000000042e-01 -8.730581000000000496e-04
4.190000000000000000e+04 1.359114999999999907e-01 -8.708356000000000213e-04
4.200000000000000000e+04 1.362424000000000135e-01 -8.703635000000000364e-04
4.210000000000000000e+04 1.365733000000000086e-01 -8.716782000000000393e-04
4.220000000000000000e+04 1.369043000000000065e-01 -8.748029000000000265e-04
4.230000000000000000e+04 1.372353000000000045e-01 -8.797498999999999640e-04
4.240000000000000000e+04 1.375663000000000025e-01 -8.865219000000000137e-04
4.270000000000000000e+04 1.385592999999999964e-01 -9.177226000000000350e-04
4.280000000000000000e+04 1.388900999999999886e-01 -9.317114999999999512e-04
4.290000000000000000e+04 1.392210000000000114e-01 -9.474680999999999555e-04
4.300000000000000000e+04 1.395517000000000007e-01 -9.649695000000000451e-04
4.310000000000000000e+04 1.398822999999999872e-01 -9.841860999999999925e-04
4.320000000000000000e+04 1.402127999999999985e-01 -1.005080999999999900e-03
4.330000000000000000e+04 1.405431000000000041e-01 -1.027612000000000013e-03
4.340000000000000000e+04 1.408733000000000068e-01 -1.051730000000000069e-03
4.350000000000000000e+04 1.412032000000000009e-01 -1.077384000000000024e-03
4.360000000000000000e+04 1.415329999999999921e-01 -1.104518000000000080e-03
4.370000000000000000e+04 1.418626000000000054e-01 -1.133073999999999974e-03
4.400000000000000000e+04 1.428497999999999990e-01 -1.226611999999999971e-03
4.410000000000000000e+04 1.431782000000000055e-01 -1.260143000000000027e-03
4.420000000000000000e+04 1.435064000000000062e-01 -1.294687000000000095e-03
4.430000000000000000e+04 1.438341999999999954e-01 -1.330129999999999897e-03
4.440000000000000000e+04 1.441616000000000009e-01 -1.366351999999999931e-03
4.450000000000000000e+04 1.444885999999999948e-01 -1.403231000000000010e-03
4.460000000000000000e+04 1.448153000000000079e-01 -1.440649999999999917e-03
4.470000000000000000e+04 1.451416000000000095e-01 -1.478495999999999934e-03
4.480000000000000000e+04 1.454676000000000025e-01 -1.516668000000000096e-03
4.490000000000000000e+04 1.457932000000000117e-01 -1.555067000000000038e-03
4.500000000000000000e+04 1.461185000000000123e-01 -1.593603000000000077e-03
4.530000000000000000e+04 1.470923000000000092e-01 -1.709077999999999943e-03
4.540000000000000000e+04 1.474160999999999944e-01 -1.747157999999999958e-03
4.550000000000000000e+04 1.477394999999999958e-01 -1.784814000000000019e-03
4.560000000000000000e+04 1.480625000000000135e-01 -1.821902999999999934e-03
4.570000000000000000e+04 1.483850999999999920e-01 -1.858281000000000039e-03
4.580000000000000000e+04 1.487072000000000116e-01 -1.893813000000000050e-03
4.590000000000000000e+04 1.490289999999999948e-01 -1.928374000000000060e-03
4.600000000000000000e+04 1.493504999999999971e-01 -1.961855000000000196e-03
4.610000000000000000e+04 1.496715999999999880e-01 -1.994160000000000030e-03
4.620000000000000000e+04 1.499925000000000008e-01 -2.025210999999999852e-03
4.630000000000000000e+04 1.503132000000000079e-01 -2.054938000000000077e-03
4.660000000000000000e+04 1.512737000000000109e-01 -2.135558000000000074e-03
4.670000000000000000e+04 1.515933999999999893e-01 -2.159348000000000170e-03
4.680000000000000000e+04 1.519128999999999896e-01 -2.181466999999999868e-03
4.690000000000000000e+04 1.522321000000000091e-01 -2.201839000000000140e-03
4.700000000000000000e+04 1.525511999999999979e-01 -2.220391999999999852e-03
4.710000000000000000e+04 1.528701000000000088e-01 -2.237063000000000072e-03
4.720000000000000000e+04 1.531888999999999890e-01 -2.251804999999999952e-03
4.730000000000000000e+04 1.535076999999999969e-01 -2.264584000000000041e-03
4.740000000000000000e+04 1.538262999999999991e-01 -2.275383000000000180e-03
4.750000000000000000e+04 1.541450000000000042e-01 -2.284195000000000149e-03
4.760000000000000000e+04 1.544636000000000065e-01 -2.291024000000000012e-03
4.790000000000000000e+04 1.554198999999999997e-01 -2.299774000000000089e-03
4.800000000000000000e+04 1.557389000000000134e-01 -2.298866000000000104e-03
4.810000000000000000e+04 1.560580000000000023e-01 -2.296104000000000200e-03
4.820000000000000000e+04 1.563772999999999969e-01 -2.291535999999999833e-03
4.830000000000000000e+04 1.566966999999999943e-01 -2.285216000000000070e-03
4.840000000000000000e+04 1.570164000000000004e-01 -2.277203000000000213e-03
4.850000000000000000e+04 1.573362000000000094e-01 -2.267564000000000125e-03
4.860000000000000000e+04 1.576562999999999992e-01 -2.256367000000000008e-03
4.870000000000000000e+04 1.579765999999999948e-01 -2.243684000000000130e-03
4.880000000000000000e+04 1.582971999999999990e-01 -2.229589000000000137e-03
4.890000000000000000e+04 1.586181000000000119e-01 -2.214157000000000017e-03
4.920000000000000000e+04 1.595827999999999969e-01 -2.160749999999999910e-03
4.930000000000000000e+04 1.599051999999999973e-01 -2.140968000000000038e-03
4.940000000000000000e+04 1.602280000000000093e-01 -2.120448000000000038e-03
4.950000000000000000e+04 1.605513000000000079e-01 -2.099372999999999864e-03
4.960000000000000000e+04 1.608750999999999931e-01 -2.077929999999999968e-03
4.970000000000000000e+04 1.611993999999999927e-01 -2.056305999999999932e-03
4.980000000000000000e+04 1.615240000000000009e-01 -2.034710999999999811e-03
4.990000000000000000e+04 1.618488999999999900e-01 -2.013272999999999886e-03
5.000000000000000000e+04 1.621739000000000097e-01 -1.992012000000000036e-03
