4.900000000000000000e+04 1.000000000000000000e+00
4.910000000000000000e+04 9.999780224610441692e-01
4.770000000000000000e+04 9.996924023377334878e-01
4.780000000000000000e+04 9.999340789733879298e-01
4.640000000000000000e+04 9.999999999999145128e-01
4.650000000000000000e+04 9.999340977988645518e-01
4.510000000000000000e+04 1.000000000000000000e+00
4.520000000000000000e+04 9.999121612719023000e-01
4.380000000000000000e+04 9.996926859249211095e-01
4.390000000000000000e+04 9.999560950980103113e-01
4.250000000000000000e+04 1.000000000000000000e+00
4.260000000000000000e+04 1.000131680017561031e+00
4.120000000000000000e+04 1.000307219662152525e+00
4.130000000000000000e+04 1.000373011519477995e+00
3.990000000000000000e+04 1.000307125307134060e+00
4.000000000000000000e+04 1.000592352076521863e+00
3.860000000000000000e+04 1.000614250614183076e+00
3.870000000000000000e+04 1.000614237139406226e+00
3.730000000000000000e+04 1.000307031010140957e+00
3.740000000000000000e+04 1.000460637434470001e+00
3.600000000000000000e+04 1.000307031010098324e+00
3.610000000000000000e+04 1.000143307537974868e+00
3.460000000000000000e+04 1.000307125307134282e+00
3.470000000000000000e+04 9.998244921240850847e-01
3.330000000000000000e+04 9.996927803379328514e-01
3.340000000000000000e+04 9.995391401672252263e-01
3.200000000000000000e+04 9.996926859250064856e-01
3.210000000000000000e+04 9.994835441170129009e-01
3.060000000000000000e+04 9.994772286970459163e-01
3.070000000000000000e+04 9.996088857638797398e-01
2.930000000000000000e+04 9.997230513586047307e-01
2.940000000000000000e+04 9.998768786991393265e-01
2.800000000000000000e+04 1.000000000000000000e+00
2.810000000000000000e+04 1.000125226845350657e+00
2.660000000000000000e+04 1.000215583615660098e+00
2.670000000000000000e+04 1.000188902007081326e+00
2.520000000000000000e+04 1.000123198225923327e+00
2.530000000000000000e+04 1.000002199910245526e+00
2.390000000000000000e+04 9.998768093625106657e-01
2.400000000000000000e+04 9.997926465485923453e-01
2.250000000000000000e+04 9.997844495765825235e-01
2.260000000000000000e+04 9.999117376596913243e-01
2.110000000000000000e+04 1.000092356001594851e+00
2.120000000000000000e+04 1.000268228548311100e+00
1.980000000000000000e+04 1.000430848772110526e+00
1.990000000000000000e+04 1.000508702296342145e+00
1.840000000000000000e+04 1.000522948197368978e+00
1.850000000000000000e+04 1.000457236120423143e+00
1.700000000000000000e+04 1.000338253382547782e+00
1.710000000000000000e+04 1.000192685336646958e+00
1.560000000000000000e+04 1.000061491160634697e+00
1.570000000000000000e+04 9.998565162136666684e-01
1.420000000000000000e+04 9.996925158354256213e-01
1.430000000000000000e+04 9.995790687617127634e-01
1.270000000000000000e+04 9.994771161417514982e-01
1.280000000000000000e+04 9.995077932731762926e-01
1.130000000000000000e+04 9.995384899390886702e-01
1.140000000000000000e+04 9.996676650391826957e-01
9.900000000000000000e+03 9.998461207029162301e-01
1.000000000000000000e+04 1.000018467031219105e+00
8.500000000000000000e+03 1.000184683575472855e+00
8.600000000000000000e+03 1.000284715034877925e+00
7.000000000000000000e+03 1.000338565712519667e+00
7.100000000000000000e+03 1.000338542788729912e+00
5.600000000000000000e+03 1.000338524035199184e+00
5.700000000000000000e+03 1.000217322319771229e+00
4.100000000000000000e+03 1.000092302012183243e+00
4.200000000000000000e+03 9.999638511451688361e-01
2.600000000000000000e+03 9.998554135326794823e-01
2.700000000000000000e+03 9.998288779430591910e-01
1.100000000000000000e+03 9.998154113097500462e-01
1.200000000000000000e+03 9.998445228029462228e-01
-3.000000000000000000e+02 9.998621494349358985e-01
-2.000000000000000000e+02 9.999040640934944157e-01
-1.800000000000000000e+03 9.999169044123740191e-01
-1.700000000000000000e+03 9.999775500881974422e-01
-3.400000000000000000e+03 1.000092338945494097e+00
-3.300000000000000000e+03 1.000138506286647022e+00
-4.900000000000000000e+03 1.000184666523036059e+00
-4.800000000000000000e+03 1.000196201387258732e+00
-6.400000000000000000e+03 1.000153874561451106e+00
-6.300000000000000000e+03 1.000066979236436504e+00
-8.000000000000000000e+03 9.999384520695495659e-01
-7.900000000000000000e+03 9.998653670095321022e-01
-9.500000000000000000e+03 9.997845888724833374e-01
-9.400000000000000000e+03 9.998280306431286402e-01
-1.110000000000000000e+04 9.998461349089075023e-01
-1.100000000000000000e+04 1.000010861242200733e+00
-1.270000000000000000e+04 1.000123092072869868e+00
-1.260000000000000000e+04 1.000208162504321319e+00
-1.430000000000000000e+04 1.000276940119374292e+00
-1.420000000000000000e+04 1.000177387123865058e+00
-1.590000000000000000e+04 1.000061544142525127e+00
-1.580000000000000000e+04 9.999475037109445408e-01
-1.750000000000000000e+04 9.998768965623372473e-01
-1.740000000000000000e+04 9.999316037050264283e-01
-1.920000000000000000e+04 1.000030780595896118e+00
-1.910000000000000000e+04 1.000088721023081328e+00
-2.080000000000000000e+04 1.000092341787730987e+00
-2.070000000000000000e+04 1.000049588500937281e+00
-2.250000000000000000e+04 9.999999999999572564e-01
-2.240000000000000000e+04 9.999076741581666150e-01
-2.420000000000000000e+04 9.999076809453530945e-01
-2.410000000000000000e+04 9.999384568043687693e-01
-2.590000000000000000e+04 9.999999999999572564e-01
-2.580000000000000000e+04 1.000003238792964932e+00
-2.770000000000000000e+04 9.999692336091787759e-01
-2.760000000000000000e+04 9.999470176943804356e-01
-2.940000000000000000e+04 9.999077150239999989e-01
-2.930000000000000000e+04 9.999206777037988880e-01
-3.120000000000000000e+04 1.000000000000042633e+00
-3.110000000000000000e+04 9.999077504958426843e-01
-3.310000000000000000e+04 9.996925914540335523e-01
-3.300000000000000000e+04 9.999838192938735881e-01
-3.490000000000000000e+04 1.000307408545966448e+00
-3.480000000000000000e+04 1.000000000000000000e+00
-3.680000000000000000e+04 1.000000000000000000e+00
-3.670000000000000000e+04 1.000068299013076478e+00
-3.760000000000000000e+04 1.000307408545966448e+00
-3.750000000000000000e+04 1.000153680651631793e+00
-3.770000000000000000e+04 1.000000000000000000e+00
-3.780000000000000000e+04 9.999999999999572564e-01
-3.790000000000000000e+04 1.000000000000000000e+00
-3.800000000000000000e+04 1.000000000000021316e+00
-3.820000000000000000e+04 1.000307314074950771e+00
-3.830000000000000000e+04 1.000307408545966448e+00
-3.840000000000000000e+04 1.000000000000000000e+00
-3.850000000000000000e+04 1.000000000000000000e+00
-3.860000000000000000e+04 1.000307314074908138e+00
-3.870000000000000000e+04 1.000102438025026297e+00
-3.900000000000000000e+04 1.000307314074993403e+00
-3.890000000000000000e+04 1.000153657037496702e+00
-3.910000000000000000e+04 1.000000000000000000e+00
-3.920000000000000000e+04 1.000307314074908138e+00
-3.930000000000000000e+04 1.000000000000000000e+00
-3.940000000000000000e+04 1.000153657037539334e+00
-3.960000000000000000e+04 1.000000000000000000e+00
-3.970000000000000000e+04 1.000000000000000000e+00
-3.980000000000000000e+04 1.000000000000000000e+00
-3.990000000000000000e+04 1.000307314074908138e+00
-4.000000000000000000e+04 1.000000000000000000e+00
-4.010000000000000000e+04 1.000307408545966448e+00
-4.020000000000000000e+04 1.000000000000028422e+00
-4.050000000000000000e+04 1.000000000000085487e+00
-4.040000000000000000e+04 1.000153680651653110e+00
-4.060000000000000000e+04 1.000000000000000000e+00
-4.070000000000000000e+04 9.999999999999146238e-01
-4.080000000000000000e+04 1.000307408545966448e+00
-4.090000000000000000e+04 1.000000000000000000e+00
-4.100000000000000000e+04 1.000307408545966448e+00
-4.110000000000000000e+04 1.000153680651610477e+00
-4.130000000000000000e+04 9.996926859250064856e-01
-4.140000000000000000e+04 1.000307408545966448e+00
-4.150000000000000000e+04 1.000307408545966448e+00
-4.160000000000000000e+04 9.999999999999146238e-01
-4.170000000000000000e+04 1.000000000000085487e+00
-4.180000000000000000e+04 1.000000000000000000e+00
-4.190000000000000000e+04 1.000307408545966448e+00
-4.200000000000000000e+04 1.000000000000000000e+00
-4.210000000000000000e+04 1.000153704272983113e+00
-4.230000000000000000e+04 1.000307503075039683e+00
-4.240000000000000000e+04 1.000000000000000000e+00
-4.250000000000000000e+04 1.000000000000000000e+00
-4.260000000000000000e+04 1.000307503074954196e+00
-4.270000000000000000e+04 1.000000000000085487e+00
-4.280000000000000000e+04 1.000000000000000000e+00
-4.290000000000000000e+04 1.000307503074954196e+00
-4.300000000000000000e+04 1.000000000000000000e+00
-4.310000000000000000e+04 1.000153727901618606e+00
-4.330000000000000000e+04 1.000000000000000000e+00
-4.340000000000000000e+04 1.000307503075039683e+00
-4.350000000000000000e+04 9.996925914540335523e-01
-4.360000000000000000e+04 1.000000000000000000e+00
-4.370000000000000000e+04 1.000307503075039683e+00
-4.380000000000000000e+04 1.000000000000000000e+00
-4.390000000000000000e+04 1.000307597662266623e+00
-4.400000000000000000e+04 1.000000000000000000e+00
-4.410000000000000000e+04 1.000000000000000000e+00
-4.420000000000000000e+04 1.000307597662266401e+00
-4.430000000000000000e+04 1.000000000000000000e+00
-4.440000000000000000e+04 1.000102522042242148e+00
-4.470000000000000000e+04 1.000307597662266623e+00
-4.460000000000000000e+04 1.000000000000000000e+00
-4.480000000000000000e+04 1.000307597662266623e+00
-4.490000000000000000e+04 9.999999999999145128e-01
-4.500000000000000000e+04 1.000307597662351888e+00
-4.510000000000000000e+04 1.000000000000000000e+00
-4.520000000000000000e+04 1.000000000000000000e+00
-4.530000000000000000e+04 1.000000000000000000e+00
-4.540000000000000000e+04 1.000307597662181136e+00
-4.550000000000000000e+04 1.000000000000000000e+00
-4.560000000000000000e+04 1.000000000000085487e+00
-4.570000000000000000e+04 1.000000000000000000e+00
-4.580000000000000000e+04 1.000307692307701002e+00
-4.590000000000000000e+04 9.996924023376480006e-01
-4.600000000000000000e+04 1.000102553584279130e+00
-4.630000000000000000e+04 1.000307692307701002e+00
-4.620000000000000000e+04 9.999999999999572564e-01
-4.640000000000000000e+04 1.000000000000085265e+00
-4.650000000000000000e+04 1.000000000000000000e+00
-4.660000000000000000e+04 1.000307692307615737e+00
-4.670000000000000000e+04 9.996924023377334878e-01
-4.680000000000000000e+04 1.000000000000085265e+00
-4.690000000000000000e+04 1.000000000000000000e+00
-4.700000000000000000e+04 9.999999999999146238e-01
-4.710000000000000000e+04 1.000000000000000000e+00
-4.720000000000000000e+04 9.996924023378187529e-01
-4.730000000000000000e+04 1.000000000000000000e+00
-4.740000000000000000e+04 9.996923076922135110e-01
-4.750000000000000000e+04 1.000000000000085265e+00
-4.760000000000000000e+04 1.000000000000000000e+00
-4.770000000000000000e+04 1.000000000000000000e+00
-4.780000000000000000e+04 9.996923076922987761e-01
-4.790000000000000000e+04 1.000000000000000000e+00
-4.800000000000000000e+04 1.000000000000000000e+00
-4.810000000000000000e+04 9.996923076922987761e-01
-4.820000000000000000e+04 1.000307787011396998e+00
-4.830000000000000000e+04 9.996923076922987761e-01
-4.840000000000000000e+04 1.000000000000000000e+00
-4.850000000000000000e+04 9.996923076922987761e-01
-4.860000000000000000e+04 1.000000000000000000e+00
-4.870000000000000000e+04 9.996923076923841522e-01
-4.880000000000000000e+04 1.000307787011311511e+00
-4.890000000000000000e+04 9.996923076922987761e-01
-4.900000000000000000e+04 1.000000000000085265e+00
-4.910000000000000000e+04 9.996923076922135110e-01
-4.920000000000000000e+04 9.996923076922987761e-01
-4.930000000000000000e+04 1.000307787011482485e+00
-4.940000000000000000e+04 9.996923076922135110e-01
-4.950000000000000000e+04 1.000000000000000000e+00
-4.960000000000000000e+04 1.000000000000085265e+00
-4.970000000000000000e+04 1.000307787011311511e+00
-4.980000000000000000e+04 9.998461538461921316e-01
-5.000000000000000000e+04 1.000000000000085265e+00
-4.990000000000000000e+04 9.999271255060731001e-01
-4.610000000000000000e+04 1.000076902372435184e+00
-4.450000000000000000e+04 1.000094618568896809e+00
-4.320000000000000000e+04 1.000122978540239682e+00
-4.220000000000000000e+04 1.000092216894137742e+00
-4.120000000000000000e+04 1.000102448519621934e+00
-4.030000000000000000e+04 1.000115247205258573e+00
-3.950000000000000000e+04 1.000087804021414506e+00
-3.880000000000000000e+04 1.000131711814547408e+00
-3.810000000000000000e+04 1.000043903938184542e+00
-3.740000000000000000e+04 1.000000000000000000e+00
-3.730000000000000000e+04 1.000000000000000000e+00
-3.720000000000000000e+04 1.000307408545966448e+00
-3.710000000000000000e+04 1.000000000000000000e+00
-3.700000000000000000e+04 9.996926859250064856e-01
-3.690000000000000000e+04 1.000102448519621934e+00
-3.660000000000000000e+04 1.000000000000042633e+00
-3.650000000000000000e+04 9.999999999999572564e-01
-3.640000000000000000e+04 1.000000000000000000e+00
-3.630000000000000000e+04 1.000000000000000000e+00
-3.620000000000000000e+04 1.000000000000000000e+00
-3.610000000000000000e+04 1.000000000000000000e+00
-3.600000000000000000e+04 1.000000000000000000e+00
-3.590000000000000000e+04 9.996926859250491182e-01
-3.580000000000000000e+04 1.000307408545923815e+00
-3.570000000000000000e+04 1.000000000000000000e+00
-3.560000000000000000e+04 9.996926859250064856e-01
-3.550000000000000000e+04 1.000000000000000000e+00
-3.540000000000000000e+04 1.000307408545966448e+00
-3.530000000000000000e+04 1.000000000000000000e+00
-3.520000000000000000e+04 1.000000000000000000e+00
-3.510000000000000000e+04 1.000000000000000000e+00
-3.500000000000000000e+04 1.000000000000014211e+00
-3.470000000000000000e+04 1.000000000000000000e+00
-3.460000000000000000e+04 1.000307503074996829e+00
-3.450000000000000000e+04 9.996925914540335523e-01
-3.440000000000000000e+04 1.000000000000000000e+00
-3.430000000000000000e+04 1.000000000000042633e+00
-3.420000000000000000e+04 1.000000000000000000e+00
-3.410000000000000000e+04 9.996925914540335523e-01
-3.400000000000000000e+04 1.000307503074996829e+00
-3.390000000000000000e+04 1.000000000000042633e+00
-3.380000000000000000e+04 9.996925914540335523e-01
-3.370000000000000000e+04 1.000307503074996829e+00
-3.360000000000000000e+04 9.996925914540335523e-01
-3.350000000000000000e+04 9.996925914540335523e-01
-3.340000000000000000e+04 1.000307503075039683e+00
-3.330000000000000000e+04 9.996925914540335523e-01
-3.320000000000000000e+04 1.000000000000014211e+00
-3.290000000000000000e+04 1.000000000000000000e+00
-3.280000000000000000e+04 1.000000000000000000e+00
-3.270000000000000000e+04 1.000000000000000000e+00
-3.260000000000000000e+04 1.000000000000000000e+00
-3.250000000000000000e+04 9.999999999999572564e-01
-3.240000000000000000e+04 1.000000000000000000e+00
-3.230000000000000000e+04 9.996925914540335523e-01
-3.220000000000000000e+04 9.996924969250030601e-01
-3.210000000000000000e+04 1.000000000000000000e+00
-3.200000000000000000e+04 1.000000000000000000e+00
-3.190000000000000000e+04 9.996924969250030601e-01
-3.180000000000000000e+04 9.999999999999572564e-01
-3.170000000000000000e+04 1.000307597662266623e+00
-3.160000000000000000e+04 9.996924969249603166e-01
-3.150000000000000000e+04 9.996924969250030601e-01
-3.140000000000000000e+04 1.000000000000000000e+00
-3.130000000000000000e+04 9.998974884674497465e-01
-3.100000000000000000e+04 1.000000000000000000e+00
-3.090000000000000000e+04 9.996924969249176840e-01
-3.080000000000000000e+04 1.000000000000042633e+00
-3.070000000000000000e+04 9.998769912048932618e-01
-3.060000000000000000e+04 9.999692430719754332e-01
-3.050000000000000000e+04 9.999077320538902747e-01
-3.040000000000000000e+04 9.999077292160116759e-01
-3.030000000000000000e+04 9.999692421260004682e-01
-3.020000000000000000e+04 9.999384842519154493e-01
-3.010000000000000000e+04 9.999077263779586611e-01
-3.000000000000000000e+04 9.999077235397735297e-01
-2.990000000000000000e+04 9.999077235396882646e-01
-2.980000000000000000e+04 9.999384804675381933e-01
-2.970000000000000000e+04 9.998769609351190191e-01
-2.960000000000000000e+04 9.999077178627516771e-01
-2.950000000000000000e+04 9.998872107211219662e-01
-2.920000000000000000e+04 9.999077150239999989e-01
-2.910000000000000000e+04 9.999077121850737937e-01
-2.900000000000000000e+04 9.999384747900349479e-01
-2.890000000000000000e+04 9.999077121851165373e-01
-2.880000000000000000e+04 9.999077121850737937e-01
-2.870000000000000000e+04 9.999692364486291174e-01
-2.860000000000000000e+04 9.999384728973009784e-01
-2.850000000000000000e+04 9.999692355022039569e-01
-2.840000000000000000e+04 1.000000000000042633e+00
-2.830000000000000000e+04 9.999384710044505464e-01
-2.820000000000000000e+04 1.000000000000000000e+00
-2.810000000000000000e+04 9.999692345557205098e-01
-2.800000000000000000e+04 9.999692345557632533e-01
-2.790000000000000000e+04 1.000000000000000000e+00
-2.780000000000000000e+04 9.999794888624631284e-01
-2.750000000000000000e+04 9.999692336091787759e-01
-2.740000000000000000e+04 9.999692326626216099e-01
-2.730000000000000000e+04 1.000030768284036586e+00
-2.720000000000000000e+04 9.999692326625789773e-01
-2.710000000000000000e+04 1.000000000000000000e+00
-2.700000000000000000e+04 1.000000000000000000e+00
-2.690000000000000000e+04 1.000000000000000000e+00
-2.680000000000000000e+04 1.000030769230795702e+00
-2.670000000000000000e+04 1.000000000000000000e+00
-2.660000000000000000e+04 1.000030769230753069e+00
-2.650000000000000000e+04 1.000000000000042633e+00
-2.640000000000000000e+04 1.000030769230753069e+00
-2.630000000000000000e+04 1.000000000000000000e+00
-2.620000000000000000e+04 1.000000000000000000e+00
-2.610000000000000000e+04 1.000030770177527728e+00
-2.600000000000000000e+04 1.000010256725842428e+00
-2.570000000000000000e+04 9.999692298224722720e-01
-2.560000000000000000e+04 1.000000000000000000e+00
-2.550000000000000000e+04 9.999384596449018003e-01
-2.540000000000000000e+04 9.999384577512786532e-01
-2.530000000000000000e+04 9.999692288755965830e-01
-2.520000000000000000e+04 9.999384558574961890e-01
-2.510000000000000000e+04 9.999076866268324926e-01
-2.500000000000000000e+04 9.999384558574961890e-01
-2.490000000000000000e+04 9.998769155024718192e-01
-2.480000000000000000e+04 9.999076837862015399e-01
-2.470000000000000000e+04 9.999384539635544078e-01
-2.460000000000000000e+04 9.999076837862015399e-01
-2.450000000000000000e+04 9.999384539635971514e-01
-2.440000000000000000e+04 9.998769117148641472e-01
-2.430000000000000000e+04 9.999179377763335319e-01
-2.400000000000000000e+04 9.999384520695389078e-01
-2.390000000000000000e+04 9.998769041390777046e-01
-2.380000000000000000e+04 9.999076781043296780e-01
-2.370000000000000000e+04 9.998769041391204482e-01
-2.360000000000000000e+04 9.998769003508134467e-01
-2.350000000000000000e+04 9.998769003508561903e-01
-2.340000000000000000e+04 9.998769003508134467e-01
-2.330000000000000000e+04 9.999076724217582646e-01
-2.320000000000000000e+04 9.998461254385807573e-01
-2.310000000000000000e+04 9.999076724217155210e-01
-2.300000000000000000e+04 9.999076695802101566e-01
-2.290000000000000000e+04 9.999076724217582646e-01
-2.280000000000000000e+04 9.999384463867926343e-01
-2.270000000000000000e+04 9.999384463867926343e-01
-2.260000000000000000e+04 9.999589638368885369e-01
-2.230000000000000000e+04 1.000000000000000000e+00
-2.220000000000000000e+04 1.000000000000000000e+00
-2.210000000000000000e+04 1.000061557402287971e+00
-2.200000000000000000e+04 1.000000000000000000e+00
-2.190000000000000000e+04 1.000030778701122669e+00
-2.180000000000000000e+04 1.000061557402287971e+00
-2.170000000000000000e+04 1.000061559297003022e+00
-2.160000000000000000e+04 1.000061557402245116e+00
-2.150000000000000000e+04 1.000061559297003244e+00
-2.140000000000000000e+04 1.000092338945483217e+00
-2.130000000000000000e+04 1.000061559297003022e+00
-2.120000000000000000e+04 1.000061559296960612e+00
-2.110000000000000000e+04 1.000123122383669960e+00
-2.100000000000000000e+04 1.000092341787730987e+00
-2.090000000000000000e+04 1.000102601986377238e+00
-2.060000000000000000e+04 1.000092341787730987e+00
-2.050000000000000000e+04 1.000092341787730987e+00
-2.040000000000000000e+04 1.000153907716937463e+00
-2.030000000000000000e+04 1.000123122383627106e+00
-2.020000000000000000e+04 1.000092341787773842e+00
-2.010000000000000000e+04 1.000153907716937240e+00
-2.000000000000000000e+04 1.000092341787730987e+00
-1.990000000000000000e+04 1.000153907716937463e+00
-1.980000000000000000e+04 1.000092341787730987e+00
-1.970000000000000000e+04 1.000061561191834869e+00
-1.960000000000000000e+04 1.000061561191834869e+00
-1.950000000000000000e+04 1.000061561191792237e+00
-1.940000000000000000e+04 1.000030780595938751e+00
-1.930000000000000000e+04 9.999999999999927836e-01
-1.900000000000000000e+04 9.999692203514984890e-01
-1.890000000000000000e+04 9.999384407030180721e-01
-1.880000000000000000e+04 9.999692203514984890e-01
-1.870000000000000000e+04 9.999692203515198052e-01
-1.860000000000000000e+04 9.999692203514984890e-01
-1.850000000000000000e+04 9.999384425977120294e-01
-1.840000000000000000e+04 9.999384425977334567e-01
-1.830000000000000000e+04 9.999076667384659833e-01
-1.820000000000000000e+04 9.999384425977334567e-01
-1.810000000000000000e+04 9.999076667384659833e-01
-1.800000000000000000e+04 9.998768927736065848e-01
-1.790000000000000000e+04 9.999384444923320459e-01
-1.780000000000000000e+04 9.998768927736065848e-01
-1.770000000000000000e+04 9.998768927736065848e-01
-1.760000000000000000e+04 9.998768965623372473e-01
-1.730000000000000000e+04 9.998461254385381247e-01
-1.720000000000000000e+04 9.999076724217582646e-01
-1.710000000000000000e+04 9.998769041390777046e-01
-1.700000000000000000e+04 9.999076752631528286e-01
-1.690000000000000000e+04 9.999076781043082507e-01
-1.680000000000000000e+04 9.999076781043296780e-01
-1.670000000000000000e+04 9.999076809453530945e-01
-1.660000000000000000e+04 9.999692260347694539e-01
-1.650000000000000000e+04 9.999692269817772594e-01
-1.640000000000000000e+04 9.999692279287480945e-01
-1.630000000000000000e+04 1.000030773018201424e+00
-1.620000000000000000e+04 1.000000000000021316e+00
-1.610000000000000000e+04 1.000030772071251794e+00
-1.600000000000000000e+04 1.000071800763137286e+00
-1.570000000000000000e+04 1.000092316213798460e+00
-1.560000000000000000e+04 1.000123084497528181e+00
-1.550000000000000000e+04 1.000123084497485548e+00
-1.540000000000000000e+04 1.000123084497506865e+00
-1.530000000000000000e+04 1.000153855621910282e+00
-1.520000000000000000e+04 1.000153855621867649e+00
-1.510000000000000000e+04 1.000184626746271066e+00
-1.500000000000000000e+04 1.000184626746249528e+00
-1.490000000000000000e+04 1.000184626746271066e+00
-1.480000000000000000e+04 1.000246168995013729e+00
-1.470000000000000000e+04 1.000215397870631628e+00
-1.460000000000000000e+04 1.000276940119395608e+00
-1.450000000000000000e+04 1.000246168995013729e+00
-1.440000000000000000e+04 1.000266683077934982e+00
-1.410000000000000000e+04 1.000276940119395608e+00
-1.400000000000000000e+04 1.000246168994992191e+00
-1.390000000000000000e+04 1.000276948641438235e+00
-1.380000000000000000e+04 1.000215397870631628e+00
-1.370000000000000000e+04 1.000246176570143586e+00
-1.360000000000000000e+04 1.000215397870631628e+00
-1.350000000000000000e+04 1.000215404498891569e+00
-1.340000000000000000e+04 1.000184632427596920e+00
-1.330000000000000000e+04 1.000215404498891569e+00
-1.320000000000000000e+04 1.000153860356323809e+00
-1.310000000000000000e+04 1.000184632427618459e+00
-1.300000000000000000e+04 1.000153860356323809e+00
-1.290000000000000000e+04 1.000153865091092609e+00
-1.280000000000000000e+04 1.000143605945288838e+00
-1.250000000000000000e+04 1.000092319054646905e+00
-1.240000000000000000e+04 1.000092319054668222e+00
-1.230000000000000000e+04 1.000092319054646905e+00
-1.220000000000000000e+04 1.000092321895670322e+00
-1.210000000000000000e+04 1.000030773018222741e+00
-1.200000000000000000e+04 1.000030773965230546e+00
-1.190000000000000000e+04 1.000030773965209230e+00
-1.180000000000000000e+04 9.999692269817772594e-01
-1.170000000000000000e+04 1.000000000000021316e+00
-1.160000000000000000e+04 9.999384520695389078e-01
-1.150000000000000000e+04 9.999384520695389078e-01
-1.140000000000000000e+04 9.999384520695602241e-01
-1.130000000000000000e+04 9.999076781043082507e-01
-1.120000000000000000e+04 9.998769054018019631e-01
-1.090000000000000000e+04 9.998769041390991319e-01
-1.080000000000000000e+04 9.998461301738899021e-01
-1.070000000000000000e+04 9.998769041390777046e-01
-1.060000000000000000e+04 9.998461349089288186e-01
-1.050000000000000000e+04 9.998461301738684748e-01
-1.040000000000000000e+04 9.998461301738899021e-01
-1.030000000000000000e+04 9.998153618906633344e-01
-1.020000000000000000e+04 9.998153618907060780e-01
-1.010000000000000000e+04 9.998461301738899021e-01
-1.000000000000000000e+04 9.997845888724619101e-01
-9.900000000000000000e+03 9.998461301738684748e-01
-9.800000000000000000e+03 9.997845888724833374e-01
-9.700000000000000000e+03 9.997538158542604858e-01
-9.600000000000000000e+03 9.997845888724796737e-01
-9.300000000000000000e+03 9.997845888724619101e-01
-9.200000000000000000e+03 9.998461301738792439e-01
-9.100000000000000000e+03 9.998153618906954199e-01
-9.000000000000000000e+03 9.998153618906954199e-01
-8.900000000000000000e+03 9.998461349089075023e-01
-8.800000000000000000e+03 9.998769079271409010e-01
-8.700000000000000000e+03 9.998461349088968442e-01
-8.600000000000000000e+03 9.998769079271302429e-01
-8.500000000000000000e+03 9.999384520695495659e-01
-8.400000000000000000e+03 9.999076809453530945e-01
-8.300000000000000000e+03 9.999076809453423254e-01
-8.200000000000000000e+03 9.999384520695495659e-01
-8.100000000000000000e+03 9.999487111102014492e-01
-7.800000000000000000e+03 9.999692260347694539e-01
-7.700000000000000000e+03 1.000000000000010658e+00
-7.600000000000000000e+03 9.999999999999893419e-01
-7.500000000000000000e+03 1.000030773965230546e+00
-7.400000000000000000e+03 1.000030773965219888e+00
-7.300000000000000000e+03 1.000061547930450434e+00
-7.200000000000000000e+03 1.000092324736879368e+00
-7.100000000000000000e+03 1.000061547930450434e+00
-7.000000000000000000e+03 1.000092321895670322e+00
-6.900000000000000000e+03 1.000123099649165237e+00
-6.800000000000000000e+03 1.000153874561461986e+00
-6.700000000000000000e+03 1.000153874561461986e+00
-6.600000000000000000e+03 1.000153874561461986e+00
-6.500000000000000000e+03 1.000164134549292205e+00
-6.200000000000000000e+03 1.000153874561461986e+00
-6.100000000000000000e+03 1.000184655156494129e+00
-6.000000000000000000e+03 1.000184655156504787e+00
-5.900000000000000000e+03 1.000215437646183148e+00
-5.800000000000000000e+03 1.000184655156494129e+00
-5.700000000000000000e+03 1.000184660839590123e+00
-5.600000000000000000e+03 1.000215437646193806e+00
-5.500000000000000000e+03 1.000184660839579465e+00
-5.400000000000000000e+03 1.000215444276891352e+00
-5.300000000000000000e+03 1.000215437646193806e+00
-5.200000000000000000e+03 1.000215444276870036e+00
-5.100000000000000000e+03 1.000215444276870036e+00
-5.000000000000000000e+03 1.000215448697563625e+00
-4.700000000000000000e+03 1.000215450907965042e+00
-4.600000000000000000e+03 1.000184672206837044e+00
-4.500000000000000000e+03 1.000153893505693059e+00
-4.400000000000000000e+03 1.000184677890977314e+00
-4.300000000000000000e+03 1.000123114804554403e+00
-4.200000000000000000e+03 1.000153898242486461e+00
-4.100000000000000000e+03 1.000092336103415747e+00
-4.000000000000000000e+03 1.000123118593979621e+00
-3.900000000000000000e+03 1.000123118593990279e+00
-3.800000000000000000e+03 1.000092338945488768e+00
-3.700000000000000000e+03 1.000092338945494097e+00
-3.600000000000000000e+03 1.000092338945483217e+00
-3.500000000000000000e+03 1.000071818442975768e+00
-3.200000000000000000e+03 1.000061559296992364e+00
-3.100000000000000000e+03 1.000030779648501511e+00
-3.000000000000000000e+03 1.000018467163839242e+00
-2.900000000000000000e+03 1.000006155778123240e+00
-2.800000000000000000e+03 9.999938442597701149e-01
-2.700000000000000000e+03 9.999784550418285844e-01
-2.600000000000000000e+03 9.999661438455684781e-01
-2.500000000000000000e+03 9.999507551391675353e-01
-2.400000000000000000e+03 9.999445998725742246e-01
-2.300000000000000000e+03 9.999353671147872546e-01
-2.200000000000000000e+03 9.999292122555154538e-01
-2.100000000000000000e+03 9.999230572730886113e-01
-2.000000000000000000e+03 9.999199805491147952e-01
-1.900000000000000000e+03 9.999199821088206042e-01
-1.600000000000000000e+03 9.999230612986053091e-01
-1.500000000000000000e+03 9.999199847355463300e-01
-1.400000000000000000e+03 9.999199854742855109e-01
-1.300000000000000000e+03 9.999230639031251311e-01
-1.200000000000000000e+03 9.999169102938897380e-01
-1.100000000000000000e+03 9.999169110609839040e-01
-1.000000000000000000e+03 9.999138350186792534e-01
-9.000000000000000000e+02 9.999076812294404037e-01
-8.000000000000000000e+02 9.999015281598687688e-01
-7.000000000000000000e+02 9.998922980819821005e-01
-6.000000000000000000e+02 9.998799911378075667e-01
-5.000000000000000000e+02 9.998799922456532707e-01
-4.000000000000000000e+02 9.998622520870910080e-01
-1.000000000000000000e+02 9.998556920412775550e-01
0.000000000000000000e+00 9.998572601810044036e-01
1.000000000000000000e+02 9.998584376726923351e-01
2.000000000000000000e+02 9.998578521021889154e-01
3.000000000000000000e+02 9.998560079306401116e-01
4.000000000000000000e+02 9.998541637181479480e-01
5.000000000000000000e+02 9.998492428298042523e-01
6.000000000000000000e+02 9.998430918896958897e-01
7.000000000000000000e+02 9.998369406371624413e-01
8.000000000000000000e+02 9.998277124520837944e-01
9.000000000000000000e+02 9.998246375072672443e-01
1.000000000000000000e+03 9.998133605156991344e-01
1.300000000000000000e+03 9.998061854528345060e-01
1.400000000000000000e+03 9.998154152848459653e-01
1.500000000000000000e+03 9.998154169884034825e-01
1.600000000000000000e+03 9.998215708532917079e-01
1.700000000000000000e+03 9.998277241124714498e-01
1.800000000000000000e+03 9.998277251724285719e-01
1.900000000000000000e+03 9.998277262323725934e-01
2.000000000000000000e+03 9.998308030701534843e-01
2.100000000000000000e+03 9.998369556857890084e-01
2.200000000000000000e+03 9.998369561873566846e-01
2.300000000000000000e+03 9.998400329778183160e-01
2.400000000000000000e+03 9.998431087840622400e-01
2.500000000000000000e+03 9.998564388214037368e-01
2.800000000000000000e+03 9.998677179500591317e-01
2.900000000000000000e+03 9.998800225188493318e-01
3.000000000000000000e+03 9.998954032818775373e-01
3.100000000000000000e+03 9.999046324040601341e-01
3.200000000000000000e+03 9.999384710044665336e-01
3.300000000000000000e+03 9.999384710044558755e-01
3.400000000000000000e+03 9.999384710044612046e-01
3.500000000000000000e+03 1.000000000000000000e+00
3.600000000000000000e+03 1.000000000000005329e+00
3.700000000000000000e+03 1.000030766390789250e+00
3.800000000000000000e+03 1.000030766390794579e+00
3.900000000000000000e+03 1.000092302012183243e+00
4.000000000000000000e+03 1.000092302958822010e+00
4.300000000000000000e+03 1.000153846153850612e+00
4.400000000000000000e+03 1.000153846153845283e+00
4.500000000000000000e+03 1.000184621065262514e+00
4.600000000000000000e+03 1.000184621065267843e+00
4.700000000000000000e+03 1.000153850887713469e+00
4.800000000000000000e+03 1.000215397870642287e+00
4.900000000000000000e+03 1.000246176570138257e+00
5.000000000000000000e+03 1.000215404498880911e+00
5.100000000000000000e+03 1.000276957163962477e+00
5.200000000000000000e+03 1.000246176570143586e+00
5.300000000000000000e+03 1.000307739652263050e+00
5.400000000000000000e+03 1.000307730182163679e+00
5.500000000000000000e+03 1.000318000902715720e+00
5.800000000000000000e+03 1.000338524035199184e+00
5.900000000000000000e+03 1.000338534453578010e+00
6.000000000000000000e+03 1.000338534453567352e+00
6.100000000000000000e+03 1.000338534453578010e+00
6.200000000000000000e+03 1.000307758594167540e+00
6.300000000000000000e+03 1.000338544872565905e+00
6.400000000000000000e+03 1.000338544872587443e+00
6.500000000000000000e+03 1.000369333046082776e+00
6.600000000000000000e+03 1.000338555292238141e+00
6.700000000000000000e+03 1.000338555292227483e+00
6.800000000000000000e+03 1.000338555292238141e+00
6.900000000000000000e+03 1.000359088530711871e+00
7.200000000000000000e+03 1.000369355781954850e+00
7.300000000000000000e+03 1.000338576133453117e+00
7.400000000000000000e+03 1.000338576133474433e+00
7.500000000000000000e+03 1.000307796484962264e+00
7.600000000000000000e+03 1.000307796484962264e+00
7.700000000000000000e+03 1.000307805959121499e+00
7.800000000000000000e+03 1.000307805959121499e+00
7.900000000000000000e+03 1.000277025363214722e+00
8.000000000000000000e+03 1.000215457539478825e+00
8.100000000000000000e+03 1.000246244767286630e+00
8.200000000000000000e+03 1.000246244767297066e+00
8.300000000000000000e+03 1.000215464171390289e+00
8.400000000000000000e+03 1.000174419797673853e+00
8.700000000000000000e+03 1.000153902979566078e+00
8.800000000000000000e+03 1.000123118593984950e+00
8.900000000000000000e+03 1.000092336103410418e+00
9.000000000000000000e+03 1.000092338945494097e+00
9.100000000000000000e+03 1.000030778701133327e+00
9.200000000000000000e+03 1.000061557402277312e+00
9.300000000000000000e+03 9.999692222461660229e-01
9.400000000000000000e+03 1.000000000000000000e+00
9.500000000000000000e+03 9.999384463868032924e-01
9.600000000000000000e+03 9.999076667384766415e-01
9.700000000000000000e+03 9.998768965623265892e-01
9.800000000000000000e+03 9.998256034633163924e-01
1.010000000000000000e+04 9.997538007016479877e-01
1.020000000000000000e+04 9.997538082782194691e-01
1.030000000000000000e+04 9.996922698178148936e-01
1.040000000000000000e+04 9.997230428360589505e-01
1.050000000000000000e+04 9.996922698177934663e-01
1.060000000000000000e+04 9.996615176318617291e-01
1.070000000000000000e+04 9.996615072160580651e-01
1.080000000000000000e+04 9.995999876919473559e-01
1.090000000000000000e+04 9.995999876919046123e-01
1.100000000000000000e+04 9.995999999999970465e-01
1.110000000000000000e+04 9.995692307692438661e-01
1.120000000000000000e+04 9.995179783808151308e-01
1.150000000000000000e+04 9.995385041380663305e-01
1.160000000000000000e+04 9.995077528919547039e-01
1.170000000000000000e+04 9.995077528919547039e-01
1.180000000000000000e+04 9.995077680356897476e-01
1.190000000000000000e+04 9.995077831784930922e-01
1.200000000000000000e+04 9.994770357153821561e-01
1.210000000000000000e+04 9.995385609253473191e-01
1.220000000000000000e+04 9.994770518026310224e-01
1.230000000000000000e+04 9.995078286013133750e-01
1.240000000000000000e+04 9.995078286013133750e-01
1.250000000000000000e+04 9.995386035066000652e-01
1.260000000000000000e+04 9.994976213910845564e-01
1.290000000000000000e+04 9.995078891520129405e-01
1.300000000000000000e+04 9.995386602694303901e-01
1.310000000000000000e+04 9.995079194217867391e-01
1.320000000000000000e+04 9.995386886455979170e-01
1.330000000000000000e+04 9.995386886455979170e-01
1.340000000000000000e+04 9.995694559768655285e-01
1.350000000000000000e+04 9.995694692170622453e-01
1.360000000000000000e+04 9.996002214158282717e-01
1.370000000000000000e+04 9.996002337094993528e-01
1.380000000000000000e+04 9.996002460024784320e-01
1.390000000000000000e+04 9.996617466174735345e-01
1.400000000000000000e+04 9.996617570185492019e-01
1.410000000000000000e+04 9.997027622610495934e-01
1.440000000000000000e+04 9.997540202318374591e-01
1.450000000000000000e+04 9.997540202318374591e-01
1.460000000000000000e+04 9.997540277948607779e-01
1.470000000000000000e+04 9.998155208461348975e-01
1.480000000000000000e+04 9.998155208461562138e-01
1.490000000000000000e+04 9.998462673717826155e-01
1.500000000000000000e+04 9.998462720983815055e-01
1.510000000000000000e+04 9.999385069487258804e-01
1.520000000000000000e+04 9.999077632590374076e-01
1.530000000000000000e+04 9.999692544196719934e-01
1.540000000000000000e+04 9.999692544196719934e-01
1.550000000000000000e+04 1.000040994527230387e+00
1.580000000000000000e+04 1.000092236740984131e+00
1.590000000000000000e+04 1.000122986102548461e+00
1.600000000000000000e+04 1.000122986102569778e+00
1.610000000000000000e+04 1.000122986102591094e+00
1.620000000000000000e+04 1.000184484826111442e+00
1.630000000000000000e+04 1.000184484826111442e+00
1.640000000000000000e+04 1.000215232297158252e+00
1.650000000000000000e+04 1.000215238915189264e+00
1.660000000000000000e+04 1.000276735748112600e+00
1.670000000000000000e+04 1.000245987331650932e+00
1.680000000000000000e+04 1.000307493619494892e+00
1.690000000000000000e+04 1.000348507057276404e+00
1.720000000000000000e+04 1.000399778584150301e+00
1.730000000000000000e+04 1.000399778584171617e+00
1.740000000000000000e+04 1.000461311354423399e+00
1.750000000000000000e+04 1.000430544023113155e+00
1.760000000000000000e+04 1.000461325542049362e+00
1.770000000000000000e+04 1.000461339730590815e+00
1.780000000000000000e+04 1.000492095712613105e+00
1.790000000000000000e+04 1.000461353919983809e+00
1.800000000000000000e+04 1.000492125984249192e+00
1.810000000000000000e+04 1.000522916025840425e+00
1.820000000000000000e+04 1.000522916025819109e+00
1.830000000000000000e+04 1.000533202083586426e+00
1.860000000000000000e+04 1.000522980372877901e+00
1.870000000000000000e+04 1.000553760959859595e+00
1.880000000000000000e+04 1.000553777996540328e+00
1.890000000000000000e+04 1.000523028643512058e+00
1.900000000000000000e+04 1.000553812073089244e+00
1.910000000000000000e+04 1.000523060828921063e+00
1.920000000000000000e+04 1.000523076923057753e+00
1.930000000000000000e+04 1.000492322840721426e+00
1.940000000000000000e+04 1.000492337990027236e+00
1.950000000000000000e+04 1.000492353140286950e+00
1.960000000000000000e+04 1.000461595273277604e+00
1.970000000000000000e+04 1.000420590467975934e+00
2.000000000000000000e+04 1.000369321679158929e+00
2.010000000000000000e+04 1.000369333046093434e+00
2.020000000000000000e+04 1.000307777538404164e+00
2.030000000000000000e+04 1.000338576133453117e+00
2.040000000000000000e+04 1.000277016836492727e+00
2.050000000000000000e+04 1.000307815433832070e+00
2.060000000000000000e+04 1.000246252347133824e+00
2.070000000000000000e+04 1.000184694945503328e+00
2.080000000000000000e+04 1.000184694945503328e+00
2.090000000000000000e+04 1.000153921930801104e+00
2.100000000000000000e+04 1.000082094223644802e+00
2.130000000000000000e+04 1.000030786281659534e+00
2.140000000000000000e+04 9.999999999999572564e-01
2.150000000000000000e+04 9.999384255411180034e-01
2.160000000000000000e+04 9.999384236453099373e-01
2.170000000000000000e+04 9.999384217494278193e-01
2.180000000000000000e+04 9.999076326241630452e-01
2.190000000000000000e+04 9.998768397068578118e-01
2.200000000000000000e+04 9.998460496335935810e-01
2.210000000000000000e+04 9.998460448933046418e-01
2.220000000000000000e+04 9.998152538719826676e-01
2.230000000000000000e+04 9.998152481832854876e-01
2.240000000000000000e+04 9.997844517890497329e-01
2.270000000000000000e+04 9.997228637413143604e-01
2.280000000000000000e+04 9.997536490731061543e-01
2.290000000000000000e+04 9.997536490731487868e-01
2.300000000000000000e+04 9.997844363009122937e-01
2.310000000000000000e+04 9.997536414867751464e-01
2.320000000000000000e+04 9.997536414867751464e-01
2.330000000000000000e+04 9.998152254249933479e-01
2.340000000000000000e+04 9.997844296624637250e-01
2.350000000000000000e+04 9.997844296624637250e-01
2.360000000000000000e+04 9.998460164454392451e-01
2.370000000000000000e+04 9.998460164454819887e-01
2.380000000000000000e+04 9.998768106271301859e-01
2.410000000000000000e+04 9.998768093625106657e-01
2.420000000000000000e+04 9.999384046811911064e-01
2.430000000000000000e+04 9.999384027841838884e-01
2.440000000000000000e+04 9.999692013921560596e-01
2.450000000000000000e+04 1.000000000000000000e+00
2.460000000000000000e+04 9.999999999999572564e-01
2.470000000000000000e+04 1.000030799556512973e+00
2.480000000000000000e+04 1.000061599112983091e+00
2.490000000000000000e+04 1.000061597215773368e+00
2.500000000000000000e+04 1.000092398669496063e+00
2.510000000000000000e+04 1.000133466115007641e+00
2.540000000000000000e+04 1.000153997782393445e+00
2.550000000000000000e+04 1.000184803030757852e+00
2.560000000000000000e+04 1.000184797338949272e+00
2.570000000000000000e+04 1.000184797338949272e+00
2.580000000000000000e+04 1.000184797338863785e+00
2.590000000000000000e+04 1.000184797338949272e+00
2.600000000000000000e+04 1.000215596895376757e+00
2.610000000000000000e+04 1.000215596895419612e+00
2.620000000000000000e+04 1.000184791647405813e+00
2.630000000000000000e+04 1.000246396451932362e+00
2.640000000000000000e+04 1.000215590255292497e+00
2.650000000000000000e+04 1.000215583615645887e+00
2.680000000000000000e+04 1.000184780265498619e+00
2.690000000000000000e+04 1.000184774575006763e+00
2.700000000000000000e+04 1.000184774575006763e+00
2.710000000000000000e+04 1.000184774575006763e+00
2.720000000000000000e+04 1.000123175463468517e+00
2.730000000000000000e+04 1.000123175463425662e+00
2.740000000000000000e+04 1.000153969329314219e+00
2.750000000000000000e+04 1.000061583938919085e+00
2.760000000000000000e+04 1.000092375908357090e+00
2.770000000000000000e+04 1.000061580146528240e+00
2.780000000000000000e+04 1.000061580146571094e+00
2.790000000000000000e+04 1.000010262725788746e+00
2.820000000000000000e+04 9.999692146661492975e-01
2.830000000000000000e+04 9.999692146661065539e-01
2.840000000000000000e+04 9.999384331229694833e-01
2.850000000000000000e+04 9.999384350181941272e-01
2.860000000000000000e+04 9.999076553698034164e-01
2.870000000000000000e+04 9.998461017575561716e-01
2.880000000000000000e+04 9.998461064943013898e-01
2.890000000000000000e+04 9.998153391603776807e-01
2.900000000000000000e+04 9.998153391604204243e-01
2.910000000000000000e+04 9.997538082781980417e-01
2.920000000000000000e+04 9.997333114511941510e-01
2.950000000000000000e+04 9.996923076923415197e-01
2.960000000000000000e+04 9.996308033104445157e-01
2.970000000000000000e+04 9.996923360920441093e-01
2.980000000000000000e+04 9.996000738325202528e-01
2.990000000000000000e+04 9.996308487402520981e-01
3.000000000000000000e+04 9.996308600959998847e-01
3.010000000000000000e+04 9.995693632728096523e-01
3.020000000000000000e+04 9.995693897637927261e-01
3.030000000000000000e+04 9.995386602694090739e-01
3.040000000000000000e+04 9.995386744579718430e-01
3.050000000000000000e+04 9.994977243839376913e-01
3.080000000000000000e+04 9.994157800873343378e-01
3.090000000000000000e+04 9.996924969250030601e-01
3.100000000000000000e+04 9.993851829080671045e-01
3.110000000000000000e+04 9.993851829080671045e-01
3.120000000000000000e+04 9.996924969250030601e-01
3.130000000000000000e+04 9.993851829080671045e-01
3.140000000000000000e+04 9.993851829080671045e-01
3.150000000000000000e+04 9.993853718500557148e-01
3.160000000000000000e+04 9.993851829080671045e-01
3.170000000000000000e+04 9.993853718500129713e-01
3.180000000000000000e+04 9.993853718500556038e-01
3.190000000000000000e+04 9.994878098750250572e-01
3.220000000000000000e+04 9.996926859250491182e-01
3.230000000000000000e+04 9.993853718500129713e-01
3.240000000000000000e+04 9.993855606758657029e-01
3.250000000000000000e+04 9.996926859250491182e-01
3.260000000000000000e+04 9.993855606758657029e-01
3.270000000000000000e+04 9.996927803379327404e-01
3.280000000000000000e+04 9.993855606758657029e-01
3.290000000000000000e+04 9.996927803379328514e-01
3.300000000000000000e+04 9.996927803379753730e-01
3.310000000000000000e+04 9.993857493857317698e-01
3.320000000000000000e+04 9.996928117960323101e-01
3.350000000000000000e+04 9.996928746928659404e-01
3.360000000000000000e+04 9.996927803379328514e-01
3.370000000000000000e+04 9.996928746928659404e-01
3.380000000000000000e+04 9.996928746929084619e-01
3.390000000000000000e+04 9.996928746928233078e-01
3.400000000000000000e+04 1.000000000000042633e+00
3.410000000000000000e+04 9.996928746928659404e-01
3.420000000000000000e+04 1.000000000000000000e+00
3.430000000000000000e+04 9.996928746928659404e-01
3.440000000000000000e+04 1.000000000000042633e+00
3.450000000000000000e+04 9.999999999999857891e-01
3.480000000000000000e+04 1.000000000000000000e+00
3.490000000000000000e+04 1.000307125307134282e+00
3.500000000000000000e+04 9.996929689898591542e-01
3.510000000000000000e+04 1.000307125307134282e+00
3.520000000000000000e+04 1.000000000000000000e+00
3.530000000000000000e+04 1.000000000000000000e+00
3.540000000000000000e+04 1.000307125307134282e+00
3.550000000000000000e+04 1.000000000000000000e+00
3.560000000000000000e+04 1.000307125307091427e+00
3.570000000000000000e+04 1.000614250614268341e+00
3.580000000000000000e+04 1.000000000000000000e+00
3.590000000000000000e+04 1.000307093868353814e+00
3.620000000000000000e+04 1.000614250614268341e+00
3.630000000000000000e+04 1.000307031010140957e+00
3.640000000000000000e+04 1.000307125307091427e+00
3.650000000000000000e+04 1.000614250614268341e+00
3.660000000000000000e+04 1.000307031010140957e+00
3.670000000000000000e+04 1.000614250614268341e+00
3.680000000000000000e+04 1.000614250614225709e+00
3.690000000000000000e+04 1.000307031010140957e+00
3.700000000000000000e+04 1.000614250614268341e+00
3.710000000000000000e+04 1.000614250614225709e+00
3.720000000000000000e+04 1.000511823113946708e+00
3.750000000000000000e+04 1.000614250614183076e+00
3.760000000000000000e+04 1.000614250614268341e+00
3.770000000000000000e+04 1.000614250614268341e+00
3.780000000000000000e+04 1.000921375921359768e+00
3.790000000000000000e+04 1.000614250614268341e+00
3.800000000000000000e+04 1.000614250614268341e+00
3.810000000000000000e+04 1.000307031010098324e+00
3.820000000000000000e+04 1.000614250614268341e+00
3.830000000000000000e+04 1.000614250614268341e+00
3.840000000000000000e+04 1.000614250614225709e+00
3.850000000000000000e+04 1.000716699088789019e+00
3.880000000000000000e+04 1.000614250614183076e+00
3.890000000000000000e+04 1.000614250614268119e+00
3.900000000000000000e+04 1.000614250614268341e+00
3.910000000000000000e+04 1.000614250614268119e+00
3.920000000000000000e+04 1.000921658986116292e+00
3.930000000000000000e+04 1.000614250614183076e+00
3.940000000000000000e+04 1.000307125307219325e+00
3.950000000000000000e+04 1.000614250614183076e+00
3.960000000000000000e+04 1.000614439324134519e+00
3.970000000000000000e+04 1.000614250614268341e+00
3.980000000000000000e+04 1.000511980339969575e+00
4.010000000000000000e+04 1.000307125307134060e+00
4.020000000000000000e+04 1.000614439324049032e+00
4.030000000000000000e+04 1.000307125307134060e+00
4.040000000000000000e+04 1.000614439324134297e+00
4.050000000000000000e+04 1.000307125307134060e+00
4.060000000000000000e+04 1.000307219662067260e+00
4.070000000000000000e+04 1.000614439324049032e+00
4.080000000000000000e+04 1.000307219662152525e+00
4.090000000000000000e+04 1.000000000000000000e+00
4.100000000000000000e+04 1.000307219661981994e+00
4.110000000000000000e+04 1.000307219662067260e+00
4.140000000000000000e+04 1.000000000000000000e+00
4.150000000000000000e+04 1.000307219662067260e+00
4.160000000000000000e+04 1.000000000000000000e+00
4.170000000000000000e+04 1.000614628149986807e+00
4.180000000000000000e+04 1.000000000000000000e+00
4.190000000000000000e+04 1.000000000000000000e+00
4.200000000000000000e+04 1.000307314074908138e+00
4.210000000000000000e+04 9.996927803380181166e-01
4.220000000000000000e+04 1.000307314074993403e+00
4.230000000000000000e+04 1.000000000000000000e+00
4.240000000000000000e+04 1.000102438024969231e+00
4.270000000000000000e+04 9.996927803379328514e-01
4.280000000000000000e+04 1.000000000000085487e+00
4.290000000000000000e+04 1.000000000000000000e+00
4.300000000000000000e+04 1.000000000000000000e+00
4.310000000000000000e+04 1.000000000000000000e+00
4.320000000000000000e+04 1.000000000000000000e+00
4.330000000000000000e+04 9.996926859250064856e-01
4.340000000000000000e+04 1.000000000000000000e+00
4.350000000000000000e+04 1.000000000000000000e+00
4.360000000000000000e+04 1.000000000000000000e+00
4.370000000000000000e+04 9.998975409835750838e-01
4.400000000000000000e+04 1.000000000000000000e+00
4.410000000000000000e+04 1.000000000000000000e+00
4.420000000000000000e+04 9.996925914542041935e-01
4.430000000000000000e+04 1.000307503074868931e+00
4.440000000000000000e+04 9.996925914541188174e-01
4.450000000000000000e+04 9.996925914540335523e-01
4.460000000000000000e+04 1.000307503075039683e+00
4.470000000000000000e+04 9.996925914540335523e-01
4.480000000000000000e+04 1.000000000000000000e+00
4.490000000000000000e+04 1.000000000000000000e+00
4.500000000000000000e+04 9.998975094803701502e-01
4.530000000000000000e+04 1.000000000000000000e+00
4.540000000000000000e+04 9.996924969249603166e-01
4.550000000000000000e+04 1.000307597662266623e+00
4.560000000000000000e+04 9.996924969250458037e-01
4.570000000000000000e+04 9.996924969249603166e-01
4.580000000000000000e+04 1.000307597662181136e+00
4.590000000000000000e+04 9.996924969249603166e-01
4.600000000000000000e+04 1.000000000000000000e+00
4.610000000000000000e+04 1.000000000000000000e+00
4.620000000000000000e+04 1.000000000000085487e+00
4.630000000000000000e+04 9.998974779577294303e-01
4.660000000000000000e+04 9.996924023378187529e-01
4.670000000000000000e+04 1.000307692307701002e+00
4.680000000000000000e+04 9.996924023377334878e-01
4.690000000000000000e+04 9.999999999999145128e-01
4.700000000000000000e+04 9.996924023377334878e-01
4.710000000000000000e+04 1.000307692307786489e+00
4.720000000000000000e+04 9.996924023377334878e-01
4.730000000000000000e+04 1.000000000000000000e+00
4.740000000000000000e+04 9.999999999999145128e-01
4.750000000000000000e+04 1.000000000000085265e+00
4.760000000000000000e+04 9.998974464157492914e-01
4.790000000000000000e+04 1.000000000000000000e+00
4.800000000000000000e+04 1.000000000000000000e+00
4.810000000000000000e+04 9.999999999999146238e-01
4.820000000000000000e+04 1.000000000000085265e+00
4.830000000000000000e+04 9.996924023377334878e-01
4.840000000000000000e+04 1.000000000000000000e+00
4.850000000000000000e+04 1.000000000000000000e+00
4.860000000000000000e+04 1.000000000000000000e+00
4.870000000000000000e+04 1.000000000000000000e+00
4.880000000000000000e+04 1.000307787011311511e+00
4.890000000000000000e+04 1.000000000000028422e+00
4.920000000000000000e+04 1.000000000000000000e+00
4.930000000000000000e+04 1.000000000000000000e+00
4.940000000000000000e+04 1.000000000000000000e+00
4.950000000000000000e+04 1.000307787011396998e+00
4.960000000000000000e+04 1.000000000000000000e+00
4.970000000000000000e+04 1.000000000000000000e+00
4.980000000000000000e+04 9.996923076922135110e-01
4.990000000000000000e+04 1.000000000000085265e+00
5.000000000000000000e+04 1.000000000000000000e+00
