4.900000000000000000e+04 1.000000000000085265e+00
4.910000000000000000e+04 9.999560449220943337e-01
4.770000000000000000e+04 9.996924023378187529e-01
4.780000000000000000e+04 9.999121052978566793e-01
4.640000000000000000e+04 9.999999999999145128e-01
4.650000000000000000e+04 9.999560651992430715e-01
4.510000000000000000e+04 1.000000000000000000e+00
4.520000000000000000e+04 9.999780403179756583e-01
4.380000000000000000e+04 1.000000000000000000e+00
4.390000000000000000e+04 1.000065857352969267e+00
4.250000000000000000e+04 1.000000000000000000e+00
4.260000000000000000e+04 1.000219466695935200e+00
4.120000000000000000e+04 1.000307219662152525e+00
4.130000000000000000e+04 1.000329127811303564e+00
3.990000000000000000e+04 1.000307125307134060e+00
4.000000000000000000e+04 1.000438779315943494e+00
3.860000000000000000e+04 1.000614250614268119e+00
3.870000000000000000e+04 1.000438740813864635e+00
3.730000000000000000e+04 1.000307031010140957e+00
3.740000000000000000e+04 1.000307091622979039e+00
3.600000000000000000e+04 1.000000000000000000e+00
3.610000000000000000e+04 1.000081890021700337e+00
3.460000000000000000e+04 1.000000000000000000e+00
3.470000000000000000e+04 9.998903075775523730e-01
3.330000000000000000e+04 9.999999999999574785e-01
3.340000000000000000e+04 9.997366515241248308e-01
3.200000000000000000e+04 9.996926859250064856e-01
3.210000000000000000e+04 9.996495477936906404e-01
3.060000000000000000e+04 9.996309849626607846e-01
3.070000000000000000e+04 9.996594229966375700e-01
2.930000000000000000e+04 9.997538234298566362e-01
2.940000000000000000e+04 9.998175166433630467e-01
2.800000000000000000e+04 9.999384236453099373e-01
2.810000000000000000e+04 1.000014370293729860e+00
2.660000000000000000e+04 1.000092392978170430e+00
2.670000000000000000e+04 1.000117037113085638e+00
2.520000000000000000e+04 1.000092398669453209e+00
2.530000000000000000e+04 1.000039598384386386e+00
2.390000000000000000e+04 9.999692023406383523e-01
2.400000000000000000e+04 9.999158268167566144e-01
2.250000000000000000e+04 9.999384141647744695e-01
2.260000000000000000e+04 9.999692108115229017e-01
2.110000000000000000e+04 1.000061570667744260e+00
2.120000000000000000e+04 1.000178086167319735e+00
1.980000000000000000e+04 1.000276974210605907e+00
1.990000000000000000e+04 1.000342553562455050e+00
1.840000000000000000e+04 1.000399901562695204e+00
1.850000000000000000e+04 1.000354716810911038e+00
1.700000000000000000e+04 1.000276752767531363e+00
1.710000000000000000e+04 1.000184485960619485e+00
1.560000000000000000e+04 1.000030745580328118e+00
1.570000000000000000e+04 9.999098101914474235e-01
1.420000000000000000e+04 9.997847610848108468e-01
1.430000000000000000e+04 9.996982365095383738e-01
1.270000000000000000e+04 9.996616633858342871e-01
1.280000000000000000e+04 9.996493027071381432e-01
1.130000000000000000e+04 9.996307919512666951e-01
1.140000000000000000e+04 9.997251056496953003e-01
9.900000000000000000e+03 9.998153448434952129e-01
1.000000000000000000e+04 9.999671697222751732e-01
8.500000000000000000e+03 1.000092341787741868e+00
8.600000000000000000e+03 1.000169290020738400e+00
7.000000000000000000e+03 1.000215450907965042e+00
7.100000000000000000e+03 1.000211332771146377e+00
5.600000000000000000e+03 1.000215424386033947e+00
5.700000000000000000e+03 1.000163472541420795e+00
4.100000000000000000e+03 1.000092302012183243e+00
4.200000000000000000e+03 1.000033264637690600e+00
2.600000000000000000e+03 9.999723132296655104e-01
2.700000000000000000e+03 9.999338584409128705e-01
1.100000000000000000e+03 9.999015526985338687e-01
1.200000000000000000e+03 9.998785718988709714e-01
-3.000000000000000000e+02 9.998655341586316636e-01
-2.000000000000000000e+02 9.998585003079065725e-01
-1.800000000000000000e+03 9.998615073539602882e-01
-1.700000000000000000e+03 9.999165370214435633e-01
-3.400000000000000000e+03 1.000000000000000000e+00
-3.300000000000000000e+03 1.000086566429154278e+00
-4.900000000000000000e+03 1.000153888769191424e+00
-4.800000000000000000e+03 1.000200048473283365e+00
-6.400000000000000000e+03 1.000184649473748077e+00
-6.300000000000000000e+03 1.000144819970673726e+00
-8.000000000000000000e+03 1.000061547930439776e+00
-7.900000000000000000e+03 9.999269135194600588e-01
-9.500000000000000000e+03 9.998153618906954199e-01
-9.400000000000000000e+03 9.997936367717543682e-01
-1.110000000000000000e+04 9.997845888724619101e-01
-1.100000000000000000e+04 9.999076794412972147e-01
-1.270000000000000000e+04 1.000030773018222741e+00
-1.260000000000000000e+04 1.000117657067660870e+00
-1.430000000000000000e+04 1.000184626746271066e+00
-1.420000000000000000e+04 1.000175577051173548e+00
-1.590000000000000000e+04 1.000123088285071793e+00
-1.580000000000000000e+04 1.000041634987872241e+00
-1.750000000000000000e+04 9.999692241405789828e-01
-1.740000000000000000e+04 9.999760612967578677e-01
-1.920000000000000000e+04 9.999999999999785727e-01
-1.910000000000000000e+04 1.000010863798745042e+00
-2.080000000000000000e+04 1.000030780595896118e+00
-2.070000000000000000e+04 9.999692209304484880e-01
-2.250000000000000000e+04 9.999384444922678750e-01
-2.240000000000000000e+04 9.999076741581666150e-01
-2.420000000000000000e+04 9.999076809453530945e-01
-2.410000000000000000e+04 9.999521330700643640e-01
-2.590000000000000000e+04 1.000030770177527728e+00
-2.580000000000000000e+04 1.000042104308566770e+00
-2.770000000000000000e+04 1.000030766390778370e+00
-2.760000000000000000e+04 9.999948726800992338e-01
-2.940000000000000000e+04 9.999692383413048002e-01
-2.930000000000000000e+04 9.999044894800837024e-01
-3.120000000000000000e+04 1.000000000000000000e+00
-3.110000000000000000e+04 9.998616257437599186e-01
-3.310000000000000000e+04 9.996925914540335523e-01
-3.300000000000000000e+04 9.999352771754963509e-01
-3.490000000000000000e+04 1.000000000000000000e+00
-3.480000000000000000e+04 1.000000000000000000e+00
-3.680000000000000000e+04 1.000000000000000000e+00
-3.670000000000000000e+04 1.000102448519617271e+00
-3.760000000000000000e+04 1.000307408545966448e+00
-3.750000000000000000e+04 1.000153680651631793e+00
-3.770000000000000000e+04 9.999999999999572564e-01
-3.780000000000000000e+04 1.000000000000000000e+00
-3.790000000000000000e+04 1.000307314074993403e+00
-3.800000000000000000e+04 1.000000000000000000e+00
-3.820000000000000000e+04 1.000307314074993403e+00
-3.830000000000000000e+04 1.000307408545966448e+00
-3.840000000000000000e+04 1.000307314074993403e+00
-3.850000000000000000e+04 9.999999999999146238e-01
-3.860000000000000000e+04 1.000000000000000000e+00
-3.870000000000000000e+04 1.000102438025026297e+00
-3.900000000000000000e+04 1.000000000000000000e+00
-3.890000000000000000e+04 1.000153657037496702e+00
-3.910000000000000000e+04 9.999999999999146238e-01
-3.920000000000000000e+04 1.000307314074993403e+00
-3.930000000000000000e+04 1.000000000000000000e+00
-3.940000000000000000e+04 1.000153657037539334e+00
-3.960000000000000000e+04 1.000000000000000000e+00
-3.970000000000000000e+04 9.999999999999146238e-01
-3.980000000000000000e+04 1.000000000000000000e+00
-3.990000000000000000e+04 1.000000000000000000e+00
-4.000000000000000000e+04 1.000307314074993403e+00
-4.010000000000000000e+04 1.000307408545966448e+00
-4.020000000000000000e+04 1.000000000000000000e+00
-4.050000000000000000e+04 1.000000000000000000e+00
-4.040000000000000000e+04 1.000153680651610255e+00
-4.060000000000000000e+04 9.996926859250064856e-01
-4.070000000000000000e+04 1.000000000000000000e+00
-4.080000000000000000e+04 1.000307408545966448e+00
-4.090000000000000000e+04 1.000000000000000000e+00
-4.100000000000000000e+04 1.000000000000000000e+00
-4.110000000000000000e+04 1.000153680651610477e+00
-4.130000000000000000e+04 9.996926859250064856e-01
-4.140000000000000000e+04 1.000307408545966448e+00
-4.150000000000000000e+04 1.000000000000000000e+00
-4.160000000000000000e+04 1.000000000000000000e+00
-4.170000000000000000e+04 1.000000000000000000e+00
-4.180000000000000000e+04 1.000000000000000000e+00
-4.190000000000000000e+04 1.000000000000000000e+00
-4.200000000000000000e+04 1.000000000000000000e+00
-4.210000000000000000e+04 1.000000000000000000e+00
-4.230000000000000000e+04 1.000307503075039683e+00
-4.240000000000000000e+04 1.000000000000000000e+00
-4.250000000000000000e+04 1.000000000000000000e+00
-4.260000000000000000e+04 1.000307503074954196e+00
-4.270000000000000000e+04 9.996925914541189284e-01
-4.280000000000000000e+04 1.000000000000000000e+00
-4.290000000000000000e+04 1.000307503074954196e+00
-4.300000000000000000e+04 1.000000000000000000e+00
-4.310000000000000000e+04 1.000000000000000000e+00
-4.330000000000000000e+04 1.000000000000000000e+00
-4.340000000000000000e+04 1.000000000000085265e+00
-4.350000000000000000e+04 9.996925914540335523e-01
-4.360000000000000000e+04 1.000000000000000000e+00
-4.370000000000000000e+04 1.000000000000000000e+00
-4.380000000000000000e+04 1.000000000000000000e+00
-4.390000000000000000e+04 1.000307597662266623e+00
-4.400000000000000000e+04 1.000000000000000000e+00
-4.410000000000000000e+04 1.000000000000000000e+00
-4.420000000000000000e+04 9.999999999999145128e-01
-4.430000000000000000e+04 1.000000000000000000e+00
-4.440000000000000000e+04 1.000000000000028422e+00
-4.470000000000000000e+04 1.000000000000000000e+00
-4.460000000000000000e+04 1.000000000000000000e+00
-4.480000000000000000e+04 1.000000000000000000e+00
-4.490000000000000000e+04 9.999999999999145128e-01
-4.500000000000000000e+04 1.000307597662266623e+00
-4.510000000000000000e+04 1.000000000000085487e+00
-4.520000000000000000e+04 1.000000000000000000e+00
-4.530000000000000000e+04 1.000000000000000000e+00
-4.540000000000000000e+04 9.999999999999145128e-01
-4.550000000000000000e+04 1.000307692307701002e+00
-4.560000000000000000e+04 1.000000000000085487e+00
-4.570000000000000000e+04 9.996924023377334878e-01
-4.580000000000000000e+04 1.000307692307701002e+00
-4.590000000000000000e+04 9.999999999999145128e-01
-4.600000000000000000e+04 1.000102553584279130e+00
-4.630000000000000000e+04 1.000307692307701002e+00
-4.620000000000000000e+04 9.999999999999572564e-01
-4.640000000000000000e+04 1.000307692307701002e+00
-4.650000000000000000e+04 1.000000000000085265e+00
-4.660000000000000000e+04 1.000307692307615737e+00
-4.670000000000000000e+04 9.996924023377334878e-01
-4.680000000000000000e+04 1.000000000000000000e+00
-4.690000000000000000e+04 1.000307692307786489e+00
-4.700000000000000000e+04 9.999999999999146238e-01
-4.710000000000000000e+04 1.000000000000000000e+00
-4.720000000000000000e+04 9.996924023377334878e-01
-4.730000000000000000e+04 1.000307692307786489e+00
-4.740000000000000000e+04 9.999999999999146238e-01
-4.750000000000000000e+04 1.000000000000000000e+00
-4.760000000000000000e+04 1.000000000000000000e+00
-4.770000000000000000e+04 1.000000000000085265e+00
-4.780000000000000000e+04 9.999999999999146238e-01
-4.790000000000000000e+04 1.000000000000000000e+00
-4.800000000000000000e+04 1.000000000000085265e+00
-4.810000000000000000e+04 9.999999999999146238e-01
-4.820000000000000000e+04 1.000307787011396998e+00
-4.830000000000000000e+04 1.000000000000000000e+00
-4.840000000000000000e+04 1.000000000000000000e+00
-4.850000000000000000e+04 1.000000000000000000e+00
-4.860000000000000000e+04 1.000000000000000000e+00
-4.870000000000000000e+04 1.000000000000085265e+00
-4.880000000000000000e+04 9.999999999999146238e-01
-4.890000000000000000e+04 1.000000000000000000e+00
-4.900000000000000000e+04 1.000000000000085265e+00
-4.910000000000000000e+04 9.999999999999146238e-01
-4.920000000000000000e+04 1.000000000000000000e+00
-4.930000000000000000e+04 1.000000000000085487e+00
-4.940000000000000000e+04 9.999999999999146238e-01
-4.950000000000000000e+04 1.000000000000000000e+00
-4.960000000000000000e+04 1.000000000000000000e+00
-4.970000000000000000e+04 1.000307787011396998e+00
-4.980000000000000000e+04 9.998461538461493880e-01
-5.000000000000000000e+04 1.000000000000000000e+00
-4.990000000000000000e+04 1.000016194331984298e+00
-4.610000000000000000e+04 1.000076902372435184e+00
-4.450000000000000000e+04 1.000000000000006439e+00
-4.320000000000000000e+04 1.000030744635053592e+00
-4.220000000000000000e+04 1.000030738964712507e+00
-4.120000000000000000e+04 1.000034149506540571e+00
-4.030000000000000000e+04 1.000115247205258573e+00
-3.950000000000000000e+04 1.000087804021414506e+00
-3.880000000000000000e+04 1.000175615752738167e+00
-3.810000000000000000e+04 1.000087807876368862e+00
-3.740000000000000000e+04 1.000307314074950771e+00
-3.730000000000000000e+04 1.000000000000000000e+00
-3.720000000000000000e+04 1.000307408545966448e+00
-3.710000000000000000e+04 1.000000000000000000e+00
-3.700000000000000000e+04 1.000000000000000000e+00
-3.690000000000000000e+04 1.000000000000000000e+00
-3.660000000000000000e+04 1.000307408545966448e+00
-3.650000000000000000e+04 1.000000000000000000e+00
-3.640000000000000000e+04 1.000000000000000000e+00
-3.630000000000000000e+04 1.000000000000000000e+00
-3.620000000000000000e+04 1.000000000000000000e+00
-3.610000000000000000e+04 1.000000000000000000e+00
-3.600000000000000000e+04 9.999999999999572564e-01
-3.590000000000000000e+04 1.000000000000042633e+00
-3.580000000000000000e+04 1.000000000000000000e+00
-3.570000000000000000e+04 1.000000000000000000e+00
-3.560000000000000000e+04 1.000000000000000000e+00
-3.550000000000000000e+04 1.000000000000000000e+00
-3.540000000000000000e+04 1.000000000000000000e+00
-3.530000000000000000e+04 1.000000000000000000e+00
-3.520000000000000000e+04 1.000000000000000000e+00
-3.510000000000000000e+04 1.000000000000000000e+00
-3.500000000000000000e+04 9.998975409836178274e-01
-3.470000000000000000e+04 1.000000000000000000e+00
-3.460000000000000000e+04 1.000307503074954196e+00
-3.450000000000000000e+04 1.000000000000000000e+00
-3.440000000000000000e+04 9.996925914540762959e-01
-3.430000000000000000e+04 1.000000000000042633e+00
-3.420000000000000000e+04 9.996925914540335523e-01
-3.410000000000000000e+04 1.000000000000000000e+00
-3.400000000000000000e+04 1.000307503074996829e+00
-3.390000000000000000e+04 9.996925914540761848e-01
-3.380000000000000000e+04 9.996925914540335523e-01
-3.370000000000000000e+04 1.000307503074996829e+00
-3.360000000000000000e+04 9.996925914540335523e-01
-3.350000000000000000e+04 9.996925914540335523e-01
-3.340000000000000000e+04 1.000307503075039683e+00
-3.330000000000000000e+04 9.996925914540335523e-01
-3.320000000000000000e+04 9.998975094803842500e-01
-3.290000000000000000e+04 1.000000000000000000e+00
-3.280000000000000000e+04 9.996925914540335523e-01
-3.270000000000000000e+04 1.000000000000000000e+00
-3.260000000000000000e+04 9.996924969250030601e-01
-3.250000000000000000e+04 9.999999999999572564e-01
-3.240000000000000000e+04 1.000000000000000000e+00
-3.230000000000000000e+04 9.996925914540335523e-01
-3.220000000000000000e+04 9.996924969250030601e-01
-3.210000000000000000e+04 1.000000000000000000e+00
-3.200000000000000000e+04 9.996924969249603166e-01
-3.190000000000000000e+04 1.000000000000000000e+00
-3.180000000000000000e+04 9.996924969249604276e-01
-3.170000000000000000e+04 1.000307597662266623e+00
-3.160000000000000000e+04 9.996924969249603166e-01
-3.150000000000000000e+04 9.996924969250030601e-01
-3.140000000000000000e+04 1.000000000000000000e+00
-3.130000000000000000e+04 9.997949769348993820e-01
-3.100000000000000000e+04 1.000000000000000000e+00
-3.090000000000000000e+04 9.999999999999572564e-01
-3.080000000000000000e+04 1.000000000000042633e+00
-3.070000000000000000e+04 9.996617258134029571e-01
-3.060000000000000000e+04 9.999077292159691543e-01
-3.050000000000000000e+04 9.998462200898029506e-01
-3.040000000000000000e+04 9.999077292160544195e-01
-3.030000000000000000e+04 9.999077263779586611e-01
-3.020000000000000000e+04 9.999077263779159175e-01
-3.010000000000000000e+04 9.998769685039163857e-01
-3.000000000000000000e+04 9.999077235397735297e-01
-2.990000000000000000e+04 9.999077235397308971e-01
-2.980000000000000000e+04 9.999384804674954497e-01
-2.970000000000000000e+04 9.999077207013286062e-01
-2.960000000000000000e+04 9.999384785751962434e-01
-2.950000000000000000e+04 9.999384785751534999e-01
-2.920000000000000000e+04 9.999384766826524551e-01
-2.910000000000000000e+04 9.999692373950388458e-01
-2.900000000000000000e+04 9.999692373950388458e-01
-2.890000000000000000e+04 9.999692373950388458e-01
-2.880000000000000000e+04 9.999692373950388458e-01
-2.870000000000000000e+04 9.999692364486291174e-01
-2.860000000000000000e+04 1.000000000000000000e+00
-2.850000000000000000e+04 9.999999999999572564e-01
-2.840000000000000000e+04 1.000000000000042633e+00
-2.830000000000000000e+04 9.999999999999572564e-01
-2.820000000000000000e+04 1.000030765444279490e+00
-2.810000000000000000e+04 1.000030765444236858e+00
-2.800000000000000000e+04 1.000030765444279490e+00
-2.790000000000000000e+04 1.000030766390778370e+00
-2.780000000000000000e+04 1.000051277843884812e+00
-2.750000000000000000e+04 1.000030766390778370e+00
-2.740000000000000000e+04 1.000030767337378501e+00
-2.730000000000000000e+04 1.000092304852152392e+00
-2.720000000000000000e+04 1.000030767337378501e+00
-2.710000000000000000e+04 1.000061536568115805e+00
-2.700000000000000000e+04 1.000061536568115805e+00
-2.690000000000000000e+04 1.000061536568073173e+00
-2.680000000000000000e+04 1.000061538461591404e+00
-2.670000000000000000e+04 1.000030768284036586e+00
-2.660000000000000000e+04 1.000061538461506139e+00
-2.650000000000000000e+04 1.000030769230795702e+00
-2.640000000000000000e+04 1.000030769230753069e+00
-2.630000000000000000e+04 1.000030769230795702e+00
-2.620000000000000000e+04 1.000030769230753069e+00
-2.610000000000000000e+04 1.000030770177570361e+00
-2.600000000000000000e+04 1.000010256725842428e+00
-2.570000000000000000e+04 9.999692298224722720e-01
-2.560000000000000000e+04 9.999999999999573674e-01
-2.550000000000000000e+04 9.999692298224722720e-01
-2.540000000000000000e+04 1.000000000000000000e+00
-2.530000000000000000e+04 9.999384577512359096e-01
-2.520000000000000000e+04 1.000000000000042855e+00
-2.510000000000000000e+04 9.999384577512359096e-01
-2.500000000000000000e+04 9.999692279287480945e-01
-2.490000000000000000e+04 9.999076866268324926e-01
-2.480000000000000000e+04 9.999384558574534454e-01
-2.470000000000000000e+04 9.999384539635544078e-01
-2.460000000000000000e+04 9.999076837862442835e-01
-2.450000000000000000e+04 9.999384539635544078e-01
-2.440000000000000000e+04 9.998769117149068908e-01
-2.430000000000000000e+04 9.999076799983644959e-01
-2.400000000000000000e+04 9.999076781043296780e-01
-2.390000000000000000e+04 9.999076781042869344e-01
-2.380000000000000000e+04 9.999076781043296780e-01
-2.370000000000000000e+04 9.998769041391204482e-01
-2.360000000000000000e+04 9.999076752630886578e-01
-2.350000000000000000e+04 9.998769003508561903e-01
-2.340000000000000000e+04 9.999076752631314013e-01
-2.330000000000000000e+04 9.999076724217582646e-01
-2.320000000000000000e+04 9.998769003508561903e-01
-2.310000000000000000e+04 9.999076724217582646e-01
-2.300000000000000000e+04 9.999384463867498907e-01
-2.290000000000000000e+04 9.999076724217582646e-01
-2.280000000000000000e+04 9.999076695802529002e-01
-2.270000000000000000e+04 9.999076695801675241e-01
-2.260000000000000000e+04 9.999281867145515257e-01
-2.230000000000000000e+04 9.999384444923106185e-01
-2.220000000000000000e+04 9.999076667384872996e-01
-2.210000000000000000e+04 9.999692212988346984e-01
-2.200000000000000000e+04 9.999384444923532511e-01
-2.190000000000000000e+04 9.999692212988346984e-01
-2.180000000000000000e+04 9.999384425977120294e-01
-2.170000000000000000e+04 1.000000000000042633e+00
-2.160000000000000000e+04 9.999384425977120294e-01
-2.150000000000000000e+04 9.999999999999573674e-01
-2.140000000000000000e+04 9.999692203515198052e-01
-2.130000000000000000e+04 1.000000000000000000e+00
-2.120000000000000000e+04 9.999692203515198052e-01
-2.110000000000000000e+04 1.000030780595896118e+00
-2.100000000000000000e+04 1.000000000000000000e+00
-2.090000000000000000e+04 1.000010260198632039e+00
-2.060000000000000000e+04 1.000000000000000000e+00
-2.050000000000000000e+04 1.000030780595938751e+00
-2.040000000000000000e+04 1.000030781543370439e+00
-2.030000000000000000e+04 1.000000000000000000e+00
-2.020000000000000000e+04 1.000000000000000000e+00
-2.010000000000000000e+04 1.000061563086783512e+00
-2.000000000000000000e+04 1.000000000000000000e+00
-1.990000000000000000e+04 1.000030781543370439e+00
-1.980000000000000000e+04 1.000000000000000000e+00
-1.970000000000000000e+04 1.000000000000000000e+00
-1.960000000000000000e+04 1.000000000000000000e+00
-1.950000000000000000e+04 1.000000000000042633e+00
-1.940000000000000000e+04 1.000000000000000000e+00
-1.930000000000000000e+04 9.999999999999927836e-01
-1.900000000000000000e+04 9.999692203514984890e-01
-1.890000000000000000e+04 9.999692203514984890e-01
-1.880000000000000000e+04 1.000000000000000000e+00
-1.870000000000000000e+04 9.999692203515198052e-01
-1.860000000000000000e+04 1.000000000000000000e+00
-1.850000000000000000e+04 9.999692212988560147e-01
-1.840000000000000000e+04 9.999692212988560147e-01
-1.830000000000000000e+04 9.999692222461553648e-01
-1.820000000000000000e+04 9.999692212988774420e-01
-1.810000000000000000e+04 9.999692222461339375e-01
-1.800000000000000000e+04 9.999692231934176334e-01
-1.790000000000000000e+04 9.999692222461553648e-01
-1.780000000000000000e+04 9.999692231934176334e-01
-1.770000000000000000e+04 1.000000000000000000e+00
-1.760000000000000000e+04 9.999692241405789828e-01
-1.730000000000000000e+04 1.000000000000021316e+00
-1.720000000000000000e+04 9.999999999999785727e-01
-1.710000000000000000e+04 1.000000000000000000e+00
-1.700000000000000000e+04 1.000000000000000000e+00
-1.690000000000000000e+04 1.000030773965230546e+00
-1.680000000000000000e+04 1.000030773965230546e+00
-1.670000000000000000e+04 1.000000000000000000e+00
-1.660000000000000000e+04 1.000092321895670322e+00
-1.650000000000000000e+04 1.000030773018201424e+00
-1.640000000000000000e+04 1.000061544142567982e+00
-1.630000000000000000e+04 1.000092319054625589e+00
-1.620000000000000000e+04 1.000061544142567982e+00
-1.610000000000000000e+04 1.000092316213798460e+00
-1.600000000000000000e+04 1.000112829770638312e+00
-1.570000000000000000e+04 1.000184632427618459e+00
-1.560000000000000000e+04 1.000123084497528181e+00
-1.550000000000000000e+04 1.000153855621867649e+00
-1.540000000000000000e+04 1.000184626746249528e+00
-1.530000000000000000e+04 1.000153855621910282e+00
-1.520000000000000000e+04 1.000184626746249528e+00
-1.510000000000000000e+04 1.000184626746271066e+00
-1.500000000000000000e+04 1.000215397870631628e+00
-1.490000000000000000e+04 1.000184626746249528e+00
-1.480000000000000000e+04 1.000215397870652945e+00
-1.470000000000000000e+04 1.000184626746249528e+00
-1.460000000000000000e+04 1.000215397870631628e+00
-1.450000000000000000e+04 1.000215397870652945e+00
-1.440000000000000000e+04 1.000184626746263739e+00
-1.410000000000000000e+04 1.000184626746249528e+00
-1.400000000000000000e+04 1.000184626746249528e+00
-1.390000000000000000e+04 1.000184632427639775e+00
-1.380000000000000000e+04 1.000153855621867649e+00
-1.370000000000000000e+04 1.000153860356345126e+00
-1.360000000000000000e+04 1.000123084497485548e+00
-1.350000000000000000e+04 1.000123088285093109e+00
-1.340000000000000000e+04 1.000123088285071793e+00
-1.330000000000000000e+04 1.000092316213798460e+00
-1.320000000000000000e+04 1.000092316213819776e+00
-1.310000000000000000e+04 1.000061544142525127e+00
-1.300000000000000000e+04 1.000061544142525127e+00
-1.290000000000000000e+04 1.000061546036445481e+00
-1.280000000000000000e+04 1.000010257567522265e+00
-1.250000000000000000e+04 1.000000000000000000e+00
-1.240000000000000000e+04 9.999692269817772594e-01
-1.230000000000000000e+04 9.999384539635758351e-01
-1.220000000000000000e+04 9.999692260347694539e-01
-1.210000000000000000e+04 9.999076809453316672e-01
-1.200000000000000000e+04 9.999384520695602241e-01
-1.190000000000000000e+04 9.999076781043082507e-01
-1.180000000000000000e+04 9.998769079271302429e-01
-1.170000000000000000e+04 9.998769041391204482e-01
-1.160000000000000000e+04 9.998769041390777046e-01
-1.150000000000000000e+04 9.998461301738899021e-01
-1.140000000000000000e+04 9.998461301738684748e-01
-1.130000000000000000e+04 9.998461301738684748e-01
-1.120000000000000000e+04 9.998051002195145198e-01
-1.090000000000000000e+04 9.998153562086593560e-01
-1.080000000000000000e+04 9.997845822434288099e-01
-1.070000000000000000e+04 9.998153562086379287e-01
-1.060000000000000000e+04 9.997538158542604858e-01
-1.050000000000000000e+04 9.997845822434288099e-01
-1.040000000000000000e+04 9.998153562086593560e-01
-1.030000000000000000e+04 9.997538158542391695e-01
-1.020000000000000000e+04 9.997538158542604858e-01
-1.010000000000000000e+04 9.998153562086593560e-01
-1.000000000000000000e+04 9.997845888724833374e-01
-9.900000000000000000e+03 9.997845822434073826e-01
-9.800000000000000000e+03 9.998153618906847617e-01
-9.700000000000000000e+03 9.997845888724833374e-01
-9.600000000000000000e+03 9.998153618906954199e-01
-9.300000000000000000e+03 9.998461349089075023e-01
-9.200000000000000000e+03 9.998769041391097900e-01
-9.100000000000000000e+03 9.998769079271195848e-01
-9.000000000000000000e+03 9.998769079271302429e-01
-8.900000000000000000e+03 9.999076809453530945e-01
-8.800000000000000000e+03 9.999076809453530945e-01
-8.700000000000000000e+03 9.999076809453316672e-01
-8.600000000000000000e+03 9.999384539635651770e-01
-8.500000000000000000e+03 1.000000000000000000e+00
-8.400000000000000000e+03 9.999692269817879176e-01
-8.300000000000000000e+03 1.000000000000000000e+00
-8.200000000000000000e+03 1.000030773965219888e+00
-8.100000000000000000e+03 1.000041031111843948e+00
-7.800000000000000000e+03 1.000092321895670322e+00
-7.700000000000000000e+03 1.000092321895680980e+00
-7.600000000000000000e+03 1.000061546036434823e+00
-7.500000000000000000e+03 1.000123095860900868e+00
-7.400000000000000000e+03 1.000153869826131414e+00
-7.300000000000000000e+03 1.000123095860900868e+00
-7.200000000000000000e+03 1.000184649473748077e+00
-7.100000000000000000e+03 1.000153869826120978e+00
-7.000000000000000000e+03 1.000153869826120978e+00
-6.900000000000000000e+03 1.000215424386044605e+00
-6.800000000000000000e+03 1.000184649473758514e+00
-6.700000000000000000e+03 1.000215424386033947e+00
-6.600000000000000000e+03 1.000184649473758514e+00
-6.500000000000000000e+03 1.000205168186616200e+00
-6.200000000000000000e+03 1.000215424386044605e+00
-6.100000000000000000e+03 1.000215431015904599e+00
-6.000000000000000000e+03 1.000215431015925693e+00
-5.900000000000000000e+03 1.000215437646183148e+00
-5.800000000000000000e+03 1.000215431015915035e+00
-5.700000000000000000e+03 1.000215437646193806e+00
-5.600000000000000000e+03 1.000215437646183148e+00
-5.500000000000000000e+03 1.000184660839590123e+00
-5.400000000000000000e+03 1.000215444276880694e+00
-5.300000000000000000e+03 1.000153884032997098e+00
-5.200000000000000000e+03 1.000215444276870036e+00
-5.100000000000000000e+03 1.000153888769191424e+00
-5.000000000000000000e+03 1.000174410850409368e+00
-4.700000000000000000e+03 1.000153893505687730e+00
-4.600000000000000000e+03 1.000123114804559732e+00
-4.500000000000000000e+03 1.000123114804554403e+00
-4.400000000000000000e+03 1.000123118593984950e+00
-4.300000000000000000e+03 1.000092336103415747e+00
-4.200000000000000000e+03 1.000123118593990279e+00
-4.100000000000000000e+03 1.000061557402277312e+00
-4.000000000000000000e+03 1.000061559296987035e+00
-3.900000000000000000e+03 1.000061559296997693e+00
-3.800000000000000000e+03 1.000061559296992364e+00
-3.700000000000000000e+03 1.000030779648496182e+00
-3.600000000000000000e+03 1.000030779648490853e+00
-3.500000000000000000e+03 9.999897402224319221e-01
-3.200000000000000000e+03 1.000000000000000000e+00
-3.100000000000000000e+03 9.999692203515091471e-01
-3.000000000000000000e+03 9.999415206478267093e-01
-2.900000000000000000e+03 9.999415201078479809e-01
-2.800000000000000000e+03 9.999322868574929135e-01
-2.700000000000000000e+03 9.999230537208120273e-01
-2.600000000000000000e+03 9.999107428655892305e-01
-2.500000000000000000e+03 9.998984324745235908e-01
-2.400000000000000000e+03 9.998953553148718365e-01
-2.300000000000000000e+03 9.998861230117704890e-01
-2.200000000000000000e+03 9.998768908791537680e-01
-2.100000000000000000e+03 9.998738139278643411e-01
-2.000000000000000000e+03 9.998676601389235863e-01
-1.900000000000000000e+03 9.998625333664359349e-01
-1.600000000000000000e+03 9.998615103374848267e-01
-1.500000000000000000e+03 9.998522795117815720e-01
-1.400000000000000000e+03 9.998553583573620562e-01
-1.300000000000000000e+03 9.998522826939972852e-01
-1.200000000000000000e+03 9.998522849669155832e-01
-1.100000000000000000e+03 9.998553636987516091e-01
-1.000000000000000000e+03 9.998553659242105374e-01
-9.000000000000000000e+02 9.998584445518075015e-01
-8.000000000000000000e+02 9.998584467298128331e-01
-7.000000000000000000e+02 9.998584489077471105e-01
-6.000000000000000000e+02 9.998615282359321066e-01
-5.000000000000000000e+02 9.998646066361215334e-01
-4.000000000000000000e+02 9.998632777603070343e-01
-1.000000000000000000e+02 9.998646151346741728e-01
0.000000000000000000e+00 9.998677154396741207e-01
1.000000000000000000e+02 9.998704435020117076e-01
2.000000000000000000e+02 9.998723130355163802e-01
3.000000000000000000e+02 9.998741607769907613e-01
4.000000000000000000e+02 9.998763160647585746e-01
5.000000000000000000e+02 9.998800095992317338e-01
6.000000000000000000e+02 9.998830880746760741e-01
7.000000000000000000e+02 9.998861661051885452e-01
8.000000000000000000e+02 9.998861671558401110e-01
9.000000000000000000e+02 9.998923212763920487e-01
1.000000000000000000e+03 9.999015527994894459e-01
1.300000000000000000e+03 9.999046309371109054e-01
1.400000000000000000e+03 9.999169368781811729e-01
1.500000000000000000e+03 9.999169376447806235e-01
1.600000000000000000e+03 9.999230908850397226e-01
1.700000000000000000e+03 9.999323201870407019e-01
1.800000000000000000e+03 9.999323206034551603e-01
1.900000000000000000e+03 9.999323210198616252e-01
2.000000000000000000e+03 9.999384738436905007e-01
2.100000000000000000e+03 9.999446264593259137e-01
2.200000000000000000e+03 9.999477029280189333e-01
2.300000000000000000e+03 9.999477030889051266e-01
2.400000000000000000e+03 9.999600081214247149e-01
2.500000000000000000e+03 9.999723132012718896e-01
2.800000000000000000e+03 9.999815420395420373e-01
2.900000000000000000e+03 9.999907709629879404e-01
3.000000000000000000e+03 1.000000000000000000e+00
3.100000000000000000e+03 9.999907708778067450e-01
3.200000000000000000e+03 1.000030764497774616e+00
3.300000000000000000e+03 1.000030764497769287e+00
3.400000000000000000e+03 1.000030764497769287e+00
3.500000000000000000e+03 1.000030765444252845e+00
3.600000000000000000e+03 1.000061530888505690e+00
3.700000000000000000e+03 1.000061532781588935e+00
3.800000000000000000e+03 1.000092299172383514e+00
3.900000000000000000e+03 1.000092302012183243e+00
4.000000000000000000e+03 1.000102558843135592e+00
4.300000000000000000e+03 1.000123076923081555e+00
4.400000000000000000e+03 1.000153846153845283e+00
4.500000000000000000e+03 1.000153850887718798e+00
4.600000000000000000e+03 1.000153850887718798e+00
4.700000000000000000e+03 1.000123080710175083e+00
4.800000000000000000e+03 1.000153855621888965e+00
4.900000000000000000e+03 1.000184632427602249e+00
5.000000000000000000e+03 1.000184632427607578e+00
5.100000000000000000e+03 1.000215411127527432e+00
5.200000000000000000e+03 1.000153860356334468e+00
5.300000000000000000e+03 1.000215417756592728e+00
5.400000000000000000e+03 1.000184638109294033e+00
5.500000000000000000e+03 1.000194903779085820e+00
5.800000000000000000e+03 1.000215424386023289e+00
5.900000000000000000e+03 1.000215431015925693e+00
6.000000000000000000e+03 1.000215431015904599e+00
6.100000000000000000e+03 1.000215431015904599e+00
6.200000000000000000e+03 1.000184655156504787e+00
6.300000000000000000e+03 1.000215437646183148e+00
6.400000000000000000e+03 1.000215437646193806e+00
6.500000000000000000e+03 1.000215444276880694e+00
6.600000000000000000e+03 1.000215444276870036e+00
6.700000000000000000e+03 1.000215444276880694e+00
6.800000000000000000e+03 1.000215444276880694e+00
6.900000000000000000e+03 1.000215453118427966e+00
7.200000000000000000e+03 1.000215457539468167e+00
7.300000000000000000e+03 1.000215457539468167e+00
7.400000000000000000e+03 1.000215457539478825e+00
7.500000000000000000e+03 1.000184677890977314e+00
7.600000000000000000e+03 1.000153898242486461e+00
7.700000000000000000e+03 1.000215464171379853e+00
7.800000000000000000e+03 1.000184683575472855e+00
7.900000000000000000e+03 1.000153902979566078e+00
8.000000000000000000e+03 1.000153898242486461e+00
8.100000000000000000e+03 1.000123122383637986e+00
8.200000000000000000e+03 1.000153902979566078e+00
8.300000000000000000e+03 1.000123122383648644e+00
8.400000000000000000e+03 1.000092339892886928e+00
8.700000000000000000e+03 1.000061561191824211e+00
8.800000000000000000e+03 1.000061559296992364e+00
8.900000000000000000e+03 1.000000000000000000e+00
9.000000000000000000e+03 1.000000000000000000e+00
9.100000000000000000e+03 1.000000000000000000e+00
9.200000000000000000e+03 9.999692212988666729e-01
9.300000000000000000e+03 9.999384444923106185e-01
9.400000000000000000e+03 9.999384425977227986e-01
9.500000000000000000e+03 9.999076695802102677e-01
9.600000000000000000e+03 9.999076667384766415e-01
9.700000000000000000e+03 9.998461207029162301e-01
9.800000000000000000e+03 9.998358620831234722e-01
1.010000000000000000e+04 9.997845756139448481e-01
1.020000000000000000e+04 9.997845822434288099e-01
1.030000000000000000e+04 9.997538158542604858e-01
1.040000000000000000e+04 9.997230428360377452e-01
1.050000000000000000e+04 9.997538158542391695e-01
1.060000000000000000e+04 9.996922887562437188e-01
1.070000000000000000e+04 9.997230513585833034e-01
1.080000000000000000e+04 9.996922982245733946e-01
1.090000000000000000e+04 9.996922982245519673e-01
1.100000000000000000e+04 9.996615384615458177e-01
1.110000000000000000e+04 9.996923076922987761e-01
1.120000000000000000e+04 9.996513035095332400e-01
1.150000000000000000e+04 9.996308033104445157e-01
1.160000000000000000e+04 9.996615801132241463e-01
1.170000000000000000e+04 9.996615801132241463e-01
1.180000000000000000e+04 9.996615905245206379e-01
1.190000000000000000e+04 9.996308373838698191e-01
1.200000000000000000e+04 9.996308487402735254e-01
1.210000000000000000e+04 9.996616113452346797e-01
1.220000000000000000e+04 9.996308600959998847e-01
1.230000000000000000e+04 9.996616321633868818e-01
1.240000000000000000e+04 9.996616321634081981e-01
1.250000000000000000e+04 9.996616425715024734e-01
1.260000000000000000e+04 9.996411581364870180e-01
1.290000000000000000e+04 9.996924307200322213e-01
1.300000000000000000e+04 9.996616841975624057e-01
1.310000000000000000e+04 9.996616946024985406e-01
1.320000000000000000e+04 9.996617050067518884e-01
1.330000000000000000e+04 9.996617050067732047e-01
1.340000000000000000e+04 9.996924685549222200e-01
1.350000000000000000e+04 9.996924780121689835e-01
1.360000000000000000e+04 9.996924780121689835e-01
1.370000000000000000e+04 9.997232387219742167e-01
1.380000000000000000e+04 9.997232472324899533e-01
1.390000000000000000e+04 9.997232472324686370e-01
1.400000000000000000e+04 9.997540051043956044e-01
1.410000000000000000e+04 9.997847588786957784e-01
1.440000000000000000e+04 9.997847677028417479e-01
1.450000000000000000e+04 9.998462626449143853e-01
1.460000000000000000e+04 9.998462673717826155e-01
1.470000000000000000e+04 9.998462673717826155e-01
1.480000000000000000e+04 9.999077604230781624e-01
1.490000000000000000e+04 9.999077604230567351e-01
1.500000000000000000e+04 9.999077632590374076e-01
1.510000000000000000e+04 9.999692534743735983e-01
1.520000000000000000e+04 9.999692544196719934e-01
1.530000000000000000e+04 9.999692544196934207e-01
1.540000000000000000e+04 1.000030745580285485e+00
1.550000000000000000e+04 1.000051243159046921e+00
1.580000000000000000e+04 1.000092236740962592e+00
1.590000000000000000e+04 1.000122986102569778e+00
1.600000000000000000e+04 1.000153732628217496e+00
1.610000000000000000e+04 1.000122986102569778e+00
1.620000000000000000e+04 1.000184484826111442e+00
1.630000000000000000e+04 1.000215232297136936e+00
1.640000000000000000e+04 1.000184484826132758e+00
1.650000000000000000e+04 1.000245987331650932e+00
1.660000000000000000e+04 1.000245987331650932e+00
1.670000000000000000e+04 1.000215238915189264e+00
1.680000000000000000e+04 1.000276744257560413e+00
1.690000000000000000e+04 1.000297256019441416e+00
1.720000000000000000e+04 1.000338274186596932e+00
1.730000000000000000e+04 1.000307521987809700e+00
1.740000000000000000e+04 1.000369049083547290e+00
1.750000000000000000e+04 1.000338284589592064e+00
1.760000000000000000e+04 1.000369060433643709e+00
1.770000000000000000e+04 1.000369071784459996e+00
1.780000000000000000e+04 1.000338315802437483e+00
1.790000000000000000e+04 1.000369083135974169e+00
1.800000000000000000e+04 1.000369094488186894e+00
1.810000000000000000e+04 1.000430636727147604e+00
1.820000000000000000e+04 1.000369117194707114e+00
1.830000000000000000e+04 1.000379393790246096e+00
1.860000000000000000e+04 1.000369162616151497e+00
1.870000000000000000e+04 1.000399938471007388e+00
1.880000000000000000e+04 1.000369185331033917e+00
1.890000000000000000e+04 1.000338430298734371e+00
1.900000000000000000e+04 1.000369208048711878e+00
1.910000000000000000e+04 1.000338451124616057e+00
1.920000000000000000e+04 1.000338461538432755e+00
1.930000000000000000e+04 1.000338471952975761e+00
1.940000000000000000e+04 1.000338482368138493e+00
1.950000000000000000e+04 1.000307720712732884e+00
1.960000000000000000e+04 1.000307730182185217e+00
1.970000000000000000e+04 1.000276974210620118e+00
2.000000000000000000e+04 1.000246214452744198e+00
2.010000000000000000e+04 1.000246222030714671e+00
2.020000000000000000e+04 1.000215444276891352e+00
2.030000000000000000e+04 1.000215457539446851e+00
2.040000000000000000e+04 1.000153898242529316e+00
2.050000000000000000e+04 1.000215470803678119e+00
2.060000000000000000e+04 1.000153907716980095e+00
2.070000000000000000e+04 1.000123129963654600e+00
2.080000000000000000e+04 1.000123129963654600e+00
2.090000000000000000e+04 1.000092353158514857e+00
2.100000000000000000e+04 1.000071832445680320e+00
2.130000000000000000e+04 1.000030786281659534e+00
2.140000000000000000e+04 1.000030787229440943e+00
2.150000000000000000e+04 9.999692127705590572e-01
2.160000000000000000e+04 1.000000000000000000e+00
2.170000000000000000e+04 9.999692108746924823e-01
2.180000000000000000e+04 9.999692108747352259e-01
2.190000000000000000e+04 9.999384198534287949e-01
2.200000000000000000e+04 9.999384198534289059e-01
2.210000000000000000e+04 9.999384179573133080e-01
2.220000000000000000e+04 9.999076269359912228e-01
2.230000000000000000e+04 9.999076240916426883e-01
2.240000000000000000e+04 9.998973579947828538e-01
2.270000000000000000e+04 9.998768283295061954e-01
2.280000000000000000e+04 9.999076184023774072e-01
2.290000000000000000e+04 9.998768245365743379e-01
2.300000000000000000e+04 9.999076155575460367e-01
2.310000000000000000e+04 9.999076155575460367e-01
2.320000000000000000e+04 9.998768207434090005e-01
2.330000000000000000e+04 9.999384084749834978e-01
2.340000000000000000e+04 9.999076127124967295e-01
2.350000000000000000e+04 9.999076127124967295e-01
2.360000000000000000e+04 9.999384065781243836e-01
2.370000000000000000e+04 9.999384065782098707e-01
2.380000000000000000e+04 9.999692026567860159e-01
2.410000000000000000e+04 1.000000000000000000e+00
2.420000000000000000e+04 9.999999999999572564e-01
2.430000000000000000e+04 1.000000000000000000e+00
2.440000000000000000e+04 1.000030798607929539e+00
2.450000000000000000e+04 1.000030798607929539e+00
2.460000000000000000e+04 1.000030798607886684e+00
2.470000000000000000e+04 1.000092398669453209e+00
2.480000000000000000e+04 1.000061599112983091e+00
2.490000000000000000e+04 1.000061597215773368e+00
2.500000000000000000e+04 1.000092398669496063e+00
2.510000000000000000e+04 1.000102666242315808e+00
2.540000000000000000e+04 1.000123198225923327e+00
2.550000000000000000e+04 1.000123202020490876e+00
2.560000000000000000e+04 1.000123198225966181e+00
2.570000000000000000e+04 1.000123198225966181e+00
2.580000000000000000e+04 1.000123198225923327e+00
2.590000000000000000e+04 1.000123198225966181e+00
2.600000000000000000e+04 1.000123198225923327e+00
2.610000000000000000e+04 1.000153997782436299e+00
2.620000000000000000e+04 1.000092395823702907e+00
2.630000000000000000e+04 1.000153997782479154e+00
2.640000000000000000e+04 1.000123194431589591e+00
2.650000000000000000e+04 1.000092392978127798e+00
2.680000000000000000e+04 1.000061593421832873e+00
2.690000000000000000e+04 1.000061591525016391e+00
2.700000000000000000e+04 1.000061591525016391e+00
2.710000000000000000e+04 1.000061591524973759e+00
2.720000000000000000e+04 1.000000000000000000e+00
2.730000000000000000e+04 1.000030793865845924e+00
2.740000000000000000e+04 1.000030793865845924e+00
2.750000000000000000e+04 9.999692080305618846e-01
2.760000000000000000e+04 1.000000000000042633e+00
2.770000000000000000e+04 9.999384198533861623e-01
2.780000000000000000e+04 9.999384198534715384e-01
2.790000000000000000e+04 9.999281609195352916e-01
2.820000000000000000e+04 9.998460733306608894e-01
2.830000000000000000e+04 9.999076439984050380e-01
2.840000000000000000e+04 9.998460828074452467e-01
2.850000000000000000e+04 9.998460875454425745e-01
2.860000000000000000e+04 9.998153107396495765e-01
2.870000000000000000e+04 9.997845424605530384e-01
2.880000000000000000e+04 9.998153277931360883e-01
2.890000000000000000e+04 9.997537855472130586e-01
2.900000000000000000e+04 9.997845623538380577e-01
2.910000000000000000e+04 9.997230343129460683e-01
2.920000000000000000e+04 9.997230541993223918e-01
2.950000000000000000e+04 9.997230769230945890e-01
2.960000000000000000e+04 9.996308033104445157e-01
2.970000000000000000e+04 9.997231024828225898e-01
2.980000000000000000e+04 9.996308373838483918e-01
2.990000000000000000e+04 9.996616113452987396e-01
3.000000000000000000e+04 9.996616217546523409e-01
3.010000000000000000e+04 9.996308828052714590e-01
3.020000000000000000e+04 9.996309055117920117e-01
3.030000000000000000e+04 9.996309282155613207e-01
3.040000000000000000e+04 9.996309395663348640e-01
3.050000000000000000e+04 9.996104801344928292e-01
3.080000000000000000e+04 9.995080253366981360e-01
3.090000000000000000e+04 9.996924969249603166e-01
3.100000000000000000e+04 9.996925914540335523e-01
3.110000000000000000e+04 9.993851829081098481e-01
3.120000000000000000e+04 1.000000000000000000e+00
3.130000000000000000e+04 9.996925914540335523e-01
3.140000000000000000e+04 9.993851829080671045e-01
3.150000000000000000e+04 9.996926859250064856e-01
3.160000000000000000e+04 9.996925914540762959e-01
3.170000000000000000e+04 9.993853718500129713e-01
3.180000000000000000e+04 9.996926859250491182e-01
3.190000000000000000e+04 9.996926859250064856e-01
3.220000000000000000e+04 9.996926859250491182e-01
3.230000000000000000e+04 9.996926859249638531e-01
3.240000000000000000e+04 9.996927803379328514e-01
3.250000000000000000e+04 1.000000000000042633e+00
3.260000000000000000e+04 9.996927803379328514e-01
3.270000000000000000e+04 9.996927803379327404e-01
3.280000000000000000e+04 9.996927803379328514e-01
3.290000000000000000e+04 9.996927803379328514e-01
3.300000000000000000e+04 9.996927803379753730e-01
3.310000000000000000e+04 9.996928746928659404e-01
3.320000000000000000e+04 9.998976039320061071e-01
3.350000000000000000e+04 9.996928746928659404e-01
3.360000000000000000e+04 1.000000000000000000e+00
3.370000000000000000e+04 9.996928746929084619e-01
3.380000000000000000e+04 9.996928746928659404e-01
3.390000000000000000e+04 9.999999999999573674e-01
3.400000000000000000e+04 1.000000000000042633e+00
3.410000000000000000e+04 9.996928746928659404e-01
3.420000000000000000e+04 1.000000000000000000e+00
3.430000000000000000e+04 1.000000000000000000e+00
3.440000000000000000e+04 1.000000000000000000e+00
3.450000000000000000e+04 1.000000000000000000e+00
3.480000000000000000e+04 9.999999999999573674e-01
3.490000000000000000e+04 1.000000000000042633e+00
3.500000000000000000e+04 1.000000000000000000e+00
3.510000000000000000e+04 1.000000000000000000e+00
3.520000000000000000e+04 1.000307125307091427e+00
3.530000000000000000e+04 1.000000000000000000e+00
3.540000000000000000e+04 1.000000000000042633e+00
3.550000000000000000e+04 1.000000000000000000e+00
3.560000000000000000e+04 1.000307125307091427e+00
3.570000000000000000e+04 1.000307125307134282e+00
3.580000000000000000e+04 1.000000000000000000e+00
3.590000000000000000e+04 1.000204729245578683e+00
3.620000000000000000e+04 1.000614250614268341e+00
3.630000000000000000e+04 1.000000000000000000e+00
3.640000000000000000e+04 1.000307125307091427e+00
3.650000000000000000e+04 1.000307125307134282e+00
3.660000000000000000e+04 1.000307031010140957e+00
3.670000000000000000e+04 1.000307125307134282e+00
3.680000000000000000e+04 1.000307125307091427e+00
3.690000000000000000e+04 1.000307031010140957e+00
3.700000000000000000e+04 1.000307125307134282e+00
3.710000000000000000e+04 1.000614250614225709e+00
3.720000000000000000e+04 1.000307093868368025e+00
3.750000000000000000e+04 1.000614250614225709e+00
3.760000000000000000e+04 1.000307125307134282e+00
3.770000000000000000e+04 1.000614250614268341e+00
3.780000000000000000e+04 1.000307125307091427e+00
3.790000000000000000e+04 1.000614250614268341e+00
3.800000000000000000e+04 1.000307125307176914e+00
3.810000000000000000e+04 1.000307031010055470e+00
3.820000000000000000e+04 1.000307125307176914e+00
3.830000000000000000e+04 1.000614250614225709e+00
3.840000000000000000e+04 1.000307125307134060e+00
3.850000000000000000e+04 1.000511927920549438e+00
3.880000000000000000e+04 1.000614250614268119e+00
3.890000000000000000e+04 1.000307125307048794e+00
3.900000000000000000e+04 1.000307125307219325e+00
3.910000000000000000e+04 1.000614250614183076e+00
3.920000000000000000e+04 1.000614439324134519e+00
3.930000000000000000e+04 1.000307125307134060e+00
3.940000000000000000e+04 1.000307125307134060e+00
3.950000000000000000e+04 1.000307125307134060e+00
3.960000000000000000e+04 1.000614439324049032e+00
3.970000000000000000e+04 1.000307125307219325e+00
3.980000000000000000e+04 1.000511980339969575e+00
4.010000000000000000e+04 1.000307125307048794e+00
4.020000000000000000e+04 1.000307219662067260e+00
4.030000000000000000e+04 1.000307125307048794e+00
4.040000000000000000e+04 1.000614439324219784e+00
4.050000000000000000e+04 1.000000000000000000e+00
4.060000000000000000e+04 1.000307219661981994e+00
4.070000000000000000e+04 1.000614439324134519e+00
4.080000000000000000e+04 1.000307219662067260e+00
4.090000000000000000e+04 1.000000000000000000e+00
4.100000000000000000e+04 1.000307219662067260e+00
4.110000000000000000e+04 1.000307219662067260e+00
4.140000000000000000e+04 1.000307219661981994e+00
4.150000000000000000e+04 1.000307219662067260e+00
4.160000000000000000e+04 1.000000000000085265e+00
4.170000000000000000e+04 1.000614628149986807e+00
4.180000000000000000e+04 9.999999999999147349e-01
4.190000000000000000e+04 1.000307219662067260e+00
4.200000000000000000e+04 1.000307314074993403e+00
4.210000000000000000e+04 1.000000000000085265e+00
4.220000000000000000e+04 1.000307314074908138e+00
4.230000000000000000e+04 1.000000000000000000e+00
4.240000000000000000e+04 1.000204876049995528e+00
4.270000000000000000e+04 9.996927803378475863e-01
4.280000000000000000e+04 1.000307314075078891e+00
4.290000000000000000e+04 1.000000000000000000e+00
4.300000000000000000e+04 1.000307408545966448e+00
4.310000000000000000e+04 1.000000000000000000e+00
4.320000000000000000e+04 1.000000000000000000e+00
4.330000000000000000e+04 1.000000000000000000e+00
4.340000000000000000e+04 1.000307408545880961e+00
4.350000000000000000e+04 9.996926859250064856e-01
4.360000000000000000e+04 1.000307408545966448e+00
4.370000000000000000e+04 1.000000000000000000e+00
4.400000000000000000e+04 1.000000000000000000e+00
4.410000000000000000e+04 1.000000000000000000e+00
4.420000000000000000e+04 1.000000000000085487e+00
4.430000000000000000e+04 1.000307503074954196e+00
4.440000000000000000e+04 9.996925914540335523e-01
4.450000000000000000e+04 1.000000000000000000e+00
4.460000000000000000e+04 1.000307503075039683e+00
4.470000000000000000e+04 9.996925914540335523e-01
4.480000000000000000e+04 1.000000000000000000e+00
4.490000000000000000e+04 1.000000000000000000e+00
4.500000000000000000e+04 9.998975094803985719e-01
4.530000000000000000e+04 1.000000000000000000e+00
4.540000000000000000e+04 1.000000000000000000e+00
4.550000000000000000e+04 1.000000000000000000e+00
4.560000000000000000e+04 1.000000000000000000e+00
4.570000000000000000e+04 9.996924969249603166e-01
4.580000000000000000e+04 9.999999999999145128e-01
4.590000000000000000e+04 1.000000000000000000e+00
4.600000000000000000e+04 1.000000000000085487e+00
4.610000000000000000e+04 1.000000000000000000e+00
4.620000000000000000e+04 1.000000000000000000e+00
4.630000000000000000e+04 9.997949559155159260e-01
4.660000000000000000e+04 1.000000000000000000e+00
4.670000000000000000e+04 1.000307692307701002e+00
4.680000000000000000e+04 9.996924023377334878e-01
4.690000000000000000e+04 9.999999999999145128e-01
4.700000000000000000e+04 9.996924023378187529e-01
4.710000000000000000e+04 1.000000000000000000e+00
4.720000000000000000e+04 1.000000000000000000e+00
4.730000000000000000e+04 1.000000000000085265e+00
4.740000000000000000e+04 9.996924023376480006e-01
4.750000000000000000e+04 1.000000000000000000e+00
4.760000000000000000e+04 1.000000000000000000e+00
4.790000000000000000e+04 1.000000000000000000e+00
4.800000000000000000e+04 1.000000000000000000e+00
4.810000000000000000e+04 9.996923076922987761e-01
4.820000000000000000e+04 1.000000000000000000e+00
4.830000000000000000e+04 9.996924023377334878e-01
4.840000000000000000e+04 1.000000000000085265e+00
4.850000000000000000e+04 9.999999999999146238e-01
4.860000000000000000e+04 1.000000000000000000e+00
4.870000000000000000e+04 1.000000000000085265e+00
4.880000000000000000e+04 1.000307787011311511e+00
4.890000000000000000e+04 9.998974358974613841e-01
4.920000000000000000e+04 9.999999999999146238e-01
4.930000000000000000e+04 1.000000000000000000e+00
4.940000000000000000e+04 9.996923076923841522e-01
4.950000000000000000e+04 1.000307787011311511e+00
4.960000000000000000e+04 1.000000000000000000e+00
4.970000000000000000e+04 1.000000000000085265e+00
4.980000000000000000e+04 9.999999999999146238e-01
4.990000000000000000e+04 9.996923076922987761e-01
5.000000000000000000e+04 1.000000000000000000e+00
