4.900000000000000000e+04 9.889230769230996643e-01
4.910000000000000000e+04 9.838245313289801786e-01
4.770000000000000000e+04 9.800061519532675680e-01
4.780000000000000000e+04 9.813443494693359082e-01
4.640000000000000000e+04 9.843125192247452748e-01
4.650000000000000000e+04 9.906638548394181010e-01
4.510000000000000000e+04 9.978474784748081472e-01
4.520000000000000000e+04 1.005424041459877182e+00
4.380000000000000000e+04 1.011985248924318626e+00
4.390000000000000000e+04 1.016244813733451213e+00
4.250000000000000000e+04 1.018438844499096385e+00
4.260000000000000000e+04 1.016767255568968187e+00
4.120000000000000000e+04 1.013210445468549548e+00
4.130000000000000000e+04 1.006758091058693960e+00
3.990000000000000000e+04 9.993857493857317698e-01
4.000000000000000000e+04 9.921019723130234391e-01
3.860000000000000000e+04 9.852579852579027575e-01
3.870000000000000000e+04 9.820993747943369545e-01
3.730000000000000000e+04 9.803500153515818383e-01
3.740000000000000000e+04 9.835486630546830256e-01
3.600000000000000000e+04 9.880257906048053318e-01
3.610000000000000000e+04 9.960692789583595053e-01
3.460000000000000000e+04 1.004299754299792902e+00
3.470000000000000000e+04 1.010947303760257432e+00
3.330000000000000000e+04 1.016589861751117319e+00
3.340000000000000000e+04 1.018192990541396892e+00
3.200000000000000000e+04 1.018438844499053531e+00
3.210000000000000000e+04 1.013788552304480062e+00
3.060000000000000000e+04 1.007687813278398847e+00
3.070000000000000000e+04 1.000094482652544636e+00
2.930000000000000000e+04 9.923992983968041859e-01
2.940000000000000000e+04 9.862763721429307351e-01
2.800000000000000000e+04 9.815578817734070816e-01
2.810000000000000000e+04 9.812159731973505439e-01
2.660000000000000000e+04 9.832460732984431573e-01
2.670000000000000000e+04 9.896822545043857389e-01
2.520000000000000000e+04 9.973512381421116846e-01
2.530000000000000000e+04 1.005136790418948989e+00
2.390000000000000000e+04 1.012349861410529073e+00
2.400000000000000000e+04 1.017044043104882389e+00
2.250000000000000000e+04 1.019799846035417179e+00
2.260000000000000000e+04 1.017730467338828326e+00
2.110000000000000000e+04 1.013637902903056220e+00
2.120000000000000000e+04 1.006765075763571771e+00
1.980000000000000000e+04 9.991690773681397575e-01
1.990000000000000000e+04 9.911961683230270381e-01
1.840000000000000000e+04 9.842807924203406111e-01
1.850000000000000000e+04 9.815055165640451662e-01
1.700000000000000000e+04 9.810885608856196871e-01
1.710000000000000000e+04 9.857125872721101967e-01
1.560000000000000000e+04 9.921291314373599235e-01
1.570000000000000000e+04 1.000506292788913010e+00
1.420000000000000000e+04 1.008732550273651718e+00
1.430000000000000000e+04 1.014917111143145201e+00
1.270000000000000000e+04 1.018977608267715995e+00
1.280000000000000000e+04 1.017871205906480725e+00
1.130000000000000000e+04 1.014645252599816860e+00
1.140000000000000000e+04 1.007746276617568215e+00
9.900000000000000000e+03 9.998768965623372473e-01
1.000000000000000000e+04 9.919894122354333543e-01
8.500000000000000000e+03 9.850406303865968383e-01
8.600000000000000000e+03 9.819475277885725273e-01
7.000000000000000000e+03 9.815020006155715793e-01
7.100000000000000000e+03 9.862284897093244185e-01
5.600000000000000000e+03 9.927063457869097496e-01
5.700000000000000000e+03 1.001557797159424057e+00
4.100000000000000000e+03 1.010122454002829295e+00
4.200000000000000000e+03 1.015749171556696862e+00
2.600000000000000000e+03 1.019193084460030763e+00
2.700000000000000000e+03 1.017268715081006025e+00
1.100000000000000000e+03 1.013010426184522750e+00
1.200000000000000000e+03 1.005580769891081916e+00
-3.000000000000000000e+02 9.974288407998291861e-01
-2.000000000000000000e+02 9.893753868546191210e-01
-1.800000000000000000e+03 9.828053685904845072e-01
-1.700000000000000000e+03 9.815072472479395849e-01
-3.400000000000000000e+03 9.833482101634426487e-01
-3.300000000000000000e+03 9.902526200772562293e-01
-4.900000000000000000e+03 9.985226678157008706e-01
-4.800000000000000000e+03 1.007147885833874712e+00
-6.400000000000000000e+03 1.014710408075335080e+00
-6.300000000000000000e+03 1.018091634836443937e+00
-8.000000000000000000e+03 1.018679796891830636e+00
-7.900000000000000000e+03 1.013761414954263307e+00
-9.500000000000000000e+03 1.006954702117185185e+00
-9.400000000000000000e+03 9.975453637061388878e-01
-1.110000000000000000e+04 9.884601181683998483e-01
-1.100000000000000000e+04 9.832646359764175559e-01
-1.270000000000000000e+04 9.808591826686536841e-01
-1.260000000000000000e+04 9.849634267530454901e-01
-1.430000000000000000e+04 9.915687119207303724e-01
-1.420000000000000000e+04 1.000943047872802305e+00
-1.590000000000000000e+04 1.010124011447219861e+00
-1.580000000000000000e+04 1.015969733174034273e+00
-1.750000000000000000e+04 1.019358015572581877e+00
-1.740000000000000000e+04 1.016244120056017275e+00
-1.920000000000000000e+04 1.010249938438816608e+00
-1.910000000000000000e+04 1.001037492780100902e+00
-2.080000000000000000e+04 9.915661167200162662e-01
-2.070000000000000000e+04 9.845318076034537125e-01
-2.250000000000000000e+04 9.803945708041635898e-01
-2.240000000000000000e+04 9.836856818006959324e-01
-2.420000000000000000e+04 9.900910881339296532e-01
-2.410000000000000000e+04 1.000136762656953282e+00
-2.590000000000000000e+04 1.010092618234346817e+00
-2.580000000000000000e+04 1.016456307063480891e+00
-2.770000000000000000e+04 1.019444358982217524e+00
-2.760000000000000000e+04 1.015139266553978015e+00
-2.940000000000000000e+04 1.008151839547166473e+00
-2.930000000000000000e+04 9.975782417322702766e-01
-3.120000000000000000e+04 9.876960935097196526e-01
-3.110000000000000000e+04 9.827185928875634691e-01
-3.310000000000000000e+04 9.818628957884933950e-01
-3.300000000000000000e+04 9.894016374874605724e-01
-3.490000000000000000e+04 9.987703658161770637e-01
-3.480000000000000000e+04 1.009374807893281822e+00
-3.680000000000000000e+04 1.017516902274115731e+00
-3.670000000000000000e+04 1.019123723662188619e+00
-3.760000000000000000e+04 1.019981555487262437e+00
-3.750000000000000000e+04 1.019978484708795374e+00
-3.770000000000000000e+04 1.019360786724033963e+00
-3.780000000000000000e+04 1.019360786724033963e+00
-3.790000000000000000e+04 1.019360786723991330e+00
-3.800000000000000000e+04 1.018438844499096607e+00
-3.820000000000000000e+04 1.017824216349109356e+00
-3.830000000000000000e+04 1.017522287119531077e+00
-3.840000000000000000e+04 1.016594960049220786e+00
-3.850000000000000000e+04 1.015980331899148492e+00
-3.860000000000000000e+04 1.015365703749246951e+00
-3.870000000000000000e+04 1.013521819299343374e+00
-3.900000000000000000e+04 1.012599877074390919e+00
-3.890000000000000000e+04 1.012138905961900814e+00
-3.910000000000000000e+04 1.010755992624430055e+00
-3.920000000000000000e+04 1.009526736324541485e+00
-3.930000000000000000e+04 1.008604794099561275e+00
-3.940000000000000000e+04 1.006760909649685898e+00
-3.960000000000000000e+04 1.005224339274718215e+00
-3.970000000000000000e+04 1.003687768899836241e+00
-3.980000000000000000e+04 1.002765826674855809e+00
-3.990000000000000000e+04 1.001536570374881974e+00
-4.000000000000000000e+04 1.000307314074993403e+00
-4.010000000000000000e+04 9.993851829080671045e-01
-4.020000000000000000e+04 9.966195451751854728e-01
-4.050000000000000000e+04 9.953902888753534128e-01
-4.040000000000000000e+04 9.949285384970704138e-01
-4.060000000000000000e+04 9.929317762753208099e-01
-4.070000000000000000e+04 9.920098340504256429e-01
-4.080000000000000000e+04 9.910851521672298103e-01
-4.090000000000000000e+04 9.898586355254713753e-01
-4.100000000000000000e+04 9.889332923455502744e-01
-4.110000000000000000e+04 9.875518672199002923e-01
-4.130000000000000000e+04 9.858635525506416197e-01
-4.140000000000000000e+04 9.855517983400050586e-01
-4.150000000000000000e+04 9.846295727021058264e-01
-4.160000000000000000e+04 9.840147556102583071e-01
-4.170000000000000000e+04 9.830977258758696324e-01
-4.180000000000000000e+04 9.827851214263926272e-01
-4.190000000000000000e+04 9.824777128804261794e-01
-4.200000000000000000e+04 9.818628957884933950e-01
-4.210000000000000000e+04 9.814017829695863560e-01
-4.230000000000000000e+04 9.815498154981363577e-01
-4.240000000000000000e+04 9.809406701505940518e-01
-4.250000000000000000e+04 9.809406701506794279e-01
-4.260000000000000000e+04 9.815498154980526468e-01
-4.270000000000000000e+04 9.809406701506777626e-01
-4.280000000000000000e+04 9.815554872426122124e-01
-4.290000000000000000e+04 9.818573185730923303e-01
-4.300000000000000000e+04 9.824723247232551859e-01
-4.310000000000000000e+04 9.827824750191902492e-01
-4.330000000000000000e+04 9.837023370234135866e-01
-4.340000000000000000e+04 9.846248462484470387e-01
-4.350000000000000000e+04 9.849369812480721631e-01
-4.360000000000000000e+04 9.858548585486054394e-01
-4.370000000000000000e+04 9.867773677737241567e-01
-4.380000000000000000e+04 9.873923739237180364e-01
-4.390000000000000000e+04 9.889264841587434018e-01
-4.400000000000000000e+04 9.895448954489951543e-01
-4.410000000000000000e+04 9.904674046740286064e-01
-4.420000000000000000e+04 9.920024607812394368e-01
-4.430000000000000000e+04 9.926199261992204592e-01
-4.440000000000000000e+04 9.950789419725533103e-01
-4.470000000000000000e+04 9.963088280529713847e-01
-4.460000000000000000e+04 9.967707212056324817e-01
-4.480000000000000000e+04 9.987696093509336182e-01
-4.490000000000000000e+04 9.996924023377333768e-01
-4.500000000000000000e+04 1.000922792986799870e+00
-4.510000000000000000e+04 1.002460781298047721e+00
-4.520000000000000000e+04 1.003383574284847368e+00
-4.530000000000000000e+04 1.004306367271647238e+00
-4.540000000000000000e+04 1.005536757920542534e+00
-4.550000000000000000e+04 1.007076923076956065e+00
-4.560000000000000000e+04 1.007997539218675964e+00
-4.570000000000000000e+04 1.008920332205561321e+00
-4.580000000000000000e+04 1.010153846153796664e+00
-4.590000000000000000e+04 1.010765918178989198e+00
-4.600000000000000000e+04 1.012819198030998402e+00
-4.630000000000000000e+04 1.013846153846210685e+00
-4.620000000000000000e+04 1.013997846485131360e+00
-4.640000000000000000e+04 1.015384615384631095e+00
-4.650000000000000000e+04 1.015692307692332319e+00
-4.660000000000000000e+04 1.016615384615348949e+00
-4.670000000000000000e+04 1.016917871424237063e+00
-4.680000000000000000e+04 1.017538461538453953e+00
-4.690000000000000000e+04 1.017846153846154955e+00
-4.700000000000000000e+04 1.018153846153769360e+00
-4.710000000000000000e+04 1.018461538461557403e+00
-4.720000000000000000e+04 1.018455859735484692e+00
-4.730000000000000000e+04 1.019076923076959629e+00
-4.740000000000000000e+04 1.018769230769171585e+00
-4.750000000000000000e+04 1.018769230769258405e+00
-4.760000000000000000e+04 1.019076923076959629e+00
-4.770000000000000000e+04 1.018461538461557403e+00
-4.780000000000000000e+04 1.018461538461470361e+00
-4.790000000000000000e+04 1.018153846153856179e+00
-4.800000000000000000e+04 1.017538461538539218e+00
-4.810000000000000000e+04 1.017538461538367134e+00
-4.820000000000000000e+04 1.016928285626406803e+00
-4.830000000000000000e+04 1.016307692307734545e+00
-4.840000000000000000e+04 1.015692307692245722e+00
-4.850000000000000000e+04 1.014769230769228647e+00
-4.860000000000000000e+04 1.014153846153911909e+00
-4.870000000000000000e+04 1.013230769230722972e+00
-4.880000000000000000e+04 1.012927054478244937e+00
-4.890000000000000000e+04 1.011384615384686825e+00
-4.900000000000000000e+04 1.010461538461583375e+00
-4.910000000000000000e+04 1.009538461538393550e+00
-4.920000000000000000e+04 1.008307692307675252e+00
-4.930000000000000000e+04 1.007079101261959764e+00
-4.940000000000000000e+04 1.005538461538449724e+00
-4.950000000000000000e+04 1.004000000000029758e+00
-4.960000000000000000e+04 1.002769230769225084e+00
-4.970000000000000000e+04 1.001538935056899504e+00
-4.980000000000000000e+04 1.000153846153850612e+00
-5.000000000000000000e+04 1.000000000000000000e+00
-4.990000000000000000e+04 1.013854251012146435e+00
-4.610000000000000000e+04 1.003806667435687805e+00
-4.450000000000000000e+04 9.879597871082217431e-01
-4.320000000000000000e+04 9.815532189632896198e-01
-4.220000000000000000e+04 9.838927824910916886e-01
-4.120000000000000000e+04 9.921456134958865913e-01
-4.030000000000000000e+04 1.002112865429676702e+00
-3.950000000000000000e+04 1.010580384581601043e+00
-3.880000000000000000e+04 1.016595688633272321e+00
-3.810000000000000000e+04 1.019449444615186939e+00
-3.740000000000000000e+04 1.019668100799027588e+00
-3.730000000000000000e+04 1.019668100798984733e+00
-3.720000000000000000e+04 1.019674146941295989e+00
-3.710000000000000000e+04 1.018746158574090677e+00
-3.700000000000000000e+04 1.018746158574047156e+00
-3.690000000000000000e+04 1.017723593894065859e+00
-3.660000000000000000e+04 1.016600061481718109e+00
-3.650000000000000000e+04 1.015980331899191125e+00
-3.640000000000000000e+04 1.015063018751927837e+00
-3.630000000000000000e+04 1.014136447449272893e+00
-3.620000000000000000e+04 1.013525976022138231e+00
-3.610000000000000000e+04 1.012292562999397516e+00
-3.600000000000000000e+04 1.011681524746382621e+00
-3.590000000000000000e+04 1.010448678549479951e+00
-3.580000000000000000e+04 1.009529664924702974e+00
-3.570000000000000000e+04 1.008607439286803631e+00
-3.560000000000000000e+04 1.007068223724636447e+00
-3.550000000000000000e+04 1.006148170919157758e+00
-3.540000000000000000e+04 1.004918536735334600e+00
-3.530000000000000000e+04 1.003996311097435479e+00
-3.520000000000000000e+04 1.002459268367645873e+00
-3.510000000000000000e+04 1.001537042729789384e+00
-3.500000000000000000e+04 9.988729508196823037e-01
-3.470000000000000000e+04 9.963110974484883364e-01
-3.460000000000000000e+04 9.956949569495311403e-01
-3.450000000000000000e+04 9.941592376268086895e-01
-3.440000000000000000e+04 9.929296034429857531e-01
-3.430000000000000000e+04 9.920073778051288205e-01
-3.420000000000000000e+04 9.907777436213061062e-01
-3.410000000000000000e+04 9.895481094374404263e-01
-3.400000000000000000e+04 9.889298892988310774e-01
-3.390000000000000000e+04 9.877036581617266719e-01
-3.380000000000000000e+04 9.867814325238279949e-01
-3.370000000000000000e+04 9.861623616236029344e-01
-3.360000000000000000e+04 9.849369812480721631e-01
-3.350000000000000000e+04 9.843221641561393787e-01
-3.340000000000000000e+04 9.840098400984105265e-01
-3.330000000000000000e+04 9.830925299723589639e-01
-3.320000000000000000e+04 9.821666495849125100e-01
-3.290000000000000000e+04 9.815498154981791012e-01
-3.280000000000000000e+04 9.809406701506366844e-01
-3.270000000000000000e+04 9.809348093480998454e-01
-3.260000000000000000e+04 9.812423124230967852e-01
-3.250000000000000000e+04 9.809348093480579900e-01
-3.240000000000000000e+04 9.809348093480998454e-01
-3.230000000000000000e+04 9.806332616046702366e-01
-3.220000000000000000e+04 9.815498154981791012e-01
-3.210000000000000000e+04 9.815498154981791012e-01
-3.200000000000000000e+04 9.821648216482156135e-01
-3.190000000000000000e+04 9.824723247232551859e-01
-3.180000000000000000e+04 9.827798277982100483e-01
-3.170000000000000000e+04 9.840049215626481827e-01
-3.160000000000000000e+04 9.840098400984105265e-01
-3.150000000000000000e+04 9.849323493234866111e-01
-3.140000000000000000e+04 9.858548585486054394e-01
-3.130000000000000000e+04 9.874935930292119135e-01
-3.100000000000000000e+04 9.898492771455004169e-01
-3.090000000000000000e+04 9.901599015989894781e-01
-3.080000000000000000e+04 9.916948631190575236e-01
-3.070000000000000000e+04 9.927117288886105895e-01
-3.060000000000000000e+04 9.939101282563513884e-01
-3.050000000000000000e+04 9.949867749277584439e-01
-3.040000000000000000e+04 9.962476547842515906e-01
-3.030000000000000000e+04 9.974163385826712025e-01
-3.020000000000000000e+04 9.986466535432511060e-01
-3.010000000000000000e+04 9.998462106299595975e-01
-3.000000000000000000e+04 1.001076558703239083e+00
-2.990000000000000000e+04 1.002276152686780053e+00
-2.980000000000000000e+04 1.003506613349685495e+00
-2.970000000000000000e+04 1.004675484466333035e+00
-2.960000000000000000e+04 1.005844535359436298e+00
-2.950000000000000000e+04 1.008100320936771377e+00
-2.920000000000000000e+04 1.010243632336642605e+00
-2.910000000000000000e+04 1.011289876026693735e+00
-2.900000000000000000e+04 1.012243516781003105e+00
-2.890000000000000000e+04 1.013135632325390167e+00
-2.880000000000000000e+04 1.013996985264687956e+00
-2.870000000000000000e+04 1.014858795299321104e+00
-2.860000000000000000e+04 1.015566356980253326e+00
-2.850000000000000000e+04 1.016305183817872937e+00
-2.840000000000000000e+04 1.016951238271036173e+00
-2.830000000000000000e+04 1.017474234733099170e+00
-2.820000000000000000e+04 1.018028550332255922e+00
-2.810000000000000000e+04 1.018428501107590645e+00
-2.800000000000000000e+04 1.018797686438603467e+00
-2.790000000000000000e+04 1.019105928683483153e+00
-2.780000000000000000e+04 1.019444558395221412e+00
-2.750000000000000000e+04 1.019505891763817118e+00
-2.740000000000000000e+04 1.019444957233413884e+00
-2.730000000000000000e+04 1.019322482385149220e+00
-2.720000000000000000e+04 1.019075749184658486e+00
-2.710000000000000000e+04 1.018768653272191571e+00
-2.700000000000000000e+04 1.018430202147618147e+00
-2.690000000000000000e+04 1.017937909602776081e+00
-2.680000000000000000e+04 1.017476923076947815e+00
-2.670000000000000000e+04 1.016861019660940002e+00
-2.660000000000000000e+04 1.016246153846142475e+00
-2.650000000000000000e+04 1.015507692307686005e+00
-2.640000000000000000e+04 1.014769230769228203e+00
-2.630000000000000000e+04 1.013907692307716824e+00
-2.620000000000000000e+04 1.013046153846161701e+00
-2.610000000000000000e+04 1.012123449952287757e+00
-2.600000000000000000e+04 1.010092618234404105e+00
-2.570000000000000000e+04 1.007907935628811202e+00
-2.560000000000000000e+04 1.006800418487256543e+00
-2.550000000000000000e+04 1.005630942490563617e+00
-2.540000000000000000e+04 1.004431041910245126e+00
-2.530000000000000000e+04 1.003261739183941126e+00
-2.520000000000000000e+04 1.002030956703737097e+00
-2.510000000000000000e+04 1.000769278109401528e+00
-2.500000000000000000e+04 9.995691910022596050e-01
-2.490000000000000000e+04 9.982768170349047843e-01
-2.480000000000000000e+04 9.970766532294875750e-01
-2.470000000000000000e+04 9.959071885770747201e-01
-2.460000000000000000e+04 9.946456595993473648e-01
-2.450000000000000000e+04 9.934761201378804474e-01
-2.440000000000000000e+04 9.922762101116686662e-01
-2.430000000000000000e+04 9.900909864905258484e-01
-2.400000000000000000e+04 9.880289275272924332e-01
-2.390000000000000000e+04 9.870441606400848222e-01
-2.380000000000000000e+04 9.861209416832957819e-01
-2.370000000000000000e+04 9.852592706570525438e-01
-2.360000000000000000e+04 9.844586692927731475e-01
-2.350000000000000000e+04 9.837508463100990141e-01
-2.340000000000000000e+04 9.830430233274252139e-01
-2.330000000000000000e+04 9.824885359923595241e-01
-2.320000000000000000e+04 9.819043515725984772e-01
-2.310000000000000000e+04 9.815037084910573917e-01
-2.300000000000000000e+04 9.811030407484869764e-01
-2.290000000000000000e+04 9.807650878650381321e-01
-2.280000000000000000e+04 9.805798350363728044e-01
-2.270000000000000000e+04 9.804259510032909963e-01
-2.260000000000000000e+04 9.804052321108036594e-01
-2.230000000000000000e+04 9.806715705887861789e-01
-2.220000000000000000e+04 9.808870148656350096e-01
-2.210000000000000000e+04 9.812557710064628846e-01
-2.200000000000000000e+04 9.816564587116451968e-01
-2.190000000000000000e+04 9.821483533394884669e-01
-2.180000000000000000e+04 9.826715912588291912e-01
-2.170000000000000000e+04 9.833482101634904993e-01
-2.160000000000000000e+04 9.839950754077847472e-01
-2.150000000000000000e+04 9.847948536427446609e-01
-2.140000000000000000e+04 9.855951245036993491e-01
-2.130000000000000000e+04 9.864877343100953988e-01
-2.120000000000000000e+04 9.873803441164493711e-01
-2.110000000000000000e+04 9.883957153410484198e-01
-2.100000000000000000e+04 9.894114750061762109e-01
-2.090000000000000000e+04 9.915763769186483056e-01
-2.060000000000000000e+04 9.938746614134652546e-01
-2.050000000000000000e+04 9.950135434621776298e-01
-2.040000000000000000e+04 9.962754332502187227e-01
-2.030000000000000000e+04 9.974452105392964674e-01
-2.020000000000000000e+04 9.986456537798438227e-01
-2.010000000000000000e+04 9.999076553698887926e-01
-2.000000000000000000e+04 1.001108101452816257e+00
-1.990000000000000000e+04 1.002339397297387968e+00
-1.980000000000000000e+04 1.003539768529892351e+00
-1.970000000000000000e+04 1.004709431174586332e+00
-1.960000000000000000e+04 1.005879093819280090e+00
-1.950000000000000000e+04 1.007017975867992465e+00
-1.940000000000000000e+04 1.008126077320893987e+00
-1.930000000000000000e+04 1.010249833273477060e+00
-1.900000000000000000e+04 1.012188740804571552e+00
-1.890000000000000000e+04 1.013112130259469224e+00
-1.880000000000000000e+04 1.013973960417363651e+00
-1.870000000000000000e+04 1.014774231278298133e+00
-1.860000000000000000e+04 1.015543722490687362e+00
-1.850000000000000000e+04 1.016189596799014883e+00
-1.840000000000000000e+04 1.016835949522931770e+00
-1.830000000000000000e+04 1.017358653165473914e+00
-1.820000000000000000e+04 1.017913204062799837e+00
-1.810000000000000000e+04 1.018281985780664867e+00
-1.800000000000000000e+04 1.018619967992122621e+00
-1.790000000000000000e+04 1.018959096365162909e+00
-1.780000000000000000e+04 1.019143173704300187e+00
-1.770000000000000000e+04 1.019297057737275969e+00
-1.760000000000000000e+04 1.019316981093361107e+00
-1.730000000000000000e+04 1.019111220533041706e+00
-1.720000000000000000e+04 1.018896377681351995e+00
-1.710000000000000000e+04 1.018587474996128117e+00
-1.700000000000000000e+04 1.018218748076588298e+00
-1.690000000000000000e+04 1.017787351900282689e+00
-1.680000000000000000e+04 1.017294968456679216e+00
-1.670000000000000000e+04 1.016709748892173693e+00
-1.660000000000000000e+04 1.016125557778130739e+00
-1.650000000000000000e+04 1.015386509108807012e+00
-1.640000000000000000e+04 1.014616733852370611e+00
-1.630000000000000000e+04 1.013878631216125870e+00
-1.620000000000000000e+04 1.012955042003891304e+00
-1.610000000000000000e+04 1.012062651937094326e+00
-1.600000000000000000e+04 1.010093135847040857e+00
-1.570000000000000000e+04 1.008000738529705620e+00
-1.560000000000000000e+04 1.006861960736063377e+00
-1.550000000000000000e+04 1.005754200258480724e+00
-1.540000000000000000e+04 1.004554126407773307e+00
-1.530000000000000000e+04 1.003415594805830091e+00
-1.520000000000000000e+04 1.002215520955143990e+00
-1.510000000000000000e+04 1.000984675980076011e+00
-1.500000000000000000e+04 9.998153732537291560e-01
-1.490000000000000000e+04 9.985845282786397492e-01
-1.480000000000000000e+04 9.973844544279963920e-01
-1.470000000000000000e+04 9.961843805772463423e-01
-1.460000000000000000e+04 9.950150778509423422e-01
-1.450000000000000000e+04 9.938150040002562413e-01
-1.440000000000000000e+04 9.915892260036516248e-01
-1.410000000000000000e+04 9.894455043387112569e-01
-1.400000000000000000e+04 9.884608283586782118e-01
-1.390000000000000000e+04 9.875065390651650565e-01
-1.380000000000000000e+04 9.865837897716512872e-01
-1.370000000000000000e+04 9.857525310028664167e-01
-1.360000000000000000e+04 9.849221490553201619e-01
-1.350000000000000000e+04 9.842139274394801074e-01
-1.340000000000000000e+04 9.835369418715537160e-01
-1.330000000000000000e+04 9.829215004461951954e-01
-1.320000000000000000e+04 9.823983752346348020e-01
-1.310000000000000000e+04 9.819367941655998688e-01
-1.300000000000000000e+04 9.815367572391326956e-01
-1.290000000000000000e+04 9.812592319054643797e-01
-1.280000000000000000e+04 9.808696365743878598e-01
-1.250000000000000000e+04 9.807668636139853513e-01
-1.240000000000000000e+04 9.808284096504095162e-01
-1.230000000000000000e+04 9.810130477597249765e-01
-1.220000000000000000e+04 9.812586551777190413e-01
-1.210000000000000000e+04 9.815361890694267455e-01
-1.200000000000000000e+04 9.819664563779151312e-01
-1.190000000000000000e+04 9.824280658562674073e-01
-1.180000000000000000e+04 9.829209748892171472e-01
-1.170000000000000000e+04 9.835667025696274157e-01
-1.160000000000000000e+04 9.842437298045723093e-01
-1.150000000000000000e+04 9.849823049699990563e-01
-1.140000000000000000e+04 9.857516541006566824e-01
-1.130000000000000000e+04 9.866133251269209037e-01
-1.120000000000000000e+04 9.885009129515985871e-01
-1.090000000000000000e+04 9.905523926758149633e-01
-1.080000000000000000e+04 9.916294814586928963e-01
-1.070000000000000000e+04 9.927373442067802811e-01
-1.060000000000000000e+04 9.938761693747125703e-01
-1.050000000000000000e+04 9.950453915987101938e-01
-1.040000000000000000e+04 9.962455762425104222e-01
-1.030000000000000000e+04 9.974150664696921353e-01
-1.020000000000000000e+04 9.986459871984325609e-01
-1.010000000000000000e+04 9.998769041390991319e-01
-1.000000000000000000e+04 1.001077055637626501e+00
-9.900000000000000000e+03 1.002277273426656734e+00
-9.800000000000000000e+03 1.003477351058597922e+00
-9.700000000000000000e+03 1.004646725750871550e+00
-9.600000000000000000e+03 1.006954702117185185e+00
-9.300000000000000000e+03 1.009170359428841035e+00
-9.200000000000000000e+03 1.010216956454853321e+00
-9.100000000000000000e+03 1.011201378631202852e+00
-9.000000000000000000e+03 1.012155342195970587e+00
-8.900000000000000000e+03 1.013047759724271080e+00
-8.800000000000000000e+03 1.013940177252592889e+00
-8.700000000000000000e+03 1.014740275726235597e+00
-8.600000000000000000e+03 1.015478828163465241e+00
-8.500000000000000000e+03 1.016217879673790403e+00
-8.400000000000000000e+03 1.016771294928608516e+00
-8.300000000000000000e+03 1.017386755292968070e+00
-8.200000000000000000e+03 1.017879673795963891e+00
-8.100000000000000000e+03 1.018628124775610821e+00
-7.800000000000000000e+03 1.019202954300664876e+00
-7.700000000000000000e+03 1.019295276196346300e+00
-7.600000000000000000e+03 1.019356228458873526e+00
-7.500000000000000000e+03 1.019418372057247169e+00
-7.400000000000000000e+03 1.019295276196335420e+00
-7.300000000000000000e+03 1.019172180335434330e+00
-7.200000000000000000e+03 1.018957345971568840e+00
-7.100000000000000000e+03 1.018649022926600090e+00
-7.000000000000000000e+03 1.018248961378666717e+00
-6.900000000000000000e+03 1.017880224041367576e+00
-6.800000000000000000e+03 1.017357050532409657e+00
-6.700000000000000000e+03 1.016803102111155432e+00
-6.600000000000000000e+03 1.016156828953042934e+00
-6.500000000000000000e+03 1.014690042162060601e+00
-6.200000000000000000e+03 1.013017787899307187e+00
-6.100000000000000000e+03 1.012125688609846419e+00
-6.000000000000000000e+03 1.011171636967965526e+00
-5.900000000000000000e+03 1.010187122984128161e+00
-5.800000000000000000e+03 1.009078878527676970e+00
-5.700000000000000000e+03 1.008032746522221190e+00
-5.600000000000000000e+03 1.006894004678076326e+00
-5.500000000000000000e+03 1.005755262833920805e+00
-5.400000000000000000e+03 1.004616663075933447e+00
-5.300000000000000000e+03 1.003385448725841567e+00
-5.200000000000000000e+03 1.002185220522609166e+00
-5.100000000000000000e+03 1.000984888122858907e+00
-5.000000000000000000e+03 9.985431564260154325e-01
-4.700000000000000000e+03 9.961218836565060020e-01
-4.600000000000000000e+03 9.948907356109608635e-01
-4.500000000000000000e+03 9.937519236688209245e-01
-4.400000000000000000e+03 9.925821047123601915e-01
-4.300000000000000000e+03 9.914435210834130485e-01
-4.200000000000000000e+03 9.903967496691169492e-01
-4.100000000000000000e+03 9.892890120036982315e-01
-4.000000000000000000e+03 9.883037335713573679e-01
-3.900000000000000000e+03 9.873187848194778793e-01
-3.800000000000000000e+03 9.864261750130818296e-01
-3.700000000000000000e+03 9.855643448551820729e-01
-3.600000000000000000e+03 9.847332943457784982e-01
-3.500000000000000000e+03 9.833586407846668376e-01
-3.200000000000000000e+03 9.822093631690713700e-01
-3.100000000000000000e+03 9.817168887931316812e-01
-3.000000000000000000e+03 9.813296973539609169e-01
-2.900000000000000000e+03 9.810217360525504970e-01
-2.800000000000000000e+03 9.807879347491481603e-01
-2.700000000000000000e+03 9.806341604545377733e-01
-2.600000000000000000e+03 9.805604116908400725e-01
-2.500000000000000000e+03 9.805636689883626689e-01
-2.400000000000000000e+03 9.806499666060296549e-01
-2.300000000000000000e+03 9.808132663613533531e-01
-2.200000000000000000e+03 9.810596617576918810e-01
-2.100000000000000000e+03 9.813829377964212730e-01
-2.000000000000000000e+03 9.817801865684262497e-01
-1.900000000000000000e+03 9.828279553787411249e-01
-1.600000000000000000e+03 9.841044642912109008e-01
-1.500000000000000000e+03 9.848524949374954929e-01
-1.400000000000000000e+03 9.856620124884191148e-01
-1.300000000000000000e+03 9.865331056024880807e-01
-1.200000000000000000e+03 9.874472995845510193e-01
-1.100000000000000000e+03 9.884198637956875810e-01
-1.000000000000000000e+03 9.894294031844116377e-01
-9.000000000000000000e+02 9.904911666323039654e-01
-8.000000000000000000e+02 9.915837349138055812e-01
-7.000000000000000000e+02 9.927070415513992163e-01
-6.000000000000000000e+02 9.938580079759742336e-01
-5.000000000000000000e+02 9.950335252431701250e-01
-4.000000000000000000e+02 9.974300731899893302e-01
-1.000000000000000000e+02 9.998516920338929026e-01
0.000000000000000000e+00 1.001065325628462288e+00
1.000000000000000000e+02 1.002271830898355365e+00
2.000000000000000000e+02 1.003466316486448573e+00
3.000000000000000000e+02 1.004645590289027002e+00
4.000000000000000000e+02 1.005804837826362652e+00
5.000000000000000000e+02 1.006940983182883720e+00
6.000000000000000000e+02 1.008048463069675549e+00
7.000000000000000000e+02 1.009119017951912944e+00
8.000000000000000000e+02 1.010158812200420142e+00
9.000000000000000000e+02 1.011155515765702173e+00
1.000000000000000000e+03 1.012991953992341987e+00
1.300000000000000000e+03 1.014659147892804869e+00
1.400000000000000000e+03 1.015406670891608076e+00
1.500000000000000000e+03 1.016089485844019036e+00
1.600000000000000000e+03 1.016710812498655692e+00
1.700000000000000000e+03 1.017270657724725469e+00
1.800000000000000000e+03 1.017762765257089530e+00
1.900000000000000000e+03 1.018187187753796907e+00
2.000000000000000000e+03 1.018543983510989959e+00
2.100000000000000000e+03 1.018833156445633659e+00
2.200000000000000000e+03 1.019048439393844596e+00
2.300000000000000000e+03 1.019192966373088538e+00
2.400000000000000000e+03 1.019266856576819036e+00
2.500000000000000000e+03 1.019168493653569652e+00
2.800000000000000000e+03 1.018830195992775467e+00
2.900000000000000000e+03 1.018547288047477739e+00
3.000000000000000000e+03 1.018193676205480180e+00
3.100000000000000000e+03 1.017753754714537440e+00
3.200000000000000000e+03 1.017289647746504544e+00
3.300000000000000000e+03 1.016705122288875440e+00
3.400000000000000000e+03 1.016089832333487708e+00
3.500000000000000000e+03 1.015413487570759665e+00
3.600000000000000000e+03 1.014644351464438987e+00
3.700000000000000000e+03 1.013875642248405429e+00
3.800000000000000000e+03 1.013014183306153670e+00
3.900000000000000000e+03 1.012122330933483694e+00
4.000000000000000000e+03 1.010122557817546340e+00
4.300000000000000000e+03 1.008061538461543893e+00
4.400000000000000000e+03 1.006923076923073257e+00
4.500000000000000000e+03 1.005815563555799264e+00
4.600000000000000000e+03 1.004615526631593259e+00
4.700000000000000000e+03 1.003415489707376818e+00
4.800000000000000000e+03 1.002246292079515211e+00
4.900000000000000000e+03 1.001046250423109907e+00
5.000000000000000000e+03 9.998461396436549853e-01
5.100000000000000000e+03 9.986152141802097093e-01
5.200000000000000000e+03 9.973536018709469042e-01
5.300000000000000000e+03 9.962148022772798761e-01
5.400000000000000000e+03 9.949839980305192899e-01
5.500000000000000000e+03 9.926962373312550048e-01
5.800000000000000000e+03 9.904597771896277436e-01
5.900000000000000000e+03 9.894438802203590066e-01
6.000000000000000000e+03 9.884282768596359681e-01
6.100000000000000000e+03 9.874434493583125194e-01
6.200000000000000000e+03 9.865201735758629686e-01
6.300000000000000000e+03 9.856887849316591232e-01
6.400000000000000000e+03 9.848885879601227966e-01
6.500000000000000000e+03 9.841802345264819563e-01
6.600000000000000000e+03 9.835031239420166660e-01
6.700000000000000000e+03 9.828567911113851308e-01
6.800000000000000000e+03 9.823643470499554553e-01
6.900000000000000000e+03 9.815428495213873727e-01
7.200000000000000000e+03 9.809781772292115454e-01
7.300000000000000000e+03 9.808242789867250844e-01
7.400000000000000000e+03 9.807627196897431565e-01
7.500000000000000000e+03 9.807627196897432675e-01
7.600000000000000000e+03 9.808242789867356315e-01
7.700000000000000000e+03 9.810391529179958159e-01
7.800000000000000000e+03 9.812546170893859943e-01
7.900000000000000000e+03 9.816239842403425842e-01
8.000000000000000000e+03 9.819631259811014701e-01
8.100000000000000000e+03 9.824550603299549989e-01
8.200000000000000000e+03 9.830091110563947687e-01
8.300000000000000000e+03 9.835939423787311009e-01
8.400000000000000000e+03 9.850511973406127497e-01
8.700000000000000000e+03 9.867335631617815128e-01
8.800000000000000000e+03 9.875958016559386321e-01
8.900000000000000000e+03 9.885503231763658194e-01
9.000000000000000000e+03 9.895656991597081564e-01
9.100000000000000000e+03 9.906124961526699968e-01
9.200000000000000000e+03 9.917205293936607324e-01
9.300000000000000000e+03 9.927672278477065460e-01
9.400000000000000000e+03 9.939981532779298412e-01
9.500000000000000000e+03 9.950757109442295301e-01
9.600000000000000000e+03 9.963066695392575056e-01
9.700000000000000000e+03 9.974763795279025791e-01
9.800000000000000000e+03 9.998974138019512958e-01
1.010000000000000000e+04 1.002277343509546670e+00
1.020000000000000000e+04 1.003477458070478390e+00
1.030000000000000000e+04 1.004646725750871550e+00
1.040000000000000000e+04 1.005816100443144956e+00
1.050000000000000000e+04 1.006954702117152989e+00
1.060000000000000000e+04 1.008031263462388916e+00
1.070000000000000000e+04 1.009139305166624645e+00
1.080000000000000000e+04 1.010123388411960477e+00
1.090000000000000000e+04 1.011138804270887759e+00
1.100000000000000000e+04 1.012092307692305182e+00
1.110000000000000000e+04 1.013015384615387315e+00
1.120000000000000000e+04 1.014624741041578959e+00
1.150000000000000000e+04 1.016060055994810307e+00
1.160000000000000000e+04 1.016705636229389365e+00
1.170000000000000000e+04 1.017259414225951009e+00
1.180000000000000000e+04 1.017751115213050728e+00
1.190000000000000000e+04 1.018181258844514270e+00
1.200000000000000000e+04 1.018519088196396138e+00
1.210000000000000000e+04 1.018795951641174424e+00
1.220000000000000000e+04 1.019041466715895128e+00
1.230000000000000000e+04 1.019133163124061658e+00
1.240000000000000000e+04 1.019256205973712026e+00
1.250000000000000000e+04 1.019224853891108173e+00
1.260000000000000000e+04 1.018957103018383048e+00
1.290000000000000000e+04 1.018454156798816124e+00
1.300000000000000000e+04 1.018084517438641035e+00
1.310000000000000000e+04 1.017622635706582734e+00
1.320000000000000000e+04 1.017130028293773414e+00
1.330000000000000000e+04 1.016545700578174838e+00
1.340000000000000000e+04 1.015899375711162733e+00
1.350000000000000000e+04 1.015191586198418872e+00
1.360000000000000000e+04 1.014453533427628784e+00
1.370000000000000000e+04 1.013622805129308135e+00
1.380000000000000000e+04 1.012730627306272391e+00
1.390000000000000000e+04 1.011808118081196195e+00
1.400000000000000000e+04 1.010823775406660019e+00
1.410000000000000000e+04 1.008753138933013327e+00
1.440000000000000000e+04 1.006518463856351797e+00
1.450000000000000000e+04 1.005350059957568876e+00
1.460000000000000000e+04 1.004181527487390424e+00
1.470000000000000000e+04 1.002982412987341476e+00
1.480000000000000000e+04 1.001783298487270990e+00
1.490000000000000000e+04 1.000553437461553008e+00
1.500000000000000000e+04 9.993235972329125305e-01
1.510000000000000000e+04 9.980937154101594544e-01
1.520000000000000000e+04 9.968639508070794575e-01
1.530000000000000000e+04 9.956648731744802694e-01
1.540000000000000000e+04 9.944657955418597650e-01
1.550000000000000000e+04 9.921392994035354018e-01
1.580000000000000000e+04 9.898847040738015801e-01
1.590000000000000000e+04 9.889005042429959147e-01
1.600000000000000000e+04 9.878551223711854457e-01
1.610000000000000000e+04 9.869019800762545147e-01
1.620000000000000000e+04 9.860099006856717363e-01
1.630000000000000000e+04 9.851797189681069655e-01
1.640000000000000000e+04 9.843495372505631780e-01
1.650000000000000000e+04 9.836725908615662206e-01
1.660000000000000000e+04 9.829653772830752034e-01
1.670000000000000000e+04 9.823811573703881139e-01
1.680000000000000000e+04 9.818886258110099963e-01
1.690000000000000000e+04 9.811088674545732635e-01
1.720000000000000000e+04 9.806261147672035161e-01
1.730000000000000000e+04 9.804416015745007762e-01
1.740000000000000000e+04 9.804403985730195670e-01
1.750000000000000000e+04 9.804410000922475499e-01
1.760000000000000000e+04 9.805935721974400332e-01
1.770000000000000000e+04 9.807775112259564665e-01
1.780000000000000000e+04 9.810235590822421470e-01
1.790000000000000000e+04 9.813920585611892733e-01
1.800000000000000000e+04 9.818528543306990208e-01
1.810000000000000000e+04 9.823746539526440058e-01
1.820000000000000000e+04 9.828975699784632258e-01
1.830000000000000000e+04 9.843115540789930673e-01
1.860000000000000000e+04 9.859102934842886024e-01
1.870000000000000000e+04 9.867712659590870405e-01
1.880000000000000000e+04 9.877553531872980130e-01
1.890000000000000000e+04 9.887395009691335446e-01
1.900000000000000000e+04 9.897852439849822437e-01
1.910000000000000000e+04 9.908618196363248032e-01
1.920000000000000000e+04 9.919999999999836726e-01
1.930000000000000000e+04 9.931382504077296280e-01
1.940000000000000000e+04 9.943073419902408450e-01
1.950000000000000000e+04 9.955072775948708985e-01
1.960000000000000000e+04 9.967072870507388549e-01
1.970000000000000000e+04 9.991690773681255466e-01
2.000000000000000000e+04 1.001631170749718525e+00
2.010000000000000000e+04 1.002862331107064131e+00
2.020000000000000000e+04 1.004031885752991071e+00
2.030000000000000000e+04 1.005263319892850227e+00
2.040000000000000000e+04 1.006402166887301775e+00
2.050000000000000000e+04 1.007572259673086945e+00
2.060000000000000000e+04 1.008680395235019178e+00
2.070000000000000000e+04 1.009727267130462680e+00
2.080000000000000000e+04 1.010773871821675662e+00
2.090000000000000000e+04 1.011821204285201947e+00
2.100000000000000000e+04 1.013627641125105727e+00
2.130000000000000000e+04 1.015300781971575361e+00
2.140000000000000000e+04 1.016040146547185996e+00
2.150000000000000000e+04 1.016686678365832597e+00
2.160000000000000000e+04 1.017333743842341542e+00
2.170000000000000000e+04 1.017888481788216781e+00
2.180000000000000000e+04 1.018350318667487819e+00
2.190000000000000000e+04 1.018781944700969611e+00
2.200000000000000000e+04 1.019120635507132722e+00
2.210000000000000000e+04 1.019398343443054022e+00
2.220000000000000000e+04 1.019613880592393329e+00
2.230000000000000000e+04 1.019737652420286800e+00
2.240000000000000000e+04 1.019748321803204183e+00
2.270000000000000000e+04 1.019522709776774283e+00
2.280000000000000000e+04 1.019307753895432045e+00
2.290000000000000000e+04 1.018969021370959016e+00
2.300000000000000000e+04 1.018630862562724060e+00
2.310000000000000000e+04 1.018168940350455021e+00
2.320000000000000000e+04 1.017645428509825312e+00
2.330000000000000000e+04 1.017091648189230479e+00
2.340000000000000000e+04 1.016414141414134775e+00
2.350000000000000000e+04 1.015705838876552081e+00
2.360000000000000000e+04 1.014967201502865013e+00
2.370000000000000000e+04 1.014135690308314297e+00
2.380000000000000000e+04 1.012329203067422245e+00
2.410000000000000000e+04 1.010317215891589848e+00
2.420000000000000000e+04 1.009270095472694084e+00
2.430000000000000000e+04 1.008223228310068942e+00
2.440000000000000000e+04 1.007052881209818507e+00
2.450000000000000000e+04 1.005882534109439286e+00
2.460000000000000000e+04 1.004712187009145774e+00
2.470000000000000000e+04 1.003541948995950950e+00
2.480000000000000000e+04 1.002309966736459890e+00
2.490000000000000000e+04 1.001047152668703921e+00
2.500000000000000000e+04 9.998460022175637008e-01
2.510000000000000000e+04 9.973820108210178503e-01
2.540000000000000000e+04 9.949488727362413298e-01
2.550000000000000000e+04 9.938090984692249386e-01
2.560000000000000000e+04 9.925773068867980164e-01
2.570000000000000000e+04 9.914685228532733596e-01
2.580000000000000000e+04 9.903597388197489249e-01
2.590000000000000000e+04 9.892817543427367966e-01
2.600000000000000000e+04 9.882653689786657925e-01
2.610000000000000000e+04 9.873105827276198454e-01
2.620000000000000000e+04 9.863562166990061941e-01
2.630000000000000000e+04 9.855242084514092005e-01
2.640000000000000000e+04 9.846622932643395165e-01
2.650000000000000000e+04 9.832666050713512185e-01
2.680000000000000000e+04 9.820763142496267140e-01
2.690000000000000000e+04 9.815841340231931111e-01
2.700000000000000000e+04 9.812145848730942088e-01
2.710000000000000000e+04 9.809066272480971849e-01
2.720000000000000000e+04 9.805998645069882169e-01
2.730000000000000000e+04 9.804766890435199223e-01
2.740000000000000000e+04 9.804151013117857749e-01
2.750000000000000000e+04 9.803855154575938924e-01
2.760000000000000000e+04 9.804778913659512041e-01
2.770000000000000000e+04 9.806022538333624139e-01
2.780000000000000000e+04 9.808793644928672784e-01
2.790000000000000000e+04 9.815989326765196532e-01
2.820000000000000000e+04 9.825755010313372839e-01
2.830000000000000000e+04 9.831912077086512047e-01
2.840000000000000000e+04 9.838694782207063616e-01
2.850000000000000000e+04 9.846087545404446084e-01
2.860000000000000000e+04 9.854095484347065170e-01
2.870000000000000000e+04 9.862414971221254989e-01
2.880000000000000000e+04 9.871960603262449618e-01
2.890000000000000000e+04 9.881201526529354018e-01
2.900000000000000000e+04 9.891665640773754653e-01
2.910000000000000000e+04 9.901831050930481881e-01
2.920000000000000000e+04 9.924096336109583527e-01
2.950000000000000000e+04 9.947384615384979867e-01
2.960000000000000000e+04 9.958773036335032414e-01
2.970000000000000000e+04 9.971387256560623191e-01
2.980000000000000000e+04 9.982772411247256006e-01
2.990000000000000000e+04 9.995077983203647376e-01
3.000000000000000000e+04 1.000769041466738063e+00
3.010000000000000000e+04 1.001937865272185757e+00
3.020000000000000000e+04 1.003106545275620265e+00
3.030000000000000000e+04 1.004305837485386599e+00
3.040000000000000000e+04 1.005443641396273069e+00
3.050000000000000000e+04 1.007677641559718396e+00
3.080000000000000000e+04 1.009931738515487343e+00
3.090000000000000000e+04 1.010762607626087162e+00
3.100000000000000000e+04 1.011681524746382621e+00
3.110000000000000000e+04 1.012296341838272662e+00
3.120000000000000000e+04 1.013837638376397621e+00
3.130000000000000000e+04 1.014448201659994941e+00
3.140000000000000000e+04 1.015063018751927837e+00
3.150000000000000000e+04 1.015365703749246951e+00
3.160000000000000000e+04 1.016600061481674588e+00
3.170000000000000000e+04 1.016594960049178153e+00
3.180000000000000000e+04 1.017516902274159252e+00
3.190000000000000000e+04 1.018131530424088549e+00
3.220000000000000000e+04 1.018746158574090677e+00
3.230000000000000000e+04 1.018746158574047156e+00
3.240000000000000000e+04 1.018740399385544837e+00
3.250000000000000000e+04 1.019360786724034851e+00
3.260000000000000000e+04 1.018740399385544837e+00
3.270000000000000000e+04 1.018433179723521098e+00
3.280000000000000000e+04 1.018433179723477799e+00
3.290000000000000000e+04 1.018433179723520432e+00
3.300000000000000000e+04 1.017818740399386579e+00
3.310000000000000000e+04 1.017199017199043265e+00
3.320000000000000000e+04 1.016383370878546133e+00
3.350000000000000000e+04 1.014742014742012755e+00
3.360000000000000000e+04 1.014746543778799248e+00
3.370000000000000000e+04 1.013513513513518705e+00
3.380000000000000000e+04 1.012592137592158936e+00
3.390000000000000000e+04 1.011670761670755869e+00
3.400000000000000000e+04 1.010749385749396767e+00
3.410000000000000000e+04 1.009828009827994366e+00
3.420000000000000000e+04 1.008906633906634154e+00
3.430000000000000000e+04 1.007678132678140548e+00
3.440000000000000000e+04 1.006756756756780558e+00
3.450000000000000000e+04 1.004299314157023115e+00
3.480000000000000000e+04 1.002149877149853818e+00
3.490000000000000000e+04 1.000614250614268341e+00
3.500000000000000000e+04 9.993859379797183085e-01
3.510000000000000000e+04 9.984643734643718904e-01
3.520000000000000000e+04 9.975429975429696006e-01
3.530000000000000000e+04 9.957015658581985784e-01
3.540000000000000000e+04 9.947788697788474410e-01
3.550000000000000000e+04 9.935523487872550685e-01
3.560000000000000000e+04 9.926289926289513232e-01
3.570000000000000000e+04 9.914004914004996838e-01
3.580000000000000000e+04 9.901750076757910302e-01
3.590000000000000000e+04 9.882280683795705567e-01
3.620000000000000000e+04 9.864864864864814065e-01
3.630000000000000000e+04 9.852625115136650624e-01
3.640000000000000000e+04 9.849508599508539630e-01
3.650000000000000000e+04 9.840294840294934176e-01
3.660000000000000000e+04 9.831132944427217746e-01
3.670000000000000000e+04 9.828009828009994786e-01
3.680000000000000000e+04 9.821867321867319145e-01
3.690000000000000000e+04 9.815781393920600673e-01
3.700000000000000000e+04 9.815724815725055397e-01
3.710000000000000000e+04 9.809582309581954540e-01
3.720000000000000000e+04 9.805507216705994233e-01
3.750000000000000000e+04 9.806511056511038049e-01
3.760000000000000000e+04 9.806511056511031388e-01
3.770000000000000000e+04 9.809582309582373094e-01
3.780000000000000000e+04 9.809582309581954540e-01
3.790000000000000000e+04 9.812653562653713690e-01
3.800000000000000000e+04 9.818796068796397103e-01
3.810000000000000000e+04 9.818851704021590576e-01
3.820000000000000000e+04 9.828009828009994786e-01
3.830000000000000000e+04 9.831081081081336492e-01
3.840000000000000000e+04 9.840294840294514511e-01
3.850000000000000000e+04 9.856660182246621549e-01
3.880000000000000000e+04 9.871007371007074482e-01
3.890000000000000000e+04 9.883292383291588656e-01
3.900000000000000000e+04 9.892506142507306865e-01
3.910000000000000000e+04 9.901719901719635564e-01
3.920000000000000000e+04 9.913978494622890381e-01
3.930000000000000000e+04 9.923218673219024177e-01
3.940000000000000000e+04 9.935503685503531690e-01
3.950000000000000000e+04 9.947788697788901846e-01
3.960000000000000000e+04 9.960061443932116676e-01
3.970000000000000000e+04 9.969287469288288239e-01
3.980000000000000000e+04 9.995904157280242064e-01
4.010000000000000000e+04 1.001535626535585477e+00
4.020000000000000000e+04 1.003379416282653924e+00
4.030000000000000000e+04 1.003992628992573355e+00
4.040000000000000000e+04 1.005222734255057482e+00
4.050000000000000000e+04 1.006449631449646276e+00
4.060000000000000000e+04 1.007680491551424140e+00
4.070000000000000000e+04 1.008602150537625697e+00
4.080000000000000000e+04 1.009831029185895401e+00
4.090000000000000000e+04 1.010135135135170614e+00
4.100000000000000000e+04 1.011674347158127318e+00
4.110000000000000000e+04 1.013312852022542954e+00
4.140000000000000000e+04 1.014746543778799248e+00
4.150000000000000000e+04 1.015360983102933545e+00
4.160000000000000000e+04 1.015975422427069397e+00
4.170000000000000000e+04 1.016902274124128924e+00
4.180000000000000000e+04 1.016897081413184356e+00
4.190000000000000000e+04 1.017511520737318875e+00
4.200000000000000000e+04 1.018131530424102760e+00
4.210000000000000000e+04 1.017818740399472732e+00
4.220000000000000000e+04 1.018438844499010898e+00
4.230000000000000000e+04 1.018433179723520432e+00
4.240000000000000000e+04 1.018643720549063492e+00
4.270000000000000000e+04 1.017818740399300870e+00
4.280000000000000000e+04 1.018131530424189801e+00
4.290000000000000000e+04 1.017824216349109356e+00
4.300000000000000000e+04 1.017829695665540157e+00
4.310000000000000000e+04 1.016902274124128924e+00
4.320000000000000000e+04 1.016594960049135299e+00
4.330000000000000000e+04 1.015673017824240354e+00
4.340000000000000000e+04 1.015677835843860732e+00
4.350000000000000000e+04 1.014443761524266518e+00
4.360000000000000000e+04 1.014140793114028494e+00
4.370000000000000000e+04 1.012192622950828902e+00
4.400000000000000000e+04 1.010451890562516830e+00
4.410000000000000000e+04 1.009529664924702974e+00
4.420000000000000000e+04 1.008300030740923336e+00
4.430000000000000000e+04 1.007687576875647917e+00
4.440000000000000000e+04 1.006148170919157758e+00
4.450000000000000000e+04 1.004918536735377232e+00
4.460000000000000000e+04 1.003997539975344022e+00
4.470000000000000000e+04 1.002766676913612320e+00
4.480000000000000000e+04 1.001537515375197973e+00
4.490000000000000000e+04 1.000615006150079367e+00
4.500000000000000000e+04 9.978476990878293318e-01
4.530000000000000000e+04 9.953874538745768330e-01
4.540000000000000000e+04 9.944649446494580047e-01
4.550000000000000000e+04 9.932328514303051525e-01
4.560000000000000000e+04 9.920049200492265795e-01
4.570000000000000000e+04 9.907749077490682899e-01
4.580000000000000000e+04 9.901568748077251847e-01
4.590000000000000000e+04 9.886223862238764371e-01
4.600000000000000000e+04 9.880036911719435322e-01
4.610000000000000000e+04 9.867733005228770393e-01
4.620000000000000000e+04 9.861581051984291690e-01
4.630000000000000000e+04 9.842116054951829396e-01
4.660000000000000000e+04 9.827745309135816898e-01
4.670000000000000000e+04 9.824615384615460467e-01
4.680000000000000000e+04 9.815441402645151969e-01
4.690000000000000000e+04 9.812365426022502390e-01
4.700000000000000000e+04 9.809289449399820615e-01
4.710000000000000000e+04 9.806153846154245235e-01
4.720000000000000000e+04 9.803137496155341912e-01
4.730000000000000000e+04 9.803076923077232996e-01
4.740000000000000000e+04 9.800061519531838572e-01
4.750000000000000000e+04 9.803076923077232996e-01
4.760000000000000000e+04 9.803097118244030739e-01
4.790000000000000000e+04 9.812307692308267493e-01
4.800000000000000000e+04 9.812307692308267493e-01
4.810000000000000000e+04 9.818461538460598881e-01
4.820000000000000000e+04 9.824615384615460467e-01
4.830000000000000000e+04 9.827745309135816898e-01
4.840000000000000000e+04 9.836923076923507203e-01
4.850000000000000000e+04 9.843076923076690132e-01
4.860000000000000000e+04 9.852307692307711307e-01
4.870000000000000000e+04 9.858461538461734674e-01
4.880000000000000000e+04 9.873807325330665741e-01
4.890000000000000000e+04 9.891282051282054288e-01
4.920000000000000000e+04 9.913846153846244125e-01
4.930000000000000000e+04 9.926153846153428217e-01
4.940000000000000000e+04 9.941538461539340954e-01
4.950000000000000000e+04 9.959987688518396887e-01
4.960000000000000000e+04 9.972307692308602922e-01
4.970000000000000000e+04 9.984615384614941025e-01
4.980000000000000000e+04 9.996923076922987761e-01
4.990000000000000000e+04 1.000000000000000000e+00
5.000000000000000000e+04 1.000000000000000000e+00
