4.900000000000000000e+04 9.895384615385021121e-01
4.910000000000000000e+04 9.842860596470401902e-01
4.770000000000000000e+04 9.806213472777154383e-01
4.780000000000000000e+04 9.816739546023838248e-01
4.640000000000000000e+04 9.849277145492785213e-01
4.650000000000000000e+04 9.907956592416828911e-01
4.510000000000000000e+04 9.981549815498477196e-01
4.520000000000000000e+04 1.004918968773333532e+00
4.380000000000000000e+04 1.011370620774417084e+00
4.390000000000000000e+04 1.015015476477947765e+00
4.250000000000000000e+04 1.017209588199122328e+00
4.260000000000000000e+04 1.015582135410954878e+00
4.120000000000000000e+04 1.012288786482433256e+00
4.130000000000000000e+04 1.006407021393309398e+00
3.990000000000000000e+04 9.990786240785975991e-01
4.000000000000000000e+04 9.926285074921579188e-01
3.860000000000000000e+04 9.861793611793903125e-01
3.870000000000000000e+04 9.829549193813754693e-01
3.730000000000000000e+04 9.812711083819618541e-01
3.740000000000000000e+04 9.843383272280595842e-01
3.600000000000000000e+04 9.892539146453261933e-01
3.610000000000000000e+04 9.964173115505867706e-01
3.460000000000000000e+04 1.004606879606926961e+00
3.470000000000000000e+04 1.010508534070467146e+00
3.330000000000000000e+04 1.015975422427025432e+00
3.340000000000000000e+04 1.017183488050560580e+00
3.200000000000000000e+04 1.016902274124128924e+00
3.210000000000000000e+04 1.013173723872353493e+00
3.060000000000000000e+04 1.007226544481681918e+00
3.070000000000000000e+04 1.000364746984245601e+00
2.930000000000000000e+04 9.927070191094941043e-01
2.940000000000000000e+04 9.870238943267509724e-01
2.800000000000000000e+04 9.822967980295603807e-01
2.810000000000000000e+04 9.819283291864766561e-01
2.660000000000000000e+04 9.841392054204020079e-01
2.670000000000000000e+04 9.900621118012414845e-01
2.520000000000000000e+04 9.978440310459336660e-01
2.530000000000000000e+04 1.004886000651172395e+00
2.390000000000000000e+04 1.011887896519847452e+00
2.400000000000000000e+04 1.016089396026616853e+00
2.250000000000000000e+04 1.018691301000802962e+00
2.260000000000000000e+04 1.016977158527373692e+00
2.110000000000000000e+04 1.013083766893443816e+00
2.120000000000000000e+04 1.006870608307169235e+00
1.980000000000000000e+04 9.993229519296016328e-01
1.990000000000000000e+04 9.918935827615571466e-01
1.840000000000000000e+04 9.847729789590358163e-01
1.850000000000000000e+04 9.819791557739900867e-01
1.700000000000000000e+04 9.814883148831413662e-01
1.710000000000000000e+04 9.857351355561853046e-01
1.560000000000000000e+04 9.923443504996345421e-01
1.570000000000000000e+04 1.000071741893165278e+00
1.420000000000000000e+04 1.008332820859713541e+00
1.430000000000000000e+04 1.013911873528421825e+00
1.270000000000000000e+04 1.017808809055113839e+00
1.280000000000000000e+04 1.016833470057425304e+00
1.130000000000000000e+04 1.013568395791038190e+00
1.140000000000000000e+04 1.007422147458253869e+00
9.900000000000000000e+03 9.996306896870117420e-01
1.000000000000000000e+04 9.924551918006370155e-01
8.500000000000000000e+03 9.855331199212021831e-01
8.600000000000000000e+03 9.826708578771808922e-01
7.000000000000000000e+03 9.824253616497412578e-01
7.100000000000000000e+03 9.868358149545632951e-01
5.600000000000000000e+03 9.935680433310667414e-01
5.700000000000000000e+03 1.001540488302096410e+00
4.100000000000000000e+03 1.009937849978457036e+00
4.200000000000000000e+03 1.014851218620198114e+00
2.600000000000000000e+03 1.017999477027669464e+00
2.700000000000000000e+03 1.016341771893913615e+00
1.100000000000000000e+03 1.012124400471317687e+00
1.200000000000000000e+03 1.005449701383275274e+00
-3.000000000000000000e+02 9.972719127012069640e-01
-2.000000000000000000e+02 9.898835317323013694e-01
-1.800000000000000000e+03 9.832300793716733933e-01
-1.700000000000000000e+03 9.819488225292831718e-01
-3.400000000000000000e+03 9.840561420788612734e-01
-3.300000000000000000e+03 9.904392188245437767e-01
-4.900000000000000000e+03 9.989227786156176236e-01
-4.800000000000000000e+03 1.006667000080788466e+00
-6.400000000000000000e+03 1.013971810180343436e+00
-6.300000000000000000e+03 1.016971090313354198e+00
-8.000000000000000000e+03 1.017356516387129428e+00
-7.900000000000000000e+03 1.013057476746959340e+00
-9.500000000000000000e+03 1.006277695716401244e+00
-9.400000000000000000e+03 9.979526595513595888e-01
-1.110000000000000000e+04 9.888909404234547118e-01
-1.100000000000000000e+04 9.841389659735390039e-01
-1.270000000000000000e+04 9.818746922698133872e-01
-1.260000000000000000e+04 9.855806738310766146e-01
-1.430000000000000000e+04 9.924610745276600809e-01
-1.420000000000000000e+04 1.000787381621245808e+00
-1.590000000000000000e+04 1.009785518663256498e+00
-1.580000000000000000e+04 1.014876362188189107e+00
-1.750000000000000000e+04 1.017942326039449563e+00
-1.740000000000000000e+04 1.015375487109862140e+00
-1.920000000000000000e+04 1.009418862349151125e+00
-1.910000000000000000e+04 1.001254768754992197e+00
-2.080000000000000000e+04 9.916892391036862264e-01
-2.070000000000000000e+04 9.851696183224368797e-01
-2.250000000000000000e+04 9.810716813886610765e-01
-2.240000000000000000e+04 9.839797567043090387e-01
-2.420000000000000000e+04 9.907988675529468825e-01
-2.410000000000000000e+04 9.999076852065532650e-01
-2.590000000000000000e+04 1.009907997169095184e+00
-2.580000000000000000e+04 1.015512198913706365e+00
-2.770000000000000000e+04 1.018152170568837223e+00
-2.760000000000000000e+04 1.014277876811011003e+00
-2.940000000000000000e+04 1.007013658176428406e+00
-2.930000000000000000e+04 9.975814793770139133e-01
-3.120000000000000000e+04 9.876960935097196526e-01
-3.110000000000000000e+04 9.831337156562777180e-01
-3.310000000000000000e+04 9.827851214263498836e-01
-3.300000000000000000e+04 9.896928901977282145e-01
-3.490000000000000000e+04 9.996925914540335523e-01
-3.480000000000000000e+04 1.008760066392080157e+00
-3.680000000000000000e+04 1.016594960049135299e+00
-3.670000000000000000e+04 1.018099238465998591e+00
-3.760000000000000000e+04 1.019059329849363316e+00
-3.750000000000000000e+04 1.018902720147544239e+00
-3.770000000000000000e+04 1.018438844499096385e+00
-3.780000000000000000e+04 1.018438844499053531e+00
-3.790000000000000000e+04 1.018131530424102760e+00
-3.800000000000000000e+04 1.017516902274116397e+00
-3.820000000000000000e+04 1.016902274124171557e+00
-3.830000000000000000e+04 1.016600061481674588e+00
-3.840000000000000000e+04 1.015673017824240354e+00
-3.850000000000000000e+04 1.015058389674253325e+00
-3.860000000000000000e+04 1.014443761524266518e+00
-3.870000000000000000e+04 1.012907191149356345e+00
-3.900000000000000000e+04 1.011985248924403891e+00
-3.890000000000000000e+04 1.011524277811913786e+00
-3.910000000000000000e+04 1.010141364474528514e+00
-3.920000000000000000e+04 1.009219422249548082e+00
-3.930000000000000000e+04 1.008297480024567649e+00
-3.940000000000000000e+04 1.006453595574692494e+00
-3.960000000000000000e+04 1.004917025199724812e+00
-3.970000000000000000e+04 1.003687768899836241e+00
-3.980000000000000000e+04 1.002458512599862406e+00
-3.990000000000000000e+04 1.001229256299888570e+00
-4.000000000000000000e+04 1.000307314074993403e+00
-4.010000000000000000e+04 9.993851829080671045e-01
-4.020000000000000000e+04 9.966195451751854728e-01
-4.050000000000000000e+04 9.953902888752681477e-01
-4.040000000000000000e+04 9.950822191486381474e-01
-4.060000000000000000e+04 9.932390903503142132e-01
-4.070000000000000000e+04 9.920098340504256429e-01
-4.080000000000000000e+04 9.913925607131962581e-01
-4.090000000000000000e+04 9.901659496004648897e-01
-4.100000000000000000e+04 9.892407008915167221e-01
-4.110000000000000000e+04 9.880129091747316128e-01
-4.130000000000000000e+04 9.861708666256351341e-01
-4.140000000000000000e+04 9.858592068859715063e-01
-4.150000000000000000e+04 9.852443897940386108e-01
-4.160000000000000000e+04 9.843221641561393787e-01
-4.170000000000000000e+04 9.834050399508630358e-01
-4.180000000000000000e+04 9.830925299723589639e-01
-4.190000000000000000e+04 9.827851214263926272e-01
-4.200000000000000000e+04 9.824777128804261794e-01
-4.210000000000000000e+04 9.820166000614765078e-01
-4.230000000000000000e+04 9.821648216482156135e-01
-4.240000000000000000e+04 9.815554872425269473e-01
-4.250000000000000000e+04 9.815554872425269473e-01
-4.260000000000000000e+04 9.818573185731775954e-01
-4.270000000000000000e+04 9.818628957885772168e-01
-4.280000000000000000e+04 9.818628957884933950e-01
-4.290000000000000000e+04 9.824723247231713641e-01
-4.300000000000000000e+04 9.827798277982947583e-01
-4.310000000000000000e+04 9.833973866256644492e-01
-4.330000000000000000e+04 9.843173431734073553e-01
-4.340000000000000000e+04 9.852398523985261836e-01
-4.350000000000000000e+04 9.855517983400050586e-01
-4.360000000000000000e+04 9.864698646986845842e-01
-4.370000000000000000e+04 9.873923739237180364e-01
-4.380000000000000000e+04 9.883148831488367536e-01
-4.390000000000000000e+04 9.895416794832765373e-01
-4.400000000000000000e+04 9.901599015989890340e-01
-4.410000000000000000e+04 9.910824108241077512e-01
-4.420000000000000000e+04 9.920024607812394368e-01
-4.430000000000000000e+04 9.929274292743454078e-01
-4.440000000000000000e+04 9.950789419725247775e-01
-4.470000000000000000e+04 9.963088280528860086e-01
-4.460000000000000000e+04 9.969244963862801123e-01
-4.480000000000000000e+04 9.987696093510189943e-01
-4.490000000000000000e+04 9.999999999999145128e-01
-4.500000000000000000e+04 1.001537988311247851e+00
-4.510000000000000000e+04 1.002460781298132986e+00
-4.520000000000000000e+04 1.003691171947114213e+00
-4.530000000000000000e+04 1.004613964933828596e+00
-4.540000000000000000e+04 1.005844355582894423e+00
-4.550000000000000000e+04 1.007076923076956065e+00
-4.560000000000000000e+04 1.007689941556409341e+00
-4.570000000000000000e+04 1.008305136881027853e+00
-4.580000000000000000e+04 1.009538461538479925e+00
-4.590000000000000000e+04 1.009843125192104063e+00
-4.600000000000000000e+04 1.011588555020046742e+00
-4.630000000000000000e+04 1.012307692307790274e+00
-4.620000000000000000e+04 1.012767266574355673e+00
-4.640000000000000000e+04 1.014153846153911909e+00
-4.650000000000000000e+04 1.014769230769228647e+00
-4.660000000000000000e+04 1.015384615384544498e+00
-4.670000000000000000e+04 1.015995078437437193e+00
-4.680000000000000000e+04 1.016615384615435769e+00
-4.690000000000000000e+04 1.016923076923051505e+00
-4.700000000000000000e+04 1.017230769230751175e+00
-4.710000000000000000e+04 1.017538461538453953e+00
-4.720000000000000000e+04 1.017225469086503686e+00
-4.730000000000000000e+04 1.017846153846154955e+00
-4.740000000000000000e+04 1.017538461538367134e+00
-4.750000000000000000e+04 1.017846153846154955e+00
-4.760000000000000000e+04 1.017538461538539218e+00
-4.770000000000000000e+04 1.017230769230752729e+00
-4.780000000000000000e+04 1.017230769230751175e+00
-4.790000000000000000e+04 1.016923076923051505e+00
-4.800000000000000000e+04 1.016307692307734545e+00
-4.810000000000000000e+04 1.015999999999946724e+00
-4.820000000000000000e+04 1.016004924592215808e+00
-4.830000000000000000e+04 1.015076923076929871e+00
-4.840000000000000000e+04 1.014153846153825311e+00
-4.850000000000000000e+04 1.013846153846210685e+00
-4.860000000000000000e+04 1.012923076923021748e+00
-4.870000000000000000e+04 1.012000000000089051e+00
-4.880000000000000000e+04 1.011388119421260168e+00
-4.890000000000000000e+04 1.010153846153882151e+00
-4.900000000000000000e+04 1.009230769230778701e+00
-4.910000000000000000e+04 1.007999999999973362e+00
-4.920000000000000000e+04 1.007076923076956065e+00
-4.930000000000000000e+04 1.005847953216371771e+00
-4.940000000000000000e+04 1.004307692307645050e+00
-4.950000000000000000e+04 1.003384615384627310e+00
-4.960000000000000000e+04 1.001846153846206899e+00
-4.970000000000000000e+04 1.001231148045502506e+00
-4.980000000000000000e+04 1.000153846153850612e+00
-5.000000000000000000e+04 1.000000000000000000e+00
-4.990000000000000000e+04 1.012736842105263158e+00
-4.610000000000000000e+04 1.003710539470142660e+00
-4.450000000000000000e+04 9.885038438793655180e-01
-4.320000000000000000e+04 9.821066223943812901e-01
-4.220000000000000000e+04 9.843231279970588998e-01
-4.120000000000000000e+04 9.923505105351208000e-01
-4.030000000000000000e+04 1.001959202489342671e+00
-3.950000000000000000e+04 1.010097462463766416e+00
-3.880000000000000000e+04 1.015717609869612348e+00
-3.810000000000000000e+04 1.018439654036967346e+00
-3.740000000000000000e+04 1.018438844499053531e+00
-3.730000000000000000e+04 1.018438844499096385e+00
-3.720000000000000000e+04 1.018444512757430420e+00
-3.710000000000000000e+04 1.018131530424146280e+00
-3.700000000000000000e+04 1.017516902274115731e+00
-3.690000000000000000e+04 1.016699108697861842e+00
-3.660000000000000000e+04 1.015677835843904031e+00
-3.650000000000000000e+04 1.014751075599217289e+00
-3.640000000000000000e+04 1.014448201660037574e+00
-3.630000000000000000e+04 1.012907191149341912e+00
-3.620000000000000000e+04 1.012603750384239110e+00
-3.610000000000000000e+04 1.011370620774417084e+00
-3.600000000000000000e+04 1.010759299108525910e+00
-3.590000000000000000e+04 1.009219422249591158e+00
-3.580000000000000000e+04 1.008914847832727446e+00
-3.570000000000000000e+04 1.007685213648947142e+00
-3.560000000000000000e+04 1.006146281499698647e+00
-3.550000000000000000e+04 1.005533353827224863e+00
-3.540000000000000000e+04 1.004611128189368374e+00
-3.530000000000000000e+04 1.003688902551469031e+00
-3.520000000000000000e+04 1.002459268367688727e+00
-3.510000000000000000e+04 1.001844451275713199e+00
-3.500000000000000000e+04 9.994877049180463935e-01
-3.470000000000000000e+04 9.972333230863875686e-01
-3.460000000000000000e+04 9.960024600245708237e-01
-3.450000000000000000e+04 9.944666461727325046e-01
-3.440000000000000000e+04 9.932370119889520899e-01
-3.430000000000000000e+04 9.920073778051288205e-01
-3.420000000000000000e+04 9.904703350753396585e-01
-3.410000000000000000e+04 9.895481094374404263e-01
-3.400000000000000000e+04 9.889298892988310774e-01
-3.390000000000000000e+04 9.873962496158029678e-01
-3.380000000000000000e+04 9.864740239778615472e-01
-3.370000000000000000e+04 9.861623616235601908e-01
-3.360000000000000000e+04 9.852443897940386108e-01
-3.350000000000000000e+04 9.846295727021483479e-01
-3.340000000000000000e+04 9.843173431734073553e-01
-3.330000000000000000e+04 9.833999385182826680e-01
-3.320000000000000000e+04 9.830890642615672803e-01
-3.290000000000000000e+04 9.821648216482156135e-01
-3.280000000000000000e+04 9.818628957884933950e-01
-3.270000000000000000e+04 9.818573185732186737e-01
-3.260000000000000000e+04 9.815498154981363577e-01
-3.250000000000000000e+04 9.812423124230975624e-01
-3.240000000000000000e+04 9.812423124231395288e-01
-3.230000000000000000e+04 9.812480786965604995e-01
-3.220000000000000000e+04 9.815498154981791012e-01
-3.210000000000000000e+04 9.821648216482156135e-01
-3.200000000000000000e+04 9.821648216482156135e-01
-3.190000000000000000e+04 9.827798277982947583e-01
-3.180000000000000000e+04 9.833948339483319367e-01
-3.170000000000000000e+04 9.843125192248721733e-01
-3.160000000000000000e+04 9.843173431734073553e-01
-3.150000000000000000e+04 9.852398523985261836e-01
-3.140000000000000000e+04 9.858548585486054394e-01
-3.130000000000000000e+04 9.874935930292119135e-01
-3.100000000000000000e+04 9.895416794832339047e-01
-3.090000000000000000e+04 9.904674046740290505e-01
-3.080000000000000000e+04 9.920024607813241468e-01
-3.070000000000000000e+04 9.928347376837601823e-01
-3.060000000000000000e+04 9.942792113923469843e-01
-3.050000000000000000e+04 9.954788706403290277e-01
-3.040000000000000000e+04 9.967090087042353996e-01
-3.030000000000000000e+04 9.979084645669202835e-01
-3.020000000000000000e+04 9.990772637795011235e-01
-3.010000000000000000e+04 1.000246062992124596e+00
-3.000000000000000000e+04 1.001322629263970976e+00
-2.990000000000000000e+04 1.002368429147049156e+00
-2.980000000000000000e+04 1.003352814518595038e+00
-2.970000000000000000e+04 1.004275607505394907e+00
-2.960000000000000000e+04 1.005167799686252694e+00
-2.950000000000000000e+04 1.007003188860519982e+00
-2.920000000000000000e+04 1.009074689307209338e+00
-2.910000000000000000e+04 1.010213184852496893e+00
-2.900000000000000000e+04 1.011351401236701530e+00
-2.890000000000000000e+04 1.012397329805894586e+00
-2.880000000000000000e+04 1.013412495770126487e+00
-2.870000000000000000e+04 1.014335814926485835e+00
-2.860000000000000000e+04 1.015104903710074558e+00
-2.850000000000000000e+04 1.015812951853519941e+00
-2.840000000000000000e+04 1.016428241808972732e+00
-2.830000000000000000e+04 1.016889709275486053e+00
-2.820000000000000000e+04 1.017290179670187866e+00
-2.810000000000000000e+04 1.017597834112726973e+00
-2.800000000000000000e+04 1.017843957666749510e+00
-2.790000000000000000e+04 1.017998338614902076e+00
-2.780000000000000000e+04 1.018152356729713937e+00
-2.750000000000000000e+04 1.018182936959658447e+00
-2.740000000000000000e+04 1.018121961725458435e+00
-2.730000000000000000e+04 1.018091751023044722e+00
-2.720000000000000000e+04 1.017875823026216819e+00
-2.710000000000000000e+04 1.017660995046318684e+00
-2.700000000000000000e+04 1.017322543921745259e+00
-2.690000000000000000e+04 1.016922556229013175e+00
-2.680000000000000000e+04 1.016430769230789455e+00
-2.670000000000000000e+04 1.015845666287177096e+00
-2.660000000000000000e+04 1.015292307692328810e+00
-2.650000000000000000e+04 1.014615384615378257e+00
-2.640000000000000000e+04 1.013907692307673525e+00
-2.630000000000000000e+04 1.013200000000055390e+00
-2.620000000000000000e+04 1.012430769230716621e+00
-2.610000000000000000e+04 1.011723437644256540e+00
-2.600000000000000000e+04 1.009866970265753450e+00
-2.570000000000000000e+04 1.007723314563516714e+00
-2.560000000000000000e+04 1.006554249492285447e+00
-2.550000000000000000e+04 1.005230930182446913e+00
-2.540000000000000000e+04 1.003969475044621307e+00
-2.530000000000000000e+04 1.002677087820789126e+00
-2.520000000000000000e+04 1.001384743207062389e+00
-2.510000000000000000e+04 1.000123084497528181e+00
-2.500000000000000000e+04 9.988922054343331025e-01
-2.490000000000000000e+04 9.976921656717526732e-01
-2.480000000000000000e+04 9.965843000892007364e-01
-2.470000000000000000e+04 9.955379123584439105e-01
-2.460000000000000000e+04 9.944917992430450937e-01
-2.450000000000000000e+04 9.935684391925275749e-01
-2.440000000000000000e+04 9.926147028956106011e-01
-2.430000000000000000e+04 9.907679998358803752e-01
-2.400000000000000000e+04 9.887059547622796263e-01
-2.390000000000000000e+04 9.875980920141497199e-01
-2.380000000000000000e+04 9.864902292660199246e-01
-2.370000000000000000e+04 9.854746884136452723e-01
-2.360000000000000000e+04 9.845202191173237916e-01
-2.350000000000000000e+04 9.836585215732303045e-01
-2.340000000000000000e+04 9.829814735028319372e-01
-2.330000000000000000e+04 9.823654325546753441e-01
-2.320000000000000000e+04 9.818428017480478331e-01
-2.310000000000000000e+04 9.814421567722153572e-01
-2.300000000000000000e+04 9.812261479748591864e-01
-2.290000000000000000e+04 9.809805188810066801e-01
-2.280000000000000000e+04 9.808876031023243680e-01
-2.270000000000000000e+04 9.808876031022825126e-01
-2.260000000000000000e+04 9.810515516799110936e-01
-2.230000000000000000e+04 9.814102366809731581e-01
-2.220000000000000000e+04 9.816564587116451968e-01
-2.210000000000000000e+04 9.820252385349125257e-01
-2.200000000000000000e+04 9.823643470499661134e-01
-2.190000000000000000e+04 9.828870421668155499e-01
-2.180000000000000000e+04 9.834410587872788323e-01
-2.170000000000000000e+04 9.841177013758802827e-01
-2.160000000000000000e+04 9.847645429362772429e-01
-2.150000000000000000e+04 9.855643448551771879e-01
-2.140000000000000000e+04 9.863646157160891326e-01
-2.130000000000000000e+04 9.871956662255247927e-01
-2.120000000000000000e+04 9.880267167348756319e-01
-2.110000000000000000e+04 9.888574242797040226e-01
-2.100000000000000000e+04 9.897808421571006043e-01
-2.090000000000000000e+04 9.917302798982287060e-01
-2.060000000000000000e+04 9.939977837970924712e-01
-2.050000000000000000e+04 9.953213494213097867e-01
-2.040000000000000000e+04 9.966755933142472657e-01
-2.030000000000000000e+04 9.979992612656832796e-01
-2.020000000000000000e+04 9.993228268899432276e-01
-2.010000000000000000e+04 1.000646412411162478e+00
-2.000000000000000000e+04 1.001846835754707898e+00
-1.990000000000000000e+04 1.003047372795291325e+00
-1.980000000000000000e+04 1.004093819256321796e+00
-1.970000000000000000e+04 1.005109578921449698e+00
-1.960000000000000000e+04 1.006032996798803536e+00
-1.950000000000000000e+04 1.006925634080304111e+00
-1.940000000000000000e+04 1.007787490765822858e+00
-1.930000000000000000e+04 1.009439285897495431e+00
-1.900000000000000000e+04 1.011265351349695196e+00
-1.890000000000000000e+04 1.012219520453073285e+00
-1.880000000000000000e+04 1.013204469204952440e+00
-1.870000000000000000e+04 1.014097079011370361e+00
-1.860000000000000000e+04 1.014928129520762834e+00
-1.850000000000000000e+04 1.015635580178508857e+00
-1.840000000000000000e+04 1.016281932902447060e+00
-1.830000000000000000e+04 1.016773875842510444e+00
-1.820000000000000000e+04 1.017236072637760724e+00
-1.810000000000000000e+04 1.017543319688499537e+00
-1.800000000000000000e+04 1.017788994213972176e+00
-1.790000000000000000e+04 1.017974208242282685e+00
-1.780000000000000000e+04 1.018035208666759228e+00
-1.770000000000000000e+04 1.018096762279945056e+00
-1.760000000000000000e+04 1.017932067419649478e+00
-1.730000000000000000e+04 1.017634024743037102e+00
-1.720000000000000000e+04 1.017480688148219459e+00
-1.710000000000000000e+04 1.017202646560987134e+00
-1.700000000000000000e+04 1.016864651935748709e+00
-1.690000000000000000e+04 1.016494845360812027e+00
-1.680000000000000000e+04 1.016033235882460417e+00
-1.670000000000000000e+04 1.015478828163454583e+00
-1.660000000000000000e+04 1.014925373134351938e+00
-1.650000000000000000e+04 1.014309453471180733e+00
-1.640000000000000000e+04 1.013601255500523379e+00
-1.630000000000000000e+04 1.012955440669591756e+00
-1.620000000000000000e+04 1.012216512293460990e+00
-1.610000000000000000e+04 1.011477982583008917e+00
-1.600000000000000000e+04 1.009723874779468122e+00
-1.570000000000000000e+04 1.007723789888288923e+00
-1.560000000000000000e+04 1.006554249492285669e+00
-1.550000000000000000e+04 1.005323404517196151e+00
-1.540000000000000000e+04 1.004092559542106633e+00
-1.530000000000000000e+04 1.002861714567081508e+00
-1.520000000000000000e+04 1.001630869591949358e+00
-1.510000000000000000e+04 1.000461566865687990e+00
-1.500000000000000000e+04 9.992922641393199301e-01
-1.490000000000000000e+04 9.982152747861193776e-01
-1.480000000000000000e+04 9.971382854329613465e-01
-1.470000000000000000e+04 9.961536094528855578e-01
-1.460000000000000000e+04 9.952304757215738595e-01
-1.450000000000000000e+04 9.943381131146654672e-01
-1.440000000000000000e+04 9.924200463618314538e-01
-1.410000000000000000e+04 9.903686380700230663e-01
-1.400000000000000000e+04 9.892301064680797396e-01
-1.390000000000000000e+04 9.881527525617971319e-01
-1.380000000000000000e+04 9.870761277616998397e-01
-1.370000000000000000e+04 9.861217958580816845e-01
-1.360000000000000000e+04 9.851990891747156587e-01
-1.350000000000000000e+04 9.844601040096022659e-01
-1.340000000000000000e+04 9.838138905129705236e-01
-1.330000000000000000e+04 9.832599932301371304e-01
-1.320000000000000000e+04 9.827984121611232915e-01
-1.310000000000000000e+04 9.824599193771813566e-01
-1.300000000000000000e+04 9.822137428070166765e-01
-1.290000000000000000e+04 9.820593303791286255e-01
-1.280000000000000000e+04 9.818851357589105655e-01
-1.250000000000000000e+04 9.818439192515905356e-01
-1.240000000000000000e+04 9.819362383062588684e-01
-1.230000000000000000e+04 9.820285573609058849e-01
-1.220000000000000000e+04 9.822434220649266523e-01
-1.210000000000000000e+04 9.825209256523850243e-01
-1.200000000000000000e+04 9.828896753346829662e-01
-1.190000000000000000e+04 9.833512848130352424e-01
-1.180000000000000000e+04 9.838749384539525744e-01
-1.170000000000000000e+04 9.844591475611860210e-01
-1.160000000000000000e+04 9.851054008308789411e-01
-1.150000000000000000e+04 9.857516541006353661e-01
-1.140000000000000000e+04 9.864902292660410188e-01
-1.130000000000000000e+04 9.871980304662163475e-01
-1.120000000000000000e+04 9.889420019284801411e-01
-1.090000000000000000e+04 9.910140021541881117e-01
-1.080000000000000000e+04 9.921834128327577940e-01
-1.070000000000000000e+04 9.934143714417460469e-01
-1.060000000000000000e+04 9.946147218119099076e-01
-1.050000000000000000e+04 9.958762886598077069e-01
-1.040000000000000000e+04 9.971380212340477112e-01
-1.030000000000000000e+04 9.983074839980032866e-01
-1.020000000000000000e+04 9.994460856720966957e-01
-1.010000000000000000e+04 1.000584705339274239e+00
-1.000000000000000000e+04 1.001600196947328492e+00
-9.900000000000000000e+03 1.002646561009381099e+00
-9.800000000000000000e+03 1.003508124076799346e+00
-9.700000000000000000e+03 1.004431314623354554e+00
-9.600000000000000000e+03 1.006308468734613326e+00
-9.300000000000000000e+03 1.008370260955187447e+00
-9.200000000000000000e+03 1.009509155254656898e+00
-9.100000000000000000e+03 1.010585918266864613e+00
-9.000000000000000000e+03 1.011693746922692760e+00
-8.900000000000000000e+03 1.012647710487449615e+00
-8.800000000000000000e+03 1.013570901033973071e+00
-8.700000000000000000e+03 1.014370999507626436e+00
-8.600000000000000000e+03 1.015048005908421036e+00
-8.500000000000000000e+03 1.015633174334516164e+00
-8.400000000000000000e+03 1.016094288527813916e+00
-8.300000000000000000e+03 1.016494337764656697e+00
-8.200000000000000000e+03 1.016864132943525734e+00
-8.100000000000000000e+03 1.017345902530595980e+00
-7.800000000000000000e+03 1.017787351900282911e+00
-7.700000000000000000e+03 1.017941221726425205e+00
-7.600000000000000000e+03 1.018032988675528827e+00
-7.500000000000000000e+03 1.018125865517776507e+00
-7.400000000000000000e+03 1.018125865517765627e+00
-7.300000000000000000e+03 1.017971995691644871e+00
-7.200000000000000000e+03 1.017818674216784958e+00
-7.100000000000000000e+03 1.017541160178480952e+00
-7.000000000000000000e+03 1.017171872595778126e+00
-6.900000000000000000e+03 1.016833877023462618e+00
-6.800000000000000000e+03 1.016372253339076881e+00
-6.700000000000000000e+03 1.015849079830119184e+00
-6.600000000000000000e+03 1.015325906321172145e+00
-6.500000000000000000e+03 1.013982211918216914e+00
-6.200000000000000000e+03 1.012340739828898384e+00
-6.100000000000000000e+03 1.011417843843280151e+00
-6.000000000000000000e+03 1.010433016341989010e+00
-5.900000000000000000e+03 1.009386926012559860e+00
-5.800000000000000000e+03 1.008278706182869078e+00
-5.700000000000000000e+03 1.007232549550663769e+00
-5.600000000000000000e+03 1.006155361319704955e+00
-5.500000000000000000e+03 1.005078173088756799e+00
-5.400000000000000000e+03 1.004062663506825270e+00
-5.300000000000000000e+03 1.002985350240057416e+00
-5.200000000000000000e+03 1.002062109507241283e+00
-5.100000000000000000e+03 1.001046443630548177e+00
-5.000000000000000000e+03 9.989124970504040801e-01
-4.700000000000000000e+03 9.965220067713135288e-01
-4.600000000000000000e+03 9.952293013234857488e-01
-4.500000000000000000e+03 9.938750384733753274e-01
-4.400000000000000000e+03 9.926128843608563734e-01
-4.300000000000000000e+03 9.913511849799971909e-01
-4.200000000000000000e+03 9.901812921296434533e-01
-4.100000000000000000e+03 9.890735610957225310e-01
-4.000000000000000000e+03 9.881498353288814540e-01
-3.900000000000000000e+03 9.872264458739891113e-01
-3.800000000000000000e+03 9.864877343100743046e-01
-3.700000000000000000e+03 9.857798023946555688e-01
-3.600000000000000000e+03 9.851949890732220050e-01
-3.500000000000000000e+03 9.840255263265897945e-01
-3.200000000000000000e+03 9.829172950844901058e-01
-3.100000000000000000e+03 9.823940410600487949e-01
-3.000000000000000000e+03 9.818683229660751799e-01
-2.900000000000000000e+03 9.814495626319682531e-01
-2.800000000000000000e+03 9.811295783317907082e-01
-2.700000000000000000e+03 9.809204006131074793e-01
-2.600000000000000000e+03 9.808281830940832613e-01
-2.500000000000000000e+03 9.808406713305697355e-01
-2.400000000000000000e+03 9.809454339522705180e-01
-2.300000000000000000e+03 9.811333530309743756e-01
-2.200000000000000000e+03 9.814043672960636178e-01
-2.100000000000000000e+03 9.817491851765235422e-01
-2.000000000000000000e+03 9.821648954668946718e-01
-1.900000000000000000e+03 9.832567692058330477e-01
-1.600000000000000000e+03 9.846276474607156270e-01
-1.500000000000000000e+03 9.854402993801895105e-01
-1.400000000000000000e+03 9.863236710664393669e-01
-1.300000000000000000e+03 9.872593823570152693e-01
-1.200000000000000000e+03 9.882320356977999376e-01
-1.100000000000000000e+03 9.892353663452861934e-01
-1.000000000000000000e+03 9.902448931861955739e-01
-9.000000000000000000e+02 9.912666443050094367e-01
-8.000000000000000000e+02 9.922668833047150194e-01
-7.000000000000000000e+02 9.932486283391439574e-01
-6.000000000000000000e+02 9.942118802619270834e-01
-5.000000000000000000e+02 9.951904584603927795e-01
-4.000000000000000000e+02 9.973018640379893718e-01
-1.000000000000000000e+02 9.996781532519751767e-01
0.000000000000000000e+00 1.000983111234214018e+00
1.000000000000000000e+02 1.002313429773905806e+00
2.000000000000000000e+02 1.003630309623966710e+00
3.000000000000000000e+02 1.004896038033597394e+00
4.000000000000000000e+02 1.006081434487511306e+00
5.000000000000000000e+02 1.007174810630534267e+00
6.000000000000000000e+02 1.008162298365385956e+00
7.000000000000000000e+02 1.009066715892134924e+00
8.000000000000000000e+02 1.009891151188476277e+00
9.000000000000000000e+02 1.010650964032229870e+00
1.000000000000000000e+03 1.012128490004532422e+00
1.300000000000000000e+03 1.013647005257604095e+00
1.400000000000000000e+03 1.014425295489365997e+00
1.500000000000000000e+03 1.015178876320152579e+00
1.600000000000000000e+03 1.015880194057080077e+00
1.700000000000000000e+03 1.016498492585982794e+00
1.800000000000000000e+03 1.017021368231289413e+00
1.900000000000000000e+03 1.017436566337706738e+00
2.000000000000000000e+03 1.017756448710255945e+00
2.100000000000000000e+03 1.017987171796411960e+00
2.200000000000000000e+03 1.018131702485031820e+00
2.300000000000000000e+03 1.018193172484444631e+00
2.400000000000000000e+03 1.018190152153715777e+00
2.500000000000000000e+03 1.017984113930151313e+00
2.800000000000000000e+03 1.017605817949133185e+00
2.900000000000000000e+03 1.017332131507627579e+00
3.000000000000000000e+03 1.017009272191426339e+00
3.100000000000000000e+03 1.016621649059550325e+00
3.200000000000000000e+03 1.016151361329026503e+00
3.300000000000000000e+03 1.015659129364716140e+00
3.400000000000000000e+03 1.015043839409317528e+00
3.500000000000000000e+03 1.014490524243169434e+00
3.600000000000000000e+03 1.013813684469607068e+00
3.700000000000000000e+03 1.013137248869331764e+00
3.800000000000000000e+03 1.012429621881058006e+00
3.900000000000000000e+03 1.011691588209956194e+00
4.000000000000000000e+03 1.009927696015588738e+00
4.300000000000000000e+03 1.007938461538462338e+00
4.400000000000000000e+03 1.006738461538464247e+00
4.500000000000000000e+03 1.005569402135443990e+00
4.600000000000000000e+03 1.004307824856155884e+00
4.700000000000000000e+03 1.003077017754390177e+00
4.800000000000000000e+03 1.001846267462612738e+00
4.900000000000000000e+03 1.000707757639167861e+00
5.000000000000000000e+03 9.995384189309756140e-01
5.100000000000000000e+03 9.984921221073398412e-01
5.200000000000000000e+03 9.974151460134722535e-01
5.300000000000000000e+03 9.964917679643123805e-01
5.400000000000000000e+03 9.955071393402212809e-01
5.500000000000000000e+03 9.935168848221239690e-01
5.800000000000000000e+03 9.913522496460812627e-01
5.900000000000000000e+03 9.902132767057673091e-01
6.000000000000000000e+03 9.890437940479391843e-01
6.100000000000000000e+03 9.879050872495639402e-01
6.200000000000000000e+03 9.868894838888405685e-01
6.300000000000000000e+03 9.859657761910497475e-01
6.400000000000000000e+03 9.851655792195028738e-01
6.500000000000000000e+03 9.844880120648860089e-01
6.600000000000000000e+03 9.839032347419334190e-01
6.700000000000000000e+03 9.834107906804931964e-01
6.800000000000000000e+03 9.830414576344210786e-01
6.900000000000000000e+03 9.824354410120151870e-01
7.200000000000000000e+03 9.819323463325999590e-01
7.300000000000000000e+03 9.817476684416226451e-01
7.400000000000000000e+03 9.815937701991467312e-01
7.500000000000000000e+03 9.815322109021543673e-01
7.600000000000000000e+03 9.815629905506558783e-01
7.700000000000000000e+03 9.817471066239700228e-01
7.800000000000000000e+03 9.819625707953707483e-01
7.900000000000000000e+03 9.822703767544923581e-01
8.000000000000000000e+03 9.826402782480292419e-01
8.100000000000000000e+03 9.831014528441262001e-01
8.200000000000000000e+03 9.835939423787204428e-01
8.300000000000000000e+03 9.841479931051497765e-01
8.400000000000000000e+03 9.855334167812369595e-01
8.700000000000000000e+03 9.872568332922934120e-01
8.800000000000000000e+03 9.881806149773723069e-01
8.900000000000000000e+03 9.892274546014157011e-01
9.000000000000000000e+03 9.903351903721299143e-01
9.100000000000000000e+03 9.913819636811304070e-01
9.200000000000000000e+03 9.924899969221318008e-01
9.300000000000000000e+03 9.935366716936954168e-01
9.400000000000000000e+03 9.946445060018463957e-01
9.500000000000000000e+03 9.955681398498141821e-01
9.600000000000000000e+03 9.966144470776510111e-01
9.700000000000000000e+03 9.975379312467234083e-01
9.800000000000000000e+03 9.996614655464327592e-01
1.010000000000000000e+04 1.001969594386644236e+00
1.020000000000000000e+04 1.003200492383445885e+00
1.030000000000000000e+04 1.004492860659778941e+00
1.040000000000000000e+04 1.005754554406699475e+00
1.050000000000000000e+04 1.006985475135375729e+00
1.060000000000000000e+04 1.008062034586749478e+00
1.070000000000000000e+04 1.009139305166645739e+00
1.080000000000000000e+04 1.010031077879313344e+00
1.090000000000000000e+04 1.010861872673010087e+00
1.100000000000000000e+04 1.011600000000000499e+00
1.110000000000000000e+04 1.012307692307683249e+00
1.120000000000000000e+04 1.013588907349290524e+00
1.150000000000000000e+04 1.014890933144629637e+00
1.160000000000000000e+04 1.015567314792029219e+00
1.170000000000000000e+04 1.016213389121344068e+00
1.180000000000000000e+04 1.016766651284408907e+00
1.190000000000000000e+04 1.017227588752849909e+00
1.200000000000000000e+04 1.017626972652051709e+00
1.210000000000000000e+04 1.017903836096830217e+00
1.220000000000000000e+04 1.018118616955830724e+00
1.230000000000000000e+04 1.018179581039090342e+00
1.240000000000000000e+04 1.018210341751513592e+00
1.250000000000000000e+04 1.018148262073196531e+00
1.260000000000000000e+04 1.017798556430454360e+00
1.290000000000000000e+04 1.017223879678902154e+00
1.300000000000000000e+04 1.016885034139130450e+00
1.310000000000000000e+04 1.016392434261103483e+00
1.320000000000000000e+04 1.015899864681998999e+00
1.330000000000000000e+04 1.015377045147020096e+00
1.340000000000000000e+04 1.014730756219816010e+00
1.350000000000000000e+04 1.014053754843478483e+00
1.360000000000000000e+04 1.013346454271475849e+00
1.370000000000000000e+04 1.012608013776560956e+00
1.380000000000000000e+04 1.011808118081174657e+00
1.390000000000000000e+04 1.011039360393618525e+00
1.400000000000000000e+04 1.010208788167648919e+00
1.410000000000000000e+04 1.008312407113205245e+00
1.440000000000000000e+04 1.006118746733060787e+00
1.450000000000000000e+04 1.004888847892269288e+00
1.460000000000000000e+04 1.003597343500189698e+00
1.470000000000000000e+04 1.002275242897549878e+00
1.480000000000000000e+04 1.001045381871852991e+00
1.490000000000000000e+04 9.997540277948607779e-01
1.500000000000000000e+04 9.985549577248197251e-01
1.510000000000000000e+04 9.974787848973108995e-01
1.520000000000000000e+04 9.963412759415891662e-01
1.530000000000000000e+04 9.953266717909364791e-01
1.540000000000000000e+04 9.943735588008972837e-01
1.550000000000000000e+04 9.923237747760756955e-01
1.580000000000000000e+04 9.901614142966892462e-01
1.590000000000000000e+04 9.889927438199391796e-01
1.600000000000000000e+04 9.878551223711854457e-01
1.610000000000000000e+04 9.867482474480371302e-01
1.620000000000000000e+04 9.857946683885135952e-01
1.630000000000000000e+04 9.848414967868887038e-01
1.640000000000000000e+04 9.840728100113750321e-01
1.650000000000000000e+04 9.833958551134750481e-01
1.660000000000000000e+04 9.828731320336899779e-01
1.670000000000000000e+04 9.823811573703881139e-01
1.680000000000000000e+04 9.820423726207679893e-01
1.690000000000000000e+04 9.815188757572388401e-01
1.720000000000000000e+04 9.811489021465035210e-01
1.730000000000000000e+04 9.809643889538005590e-01
1.740000000000000000e+04 9.809632181080198965e-01
1.750000000000000000e+04 9.808715441153820214e-01
1.760000000000000000e+04 9.810548977394893955e-01
1.770000000000000000e+04 9.812080949744824698e-01
1.780000000000000000e+04 9.814848988128330731e-01
1.790000000000000000e+04 9.818534124811516550e-01
1.800000000000000000e+04 9.823142224409484591e-01
1.810000000000000000e+04 9.828360504460226243e-01
1.820000000000000000e+04 9.833897262380726367e-01
1.830000000000000000e+04 9.848037406176882724e-01
1.860000000000000000e+04 9.865255645111935534e-01
1.870000000000000000e+04 9.875096139055524747e-01
1.880000000000000000e+04 9.885552547378823052e-01
1.890000000000000000e+04 9.896932590837580479e-01
1.900000000000000000e+04 9.907697987816042051e-01
1.910000000000000000e+04 9.919079412941245177e-01
1.920000000000000000e+04 9.930153846153676467e-01
1.930000000000000000e+04 9.940921259116015651e-01
1.940000000000000000e+04 9.951073912240457897e-01
1.950000000000000000e+04 9.961534910915027519e-01
1.960000000000000000e+04 9.971688823239738264e-01
1.970000000000000000e+04 9.993434685377852178e-01
2.000000000000000000e+04 1.001723501169508257e+00
2.010000000000000000e+04 1.003046997630089532e+00
2.020000000000000000e+04 1.004308885537571916e+00
2.030000000000000000e+04 1.005663455323306366e+00
2.040000000000000000e+04 1.006863861614718303e+00
2.050000000000000000e+04 1.008033982823899111e+00
2.060000000000000000e+04 1.009018992212264321e+00
2.070000000000000000e+04 1.009973527057814513e+00
2.080000000000000000e+04 1.010773871821675662e+00
2.090000000000000000e+04 1.011605713582114818e+00
2.100000000000000000e+04 1.013052981559578569e+00
2.130000000000000000e+04 1.014531124930773132e+00
2.140000000000000000e+04 1.015301253040174156e+00
2.150000000000000000e+04 1.016009359317788352e+00
2.160000000000000000e+04 1.016687192118244987e+00
2.170000000000000000e+04 1.017303488407844680e+00
2.180000000000000000e+04 1.017765325287158351e+00
2.190000000000000000e+04 1.018166143235387011e+00
2.200000000000000000e+04 1.018412463821672276e+00
2.210000000000000000e+04 1.018659358930942282e+00
2.220000000000000000e+04 1.018720940973586231e+00
2.230000000000000000e+04 1.018783101367191080e+00
2.240000000000000000e+04 1.018660316547936429e+00
2.270000000000000000e+04 1.018321785989236616e+00
2.280000000000000000e+04 1.018137586992654109e+00
2.290000000000000000e+04 1.017798854468223713e+00
2.300000000000000000e+04 1.017491454439053644e+00
2.310000000000000000e+04 1.017060327040921530e+00
2.320000000000000000e+04 1.016567610014514234e+00
2.330000000000000000e+04 1.016044592264078616e+00
2.340000000000000000e+04 1.015490268539058549e+00
2.350000000000000000e+04 1.014843557526492468e+00
2.360000000000000000e+04 1.014197283730061239e+00
2.370000000000000000e+04 1.013519756090071278e+00
2.380000000000000000e+04 1.011877508700251838e+00
2.410000000000000000e+04 1.009947643979078657e+00
2.420000000000000000e+04 1.008838928241416966e+00
2.430000000000000000e+04 1.007699651975695554e+00
2.440000000000000000e+04 1.006560103483374657e+00
2.450000000000000000e+04 1.005358957775108752e+00
2.460000000000000000e+04 1.004219409282702147e+00
2.470000000000000000e+04 1.003110755205111948e+00
2.480000000000000000e+04 1.002032770728100042e+00
2.490000000000000000e+04 1.000985555452887699e+00
2.500000000000000000e+04 9.999692004435298820e-01
2.510000000000000000e+04 9.978234756629588142e-01
2.540000000000000000e+04 9.954416656400205676e-01
2.550000000000000000e+04 9.941787045307407533e-01
2.560000000000000000e+04 9.928853024516708370e-01
2.570000000000000000e+04 9.916533201922227425e-01
2.580000000000000000e+04 9.904213379326893829e-01
2.590000000000000000e+04 9.893433534557198872e-01
2.600000000000000000e+04 9.883269680916488831e-01
2.610000000000000000e+04 9.874645805100561446e-01
2.620000000000000000e+04 9.866026055622281188e-01
2.630000000000000000e+04 9.859554022422053476e-01
2.640000000000000000e+04 9.853090640303023839e-01
2.650000000000000000e+04 9.841392054203880191e-01
2.680000000000000000e+04 9.830002155769914651e-01
2.690000000000000000e+04 9.824772111357397142e-01
2.700000000000000000e+04 9.819844789356932946e-01
2.710000000000000000e+04 9.815841340231502565e-01
2.720000000000000000e+04 9.812157418242442031e-01
2.730000000000000000e+04 9.810617724948874629e-01
2.740000000000000000e+04 9.809693908973504684e-01
2.750000000000000000e+04 9.809397709077372074e-01
2.760000000000000000e+04 9.810629387855752670e-01
2.770000000000000000e+04 9.812180552989449023e-01
2.780000000000000000e+04 9.815259560317993737e-01
2.790000000000000000e+04 9.823173234811236609e-01
2.820000000000000000e+04 9.833759197118411288e-01
2.830000000000000000e+04 9.840531970569419418e-01
2.840000000000000000e+04 9.847621979374987511e-01
2.850000000000000000e+04 9.855322292680033236e-01
2.860000000000000000e+04 9.863637762797010655e-01
2.870000000000000000e+04 9.871956662255247927e-01
2.880000000000000000e+04 9.880578639581478750e-01
2.890000000000000000e+04 9.889203496245035918e-01
2.900000000000000000e+04 9.898744306290684358e-01
2.910000000000000000e+04 9.907062625019038560e-01
2.920000000000000000e+04 9.927481229229087045e-01
2.950000000000000000e+04 9.950153846154033976e-01
2.960000000000000000e+04 9.962772667138372062e-01
2.970000000000000000e+04 9.976002215179959887e-01
2.980000000000000000e+04 9.988617486002597801e-01
2.990000000000000000e+04 1.000123050419930104e+00
3.000000000000000000e+04 1.001353512981433491e+00
3.010000000000000000e+04 1.002460781298047499e+00
3.020000000000000000e+04 1.003475639763785621e+00
3.030000000000000000e+04 1.004459617395583537e+00
3.040000000000000000e+04 1.005382131323988348e+00
3.050000000000000000e+04 1.007247119603097651e+00
3.080000000000000000e+04 1.009101531271170860e+00
3.090000000000000000e+04 1.010455104551047478e+00
3.100000000000000000e+04 1.011066707654449726e+00
3.110000000000000000e+04 1.012296341838315294e+00
3.120000000000000000e+04 1.013222632226318476e+00
3.130000000000000000e+04 1.014140793114028494e+00
3.140000000000000000e+04 1.014448201660037574e+00
3.150000000000000000e+04 1.015058389674210693e+00
3.160000000000000000e+04 1.015985244389784325e+00
3.170000000000000000e+04 1.015980331899191125e+00
3.180000000000000000e+04 1.016287645974228049e+00
3.190000000000000000e+04 1.017107150174138663e+00
3.220000000000000000e+04 1.017516902274159252e+00
3.230000000000000000e+04 1.017824216349109356e+00
3.240000000000000000e+04 1.017511520737276021e+00
3.250000000000000000e+04 1.018131530424146280e+00
3.260000000000000000e+04 1.017511520737318875e+00
3.270000000000000000e+04 1.017818740399386579e+00
3.280000000000000000e+04 1.017511520737318875e+00
3.290000000000000000e+04 1.017204301075251616e+00
3.300000000000000000e+04 1.016897081413227655e+00
3.310000000000000000e+04 1.016277641277640864e+00
3.320000000000000000e+04 1.015666598402616971e+00
3.350000000000000000e+04 1.014434889434921105e+00
3.360000000000000000e+04 1.013824884792597691e+00
3.370000000000000000e+04 1.012592137592158936e+00
3.380000000000000000e+04 1.011977886977890595e+00
3.390000000000000000e+04 1.011056511056487750e+00
3.400000000000000000e+04 1.010135135135128426e+00
3.410000000000000000e+04 1.009213759213768657e+00
3.420000000000000000e+04 1.008599508599499872e+00
3.430000000000000000e+04 1.007371007371006266e+00
3.440000000000000000e+04 1.006756756756780558e+00
3.450000000000000000e+04 1.004504043402601798e+00
3.480000000000000000e+04 1.002457002456945245e+00
3.490000000000000000e+04 1.001228501228536683e+00
3.500000000000000000e+04 9.996929689898591542e-01
3.510000000000000000e+04 9.984643734644145230e-01
3.520000000000000000e+04 9.972358722358354299e-01
3.530000000000000000e+04 9.960085968682967916e-01
3.540000000000000000e+04 9.947788697788474410e-01
3.550000000000000000e+04 9.935523487872550685e-01
3.560000000000000000e+04 9.929361179360854939e-01
3.570000000000000000e+04 9.920147420147681361e-01
3.580000000000000000e+04 9.907890696960300891e-01
3.590000000000000000e+04 9.892517146074352175e-01
3.620000000000000000e+04 9.877149877149753454e-01
3.630000000000000000e+04 9.861836045440875997e-01
3.640000000000000000e+04 9.855651105650794497e-01
3.650000000000000000e+04 9.849508599508532969e-01
3.660000000000000000e+04 9.837273564630033551e-01
3.670000000000000000e+04 9.834152334152678199e-01
3.680000000000000000e+04 9.828009828009575122e-01
3.690000000000000000e+04 9.818851704022010241e-01
3.700000000000000000e+04 9.821867321867737699e-01
3.710000000000000000e+04 9.818796068795552223e-01
3.720000000000000000e+04 9.814720032756748536e-01
3.750000000000000000e+04 9.818796068795978549e-01
3.760000000000000000e+04 9.815724815725055397e-01
3.770000000000000000e+04 9.818796068795970777e-01
3.780000000000000000e+04 9.818796068795978549e-01
3.790000000000000000e+04 9.821867321867312484e-01
3.800000000000000000e+04 9.824938574938653080e-01
3.810000000000000000e+04 9.828062634325815949e-01
3.820000000000000000e+04 9.834152334152678199e-01
3.830000000000000000e+04 9.840294840294934176e-01
3.840000000000000000e+04 9.846437346437197924e-01
3.850000000000000000e+04 9.861779461451972706e-01
3.880000000000000000e+04 9.877149877149757895e-01
3.890000000000000000e+04 9.889434889434269849e-01
3.900000000000000000e+04 9.898648648649137627e-01
3.910000000000000000e+04 9.910933660933659572e-01
3.920000000000000000e+04 9.923195084484905948e-01
3.930000000000000000e+04 9.932432432432196645e-01
3.940000000000000000e+04 9.941646191647066644e-01
3.950000000000000000e+04 9.950859950859392011e-01
3.960000000000000000e+04 9.966205837173461868e-01
3.970000000000000000e+04 9.972358722359631056e-01
3.980000000000000000e+04 9.993856235920363096e-01
4.010000000000000000e+04 1.001535626535670742e+00
4.020000000000000000e+04 1.002764976958434362e+00
4.030000000000000000e+04 1.003992628992658398e+00
4.040000000000000000e+04 1.005529953917124963e+00
4.050000000000000000e+04 1.006142506142426729e+00
4.060000000000000000e+04 1.007680491551424140e+00
4.070000000000000000e+04 1.008602150537625697e+00
4.080000000000000000e+04 1.009216589861846369e+00
4.090000000000000000e+04 1.009828009827951290e+00
4.100000000000000000e+04 1.011059907834078286e+00
4.110000000000000000e+04 1.012186379928324831e+00
4.140000000000000000e+04 1.013517665130615919e+00
4.150000000000000000e+04 1.014132104454664951e+00
4.160000000000000000e+04 1.014746543778800580e+00
4.170000000000000000e+04 1.015980331899233757e+00
4.180000000000000000e+04 1.015668202764915540e+00
4.190000000000000000e+04 1.016589861751202362e+00
4.200000000000000000e+04 1.016902274124128924e+00
4.210000000000000000e+04 1.016897081413271176e+00
4.220000000000000000e+04 1.017209588199122328e+00
4.230000000000000000e+04 1.016897081413184356e+00
4.240000000000000000e+04 1.017209588199122328e+00
4.270000000000000000e+04 1.016282642089050059e+00
4.280000000000000000e+04 1.016902274124301009e+00
4.290000000000000000e+04 1.016287645974142118e+00
4.300000000000000000e+04 1.016292652935708141e+00
4.310000000000000000e+04 1.015673017824240354e+00
4.320000000000000000e+04 1.015058389674253325e+00
4.330000000000000000e+04 1.014751075599259922e+00
4.340000000000000000e+04 1.014140793114028494e+00
4.350000000000000000e+04 1.013521819299286086e+00
4.360000000000000000e+04 1.013218567476214638e+00
4.370000000000000000e+04 1.011475409836054329e+00
4.400000000000000000e+04 1.009529664924702974e+00
4.410000000000000000e+04 1.008914847832770079e+00
4.420000000000000000e+04 1.007685213648990441e+00
4.430000000000000000e+04 1.006765067650614576e+00
4.440000000000000000e+04 1.005225945281258415e+00
4.450000000000000000e+04 1.004303719643444559e+00
4.460000000000000000e+04 1.003382533825350142e+00
4.470000000000000000e+04 1.002151859821679647e+00
4.480000000000000000e+04 1.001230012300158290e+00
4.490000000000000000e+04 1.000307503075039683e+00
4.500000000000000000e+04 9.980526801270891424e-01
4.530000000000000000e+04 9.956949569495310293e-01
4.540000000000000000e+04 9.944649446494580047e-01
4.550000000000000000e+04 9.935404490926571519e-01
4.560000000000000000e+04 9.920049200491412034e-01
4.570000000000000000e+04 9.904674046741139826e-01
4.580000000000000000e+04 9.898492771453732963e-01
4.590000000000000000e+04 9.886223862238764371e-01
4.600000000000000000e+04 9.876960935096769090e-01
4.610000000000000000e+04 9.870808981852290387e-01
4.620000000000000000e+04 9.864657028606959033e-01
4.630000000000000000e+04 9.847242157063645918e-01
4.660000000000000000e+04 9.833897262380295601e-01
4.670000000000000000e+04 9.830769230769483835e-01
4.680000000000000000e+04 9.818517379268671963e-01
4.690000000000000000e+04 9.815441402644313751e-01
4.700000000000000000e+04 9.809289449400674377e-01
4.710000000000000000e+04 9.809230769230402602e-01
4.720000000000000000e+04 9.806213472778009255e-01
4.730000000000000000e+04 9.803076923077232996e-01
4.740000000000000000e+04 9.803137496154504804e-01
4.750000000000000000e+04 9.803076923077232996e-01
4.760000000000000000e+04 9.807199261614059083e-01
4.790000000000000000e+04 9.815384615385279732e-01
4.800000000000000000e+04 9.818461538461437099e-01
4.810000000000000000e+04 9.824615384614622249e-01
4.820000000000000000e+04 9.827692307692472706e-01
4.830000000000000000e+04 9.833897262381150473e-01
4.840000000000000000e+04 9.840000000000518332e-01
4.850000000000000000e+04 9.849230769229858629e-01
4.860000000000000000e+04 9.855384615384723546e-01
4.870000000000000000e+04 9.864615384615758042e-01
4.880000000000000000e+04 9.876885195444635723e-01
4.890000000000000000e+04 9.894358974359064307e-01
4.920000000000000000e+04 9.919999999999412621e-01
4.930000000000000000e+04 9.932307692308305347e-01
4.940000000000000000e+04 9.947692307692509450e-01
4.950000000000000000e+04 9.966143428746334632e-01
4.960000000000000000e+04 9.978461538461772529e-01
4.970000000000000000e+04 9.987692307692807026e-01
4.980000000000000000e+04 9.996923076922135110e-01
4.990000000000000000e+04 1.000000000000085265e+00
5.000000000000000000e+04 1.000000000000000000e+00
